216 513
216 514
216 515
216 516
216 517
216 518
216 519
216 520
216 521
216 522
216 523
216 524
216 525
216 526
216 527
216 528
216 529
216 530
216 531
216 532
216 533
216 534
216 535
216 536
216 537
216 538
216 539
216 540
216 541
216 542
216 543
216 544
216 545
216 546
216 547
216 548
216 549
216 550
216 551
216 552
216 553
216 554
216 555
216 556
216 557
216 558
216 559
216 560
216 561
216 562
216 563
216 564
216 565
216 566
216 567
216 568
216 569
216 570
216 571
216 572
216 573
216 574
216 575
216 576
216 577
216 578
216 579
216 580
216 581
216 582
216 583
216 584
216 585
216 586
216 587
216 588
216 589
216 590
216 591
216 592
216 593
216 594
216 595
216 596
216 597
216 598
216 599
216 600
216 601
216 602
216 603
216 604
216 605
216 606
216 607
216 608
216 609
216 610
216 611
216 612
216 613
216 614
216 615
216 616
216 617
216 618
216 619
216 620
216 621
216 622
216 623
216 624
216 625
216 626
216 627
216 628
216 629
216 630
216 631
216 632
216 633
216 634
216 635
216 636
216 637
216 638
216 639
216 640
216 641
216 642
216 643
216 644
216 645
216 646
216 647
216 648
216 649
216 650
216 651
216 652
216 653
216 654
216 655
216 656
216 657
216 658
216 659
216 660
216 661
216 662
216 663
216 664
216 665
216 666
216 667
216 668
216 669
216 670
216 671
216 672
216 673
216 674
216 675
216 676
216 677
216 678
216 679
216 680
216 681
216 682
216 683
216 684
216 685
216 686
216 687
216 688
216 689
216 690
216 691
216 692
216 693
216 694
216 695
216 696
216 697
216 698
216 699
216 700
216 701
216 702
216 703
216 704
216 705
216 706
216 707
216 708
216 709
216 710
216 711
216 712
216 713
216 714
216 715
216 716
216 717
216 718
216 719
216 720
216 721
216 722
216 723
216 724
216 725
216 726
216 727
216 728
216 729
216 730
216 731
216 732
216 733
216 734
216 735
216 736
216 737
216 738
216 739
216 740
216 741
216 742
216 743
216 744
216 745
216 746
216 747
216 748
216 749
216 750
216 751
216 752
216 753
216 754
216 755
216 756
216 757
216 758
216 759
216 760
216 761
216 762
216 763
216 764
216 765
216 766
216 767
216 768
216 769
216 770
216 771
216 772
216 773
216 774
216 775
216 776
216 777
216 778
216 779
216 780
216 781
216 782
216 783
216 784
216 785
216 786
216 787
216 788
216 789
216 790
216 791
216 792
216 793
216 794
216 795
216 796
216 797
216 798
216 799
216 800
216 801
216 802
216 803
216 804
216 805
216 806
216 807
216 808
216 809
216 810
216 811
216 812
216 813
216 814
216 815
216 816
216 817
216 818
216 819
216 820
216 821
216 822
216 823
216 824
216 825
216 826
216 827
216 828
216 829
216 830
216 831
216 832
216 833
216 834
216 835
216 836
216 837
216 838
216 839
216 840
216 841
216 842
216 843
216 844
216 845
216 846
216 847
216 848
216 849
216 850
216 851
216 852
216 853
216 854
216 855
216 856
216 857
216 858
216 859
216 860
216 861
216 862
216 863
216 864
216 865
216 866
216 867
216 868
216 869
216 870
216 871
216 872
216 873
216 874
216 875
216 876
216 877
216 878
216 879
216 880
216 881
216 882
216 883
216 884
216 885
216 886
216 887
216 888
216 889
216 890
216 891
216 892
216 893
216 894
216 895
216 896
216 897
216 898
216 899
216 900
216 901
216 902
216 903
216 904
216 905
216 906
216 907
216 908
216 909
216 910
216 911
216 912
216 913
216 914
216 915
216 916
216 917
216 918
216 919
216 920
216 921
216 922
216 923
216 924
216 925
216 926
216 927
216 928
216 929
216 930
216 931
216 932
216 933
216 934
216 935
216 936
216 937
216 938
216 939
216 940
216 941
216 942
216 943
216 944
216 945
216 946
216 947
216 948
216 949
216 950
216 951
216 952
216 953
216 954
216 955
216 956
216 957
216 958
216 959
216 960
216 961
216 962
216 963
216 964
216 965
216 966
216 967
216 968
216 969
216 970
216 971
216 972
216 973
216 974
216 975
216 976
216 977
216 978
216 979
216 980
216 981
216 982
216 983
216 984
216 985
216 986
216 987
216 988
216 989
216 990
216 991
216 992
216 993
216 994
216 995
216 996
216 997
216 998
216 999
216 1000
216 1001
216 1002
216 1003
216 1004
216 1005
216 1006
216 1007
216 1008
216 1009
216 1010
216 1011
216 1012
216 1013
216 1014
216 1015
216 1016
216 1017
216 1018
216 1019
216 1020
216 1021
216 1022
216 1023
216 1024
217 513
217 514
217 515
217 516
217 517
217 518
217 519
217 520
217 521
217 522
217 523
217 524
217 525
217 526
217 527
217 528
217 529
217 530
217 531
217 532
217 533
217 534
217 535
217 536
217 537
217 538
217 539
217 540
217 541
217 542
217 543
217 544
217 545
217 546
217 547
217 548
217 549
217 550
217 551
217 552
217 553
217 554
217 555
217 556
217 557
217 558
217 559
217 560
217 561
217 562
217 563
217 564
217 565
217 566
217 567
217 568
217 569
217 570
217 571
217 572
217 573
217 574
217 575
217 576
217 577
217 578
217 579
217 580
217 581
217 582
217 583
217 584
217 585
217 586
217 587
217 588
217 589
217 590
217 591
217 592
217 593
217 594
217 595
217 596
217 597
217 598
217 599
217 600
217 601
217 602
217 603
217 604
217 605
217 606
217 607
217 608
217 609
217 610
217 611
217 612
217 613
217 614
217 615
217 616
217 617
217 618
217 619
217 620
217 621
217 622
217 623
217 624
217 625
217 626
217 627
217 628
217 629
217 630
217 631
217 632
217 633
217 634
217 635
217 636
217 637
217 638
217 639
217 640
217 641
217 642
217 643
217 644
217 645
217 646
217 647
217 648
217 649
217 650
217 651
217 652
217 653
217 654
217 655
217 656
217 657
217 658
217 659
217 660
217 661
217 662
217 663
217 664
217 665
217 666
217 667
217 668
217 669
217 670
217 671
217 672
217 673
217 674
217 675
217 676
217 677
217 678
217 679
217 680
217 681
217 682
217 683
217 684
217 685
217 686
217 687
217 688
217 689
217 690
217 691
217 692
217 693
217 694
217 695
217 696
217 697
217 698
217 699
217 700
217 701
217 702
217 703
217 704
217 705
217 706
217 707
217 708
217 709
217 710
217 711
217 712
217 713
217 714
217 715
217 716
217 717
217 718
217 719
217 720
217 721
217 722
217 723
217 724
217 725
217 726
217 727
217 728
217 729
217 730
217 731
217 732
217 733
217 734
217 735
217 736
217 737
217 738
217 739
217 740
217 741
217 742
217 743
217 744
217 745
217 746
217 747
217 748
217 749
217 750
217 751
217 752
217 753
217 754
217 755
217 756
217 757
217 758
217 759
217 760
217 761
217 762
217 763
217 764
217 765
217 766
217 767
217 768
217 769
217 770
217 771
217 772
217 773
217 774
217 775
217 776
217 777
217 778
217 779
217 780
217 781
217 782
217 783
217 784
217 785
217 786
217 787
217 788
217 789
217 790
217 791
217 792
217 793
217 794
217 795
217 796
217 797
217 798
217 799
217 800
217 801
217 802
217 803
217 804
217 805
217 806
217 807
217 808
217 809
217 810
217 811
217 812
217 813
217 814
217 815
217 816
217 817
217 818
217 819
217 820
217 821
217 822
217 823
217 824
217 825
217 826
217 827
217 828
217 829
217 830
217 831
217 832
217 833
217 834
217 835
217 836
217 837
217 838
217 839
217 840
217 841
217 842
217 843
217 844
217 845
217 846
217 847
217 848
217 849
217 850
217 851
217 852
217 853
217 854
217 855
217 856
217 857
217 858
217 859
217 860
217 861
217 862
217 863
217 864
217 865
217 866
217 867
217 868
217 869
217 870
217 871
217 872
217 873
217 874
217 875
217 876
217 877
217 878
217 879
217 880
217 881
217 882
217 883
217 884
217 885
217 886
217 887
217 888
217 889
217 890
217 891
217 892
217 893
217 894
217 895
217 896
217 897
217 898
217 899
217 900
217 901
217 902
217 903
217 904
217 905
217 906
217 907
217 908
217 909
217 910
217 911
217 912
217 913
217 914
217 915
217 916
217 917
217 918
217 919
217 920
217 921
217 922
217 923
217 924
217 925
217 926
217 927
217 928
217 929
217 930
217 931
217 932
217 933
217 934
217 935
217 936
217 937
217 938
217 939
217 940
217 941
217 942
217 943
217 944
217 945
217 946
217 947
217 948
217 949
217 950
217 951
217 952
217 953
217 954
217 955
217 956
217 957
217 958
217 959
217 960
217 961
217 962
217 963
217 964
217 965
217 966
217 967
217 968
217 969
217 970
217 971
217 972
217 973
217 974
217 975
217 976
217 977
217 978
217 979
217 980
217 981
217 982
217 983
217 984
217 985
217 986
217 987
217 988
217 989
217 990
217 991
217 992
217 993
217 994
217 995
217 996
217 997
217 998
217 999
217 1000
217 1001
217 1002
217 1003
217 1004
217 1005
217 1006
217 1007
217 1008
217 1009
217 1010
217 1011
217 1012
217 1013
217 1014
217 1015
217 1016
217 1017
217 1018
217 1019
217 1020
217 1021
217 1022
217 1023
217 1024
222 517
222 518
226 362
226 363
226 364
226 365
226 366
226 367
226 368
226 369
226 370
226 371
226 372
226 373
226 374
226 375
226 376
226 377
226 378
226 379
226 380
226 381
226 382
226 383
226 384
226 385
226 386
226 387
226 388
226 389
226 390
226 391
226 392
226 393
226 394
226 395
226 396
226 397
226 398
226 399
226 400
226 401
226 402
226 403
226 404
226 405
226 406
226 407
226 408
226 409
226 410
226 411
226 412
226 413
226 414
226 415
226 416
226 417
226 418
226 419
226 420
226 421
226 422
226 423
226 424
226 425
226 426
226 427
226 428
226 429
226 430
226 431
226 432
226 433
226 434
226 435
226 436
226 437
226 438
226 439
226 440
226 441
226 442
226 443
226 444
226 445
226 446
226 447
226 448
226 449
226 450
226 451
226 452
226 453
226 454
226 455
226 456
226 457
226 458
226 459
226 460
226 461
226 462
226 463
226 464
226 465
226 466
226 467
226 468
226 469
226 470
226 471
226 472
226 473
226 474
226 475
226 476
226 477
226 478
226 479
226 480
226 481
226 482
226 483
226 484
226 485
226 486
226 487
226 488
226 489
226 490
226 491
226 492
226 493
226 494
226 495
226 496
226 497
226 498
226 499
226 500
226 501
226 502
226 503
226 504
226 505
226 506
226 507
226 508
226 509
226 510
226 511
226 512
229 529
659 852
