# nm  Flux(W/m2/m) for star HR 1030 from file: table5.dat
 320.0 0.0001990
 322.5 0.0002160
 325.0 0.0002400
 327.5 0.0002630
 330.0 0.0002760
 332.5 0.0002750
 335.0 0.0002700
 337.5 0.0002710
 340.0 0.0002830
 342.5 0.0002990
 345.0 0.0003140
 347.5 0.0003270
 350.0 0.0003370
 352.5 0.0003400
 355.0 0.0003360
 357.5 0.0003350
 360.0 0.0003520
 362.5 0.0003900
 365.0 0.0004370
 367.5 0.0004730
 370.0 0.0004890
 372.5 0.0004870
 375.0 0.0004750
 377.5 0.0004530
 380.0 0.0004150
 382.5 0.0003740
 385.0 0.0003580
 387.5 0.0003730
 390.0 0.0003990
 392.5 0.0004180
 395.0 0.0004540
 397.5 0.0005300
 400.0 0.0006330
 402.5 0.0007210
 405.0 0.0007710
 407.5 0.0007910
 410.0 0.0007970
 412.5 0.0007920
 415.0 0.0007810
 417.5 0.0007780
 420.0 0.0007920
 422.5 0.0008190
 425.0 0.0008360
 427.5 0.0008390
 430.0 0.0008470
 432.5 0.0008810
 435.0 0.0009300
 437.5 0.0009740
 440.0 0.0010030
 442.5 0.0010300
 445.0 0.0010670
 447.5 0.0011080
 450.0 0.0011400
 452.5 0.0011560
 455.0 0.0011650
 457.5 0.0011770
 460.0 0.0011920
 462.5 0.0012040
 465.0 0.0012060
 467.5 0.0012070
 470.0 0.0012150
 472.5 0.0012310
 475.0 0.0012530
 477.5 0.0012740
 480.0 0.0012850
 482.5 0.0012780
 485.0 0.0012570
 487.5 0.0012420
 490.0 0.0012430
 492.5 0.0012550
 495.0 0.0012650
 497.5 0.0012600
 500.0 0.0012510
 502.5 0.0012510
 505.0 0.0012610
 507.5 0.0012720
 510.0 0.0012690
 512.5 0.0012500
 515.0 0.0012370
 517.5 0.0012310
 520.0 0.0012310
 522.5 0.0012370
 525.0 0.0012490
 527.5 0.0012680
 530.0 0.0012920
 532.5 0.0013130
 535.0 0.0013220
 537.5 0.0013190
 540.0 0.0013150
 542.5 0.0013090
 545.0 0.0013070
 547.5 0.0013150
 550.0 0.0013240
 552.5 0.0013270
 555.0 0.0013170
 557.5 0.0013220
 560.0 0.0013180
 562.5 0.0013070
 565.0 0.0013010
 567.5 0.0013000
 570.0 0.0012980
 572.5 0.0013060
 575.0 0.0013160
 577.5 0.0013180
 580.0 0.0013170
 582.5 0.0013190
 585.0 0.0013130
 587.5 0.0013060
 590.0 0.0013030
 592.5 0.0013070
 595.0 0.0013100
 597.5 0.0013060
 600.0 0.0013040
 602.5 0.0013040
 605.0 0.0013030
 607.5 0.0012980
 610.0 0.0012880
 612.5 0.0012720
 615.0 0.0012600
 617.5 0.0012540
 620.0 0.0012540
 622.5 0.0012530
 625.0 0.0012520
 627.5 0.0012520
 630.0 0.0012510
 632.5 0.0012490
 635.0 0.0012450
 637.5 0.0012450
 640.0 0.0012450
 642.5 0.0012470
 645.0 0.0012410
 647.5 0.0012310
 650.0 0.0012080
 652.5 0.0011910
 655.0 0.0011810
 657.5 0.0011840
 660.0 0.0011920
 662.5 0.0012060
 665.0 0.0012170
 667.5 0.0012190
 670.0 0.0012170
 672.5 0.0012100
 675.0 0.0012070
 677.5 0.0012010
 680.0 0.0011950
 682.5 0.0011970
 685.0 0.0011930
 687.5 0.0011890
 690.0 0.0011770
 692.5 0.0011660
 695.0 0.0011560
 697.5 0.0011410
 700.0 0.0011290
 702.5 0.0011300
 705.0 0.0011240
 707.5 0.0011100
 710.0 0.0011020
 712.5 0.0010930
 715.0 0.0010820
 717.5 0.0010720
 720.0 0.0010650
 722.5 0.0010630
 725.0 0.0010560
 727.5 0.0010470
 730.0 0.0010380
 732.5 0.0010370
 735.0 0.0010330
 737.5 0.0010340
 740.0 0.0010200
 742.5 0.0010290
 745.0 0.0010240
 747.5 0.0010330
 750.0 0.0010360
 752.5 0.0010330
 755.0 0.0010290
 757.5 0.0010310
 760.0 0.0010270
 762.5 0.0010110
 765.0 0.0010020
 767.5 0.0009950
 770.0 0.0009950
 772.5 0.0010030
 775.0 0.0010020
 777.5 0.0010060
 780.0 0.0010080
 782.5 0.0010050
 785.0 0.0009970
 787.5 0.0009840
 790.0 0.0009610
 792.5 0.0009470
 795.0 0.0009410
 797.5 0.0009400
 800.0 0.0009410
 802.5 0.0009380
 805.0 0.0009330
 807.5 0.0009230
 810.0 0.0009110
 812.5 0.0009120
 815.0 0.0009100
 817.5 0.0009070
 820.0 0.0009040
 822.5 0.0009030
 825.0 0.0009070
 827.5 0.0009080
 830.0 0.0009030
 832.5 0.0008940
 835.0 0.0008910
 837.5 0.0008950
 840.0 0.0008950
 842.5 0.0008940
 845.0 0.0008890
 847.5 0.0008830
 850.0 0.0008680
 852.5 0.0008550
 855.0 0.0008590
 857.5 0.0008720
 860.0 0.0008810
 862.5 0.0008790
 865.0 0.0008660
 867.5 0.0008620
 870.0 0.0008770
 872.5 0.0008800
 875.0 0.0008700
 877.5 0.0008610
 880.0 0.0008640
 882.5 0.0008640
 885.0 0.0008530
 887.5 0.0008410
 890.0 0.0008390
 892.5 0.0008100
 895.0 0.0008020
 897.5 0.0007970
 900.0 0.0007950
 902.5 0.0007900
 905.0 0.0007830
 907.5 0.0007760
 910.0 0.0007700
 912.5 0.0007560
 915.0 0.0007530
 917.5 0.0007520
 920.0 0.0007460
 922.5 0.0007450
 925.0 0.0007420
 927.5 0.0007470
 930.0 0.0007560
 932.5 0.0007410
 935.0 0.0007240
 937.5 0.0007170
 940.0 0.0007180
 942.5 0.0007130
 945.0 0.0007050
 947.5 0.0007050
 950.0 0.0007030
 952.5 0.0007030
 955.0 0.0007020
 957.5 0.0006940
 960.0 0.0006940
 962.5 0.0006980
 965.0 0.0007010
 967.5 0.0007070
 970.0 0.0007000
 972.5 0.0006970
 975.0 0.0006990
 977.5 0.0006990
 980.0 0.0006960
 982.5 0.0006980
 985.0 0.0007020
 987.5 0.0006990
 990.0 0.0006970
 992.5 0.0007050
 995.0 0.0007120
 997.5 0.0007070
1000.0 0.0007070
1002.5 0.0007010
1005.0 0.0006980
1007.5 0.0006980
1010.0 0.0006960
1012.5 0.0006920
1015.0 0.0006950
1017.5 0.0006880
1020.0 0.0006880
1022.5 0.0006880
1025.0 0.0006900
1027.5 0.0006890
1030.0 0.0006810
1032.5 0.0006750
1035.0 0.0006740
1037.5 0.0006740
1040.0 0.0006750
1042.5 0.0006750
1045.0 0.0006730
1047.5 0.0006680
1050.0 0.0006660
1052.5 0.0006610
1055.0 0.0006560
1057.5 0.0006590
1060.0 0.0006580
1062.5 0.0006530
1065.0 0.0006500
1067.5 0.0006490
1070.0 0.0006470
1072.5 0.0006440
1075.0 0.0006430
1077.5 0.0006370
1080.0 0.0006290

# nm  Flux(W/m2/m) for star HR 1030 from file: table6.dat
 320.0 0.0019090
 322.5 0.0019140
 325.0 0.0019180
 327.5 0.0002750
 330.0 0.0002900
 332.5 0.0002830
 335.0 0.0002590
 337.5 0.0002540
 340.0 0.0002840
 342.5 0.0003070
 345.0 0.0003140
 347.5 0.0003220
 350.0 0.0003400
 352.5 0.0003560
 355.0 0.0003400
 357.5 0.0003090
 360.0 0.0003320
 362.5 0.0003850
 365.0 0.0004420
 367.5 0.0004950
 370.0 0.0005130
 372.5 0.0004810
 375.0 0.0004670
 377.5 0.0004820
 380.0 0.0004360
 382.5 0.0003490
 385.0 0.0003040
 387.5 0.0003620
 390.0 0.0004520
 392.5 0.0004100
 395.0 0.0003900
 397.5 0.0004900
 400.0 0.0006690
 402.5 0.0007690
 405.0 0.0007830
 407.5 0.0007890
 410.0 0.0008090
 412.5 0.0008050
 415.0 0.0007770
 417.5 0.0007560
 420.0 0.0007730
 422.5 0.0008290
 425.0 0.0008690
 427.5 0.0008460
 430.0 0.0007950
 432.5 0.0008590
 435.0 0.0009610
 437.5 0.0009900
 440.0 0.0009920
 442.5 0.0010250
 445.0 0.0010560
 447.5 0.0011120
 450.0 0.0011670
 452.5 0.0011610
 455.0 0.0011520
 457.5 0.0011690
 460.0 0.0011980
 462.5 0.0012210
 465.0 0.0012070
 467.5 0.0011930
 470.0 0.0012040
 472.5 0.0012350
 475.0 0.0012530
 477.5 0.0012730
 480.0 0.0013030
 482.5 0.0013040
 485.0 0.0012460
 487.5 0.0012120
 490.0 0.0012390
 492.5 0.0012600
 495.0 0.0012800
 497.5 0.0012710
 500.0 0.0012380
 502.5 0.0012300
 505.0 0.0012660
 507.5 0.0012850
 510.0 0.0012810
 512.5 0.0012620
 515.0 0.0012360
 517.5 0.0012170
 520.0 0.0012270
 522.5 0.0012460
 525.0 0.0012470
 527.5 0.0012600
 530.0 0.0013090
 532.5 0.0013240
 535.0 0.0013380
 537.5 0.0013390
 540.0 0.0013110
 542.5 0.0012970
 545.0 0.0013170
 547.5 0.0013260
 550.0 0.0013260
 552.5 0.0013280
 555.0 0.0013370
 557.5 0.0013280
 560.0 0.0013190
 562.5 0.0013160
 565.0 0.0013050
 567.5 0.0013010
 570.0 0.0012940
 572.5 0.0013130
 575.0 0.0013230
 577.5 0.0013190
 580.0 0.0013190
 582.5 0.0013340
 585.0 0.0013300
 587.5 0.0013170
 590.0 0.0013010
 592.5 0.0013190
 595.0 0.0013340
 597.5 0.0013280
 600.0 0.0013110
 602.5 0.0013110
 605.0 0.0013230
 607.5 0.0013190
 610.0 0.0012990
 612.5 0.0012760
 615.0 0.0012550
 617.5 0.0012510
 620.0 0.0012660
 622.5 0.0012600
 625.0 0.0012460
 627.5 0.0012530
 630.0 0.0012520
 632.5 0.0012430
 635.0 0.0012510
 637.5 0.0012650
 640.0 0.0012600
 642.5 0.0012530
 645.0 0.0012470
 647.5 0.0012350
 650.0 0.0012120
 652.5 0.0012000
 655.0 0.0011790
 657.5 0.0011720
 660.0 0.0011980
 662.5 0.0012200
 665.0 0.0012260
 667.5 0.0012290
 670.0 0.0012260
 672.5 0.0012150
 675.0 0.0012100
 677.5 0.0012070
 680.0 0.0012070
 682.5 0.0012020
 685.0 0.0011960
 687.5 0.0011910
 690.0 0.0011990
 692.5 0.0011880
 695.0 0.0011680
 697.5 0.0011510
 700.0 0.0011300
 702.5 0.0011240
 705.0 0.0011270
 707.5 0.0011190
 710.0 0.0011090
 712.5 0.0010960
 715.0 0.0010850
 717.5 0.0010700
 720.0 0.0010570
 722.5 0.0010620
 725.0 0.0010670
 727.5 0.0010560
 730.0 0.0010320
 732.5 0.0010310
 735.0 0.0010340

