# nm  Flux(W/m2/m) for star HR 1088 from file: table5.dat
 320.0 0.0011240
 322.5 0.0011330
 325.0 0.0011340
 327.5 0.0011310
 330.0 0.0011260
 332.5 0.0011210
 335.0 0.0011130
 337.5 0.0011060
 340.0 0.0010970
 342.5 0.0010880
 345.0 0.0010780
 347.5 0.0010690
 350.0 0.0010590
 352.5 0.0010500
 355.0 0.0010390
 357.5 0.0010280
 360.0 0.0010160
 362.5 0.0010060
 365.0 0.0010000
 367.5 0.0010010
 370.0 0.0010170
 372.5 0.0010650
 375.0 0.0011500
 377.5 0.0012590
 380.0 0.0013680
 382.5 0.0014510
 385.0 0.0015040
 387.5 0.0015430
 390.0 0.0015790
 392.5 0.0015920
 395.0 0.0015700
 397.5 0.0015420
 400.0 0.0015530
 402.5 0.0015810
 405.0 0.0015670
 407.5 0.0014980
 410.0 0.0014280
 412.5 0.0014180
 415.0 0.0014520
 417.5 0.0014900
 420.0 0.0015000
 422.5 0.0014870
 425.0 0.0014670
 427.5 0.0014240
 430.0 0.0013500
 432.5 0.0012690
 435.0 0.0012260
 437.5 0.0012390
 440.0 0.0012780
 442.5 0.0013030
 445.0 0.0012980
 447.5 0.0012780
 450.0 0.0012580
 452.5 0.0012390
 455.0 0.0012220
 457.5 0.0012030
 460.0 0.0011840
 462.5 0.0011620
 465.0 0.0011410
 467.5 0.0011200
 470.0 0.0011030
 472.5 0.0010870
 475.0 0.0010720
 477.5 0.0010510
 480.0 0.0010150
 482.5 0.0009590
 485.0 0.0009040
 487.5 0.0008790
 490.0 0.0008930
 492.5 0.0009210
 495.0 0.0009380
 497.5 0.0009380
 500.0 0.0009260
 502.5 0.0009110
 505.0 0.0008960
 507.5 0.0008820
 510.0 0.0008700
 512.5 0.0008520
 515.0 0.0008310
 517.5 0.0008230
 520.0 0.0008110
 522.5 0.0007930
 525.0 0.0007840
 527.5 0.0007820
 530.0 0.0007680
 532.5 0.0007580
 535.0 0.0007480
 537.5 0.0007470
 540.0 0.0007350
 542.5 0.0007220
 545.0 0.0007120
 547.5 0.0007030
 550.0 0.0006970
 552.5 0.0006850
 555.0 0.0006780
 557.5 0.0006710
 560.0 0.0006550
 562.5 0.0006440
 565.0 0.0006340
 567.5 0.0006190
 570.0 0.0006100
 572.5 0.0006010
 575.0 0.0005920
 577.5 0.0005890
 580.0 0.0005830
 582.5 0.0005730
 585.0 0.0005690
 587.5 0.0005620
 590.0 0.0005570
 592.5 0.0005500
 595.0 0.0005410
 597.5 0.0005330
 600.0 0.0005240
 602.5 0.0005220
 605.0 0.0005190
 607.5 0.0005090
 610.0 0.0005010
 612.5 0.0004940
 615.0 0.0004890
 617.5 0.0004800
 620.0 0.0004720
 622.5 0.0004610
 625.0 0.0004550
 627.5 0.0004500
 630.0 0.0004390
 632.5 0.0004370
 635.0 0.0004320
 637.5 0.0004300
 640.0 0.0004280
 642.5 0.0004250
 645.0 0.0004180
 647.5 0.0004140
 650.0 0.0003870
 652.5 0.0003720
 655.0 0.0003630
 657.5 0.0003570
 660.0 0.0003640
 662.5 0.0003740
 665.0 0.0003760
 667.5 0.0003740
 670.0 0.0003680
 672.5 0.0003660
 675.0 0.0003650
 677.5 0.0003630
 680.0 0.0003560
 682.5 0.0003510
 685.0 0.0003430
 687.5 0.0003390
 690.0 0.0003350
 692.5 0.0003290
 695.0 0.0003260
 697.5 0.0003200
 700.0 0.0003140
 702.5 0.0003110
 705.0 0.0003050
 707.5 0.0003030
 710.0 0.0003000
 712.5 0.0002950
 715.0 0.0002930
 717.5 0.0002860
 720.0 0.0002810
 722.5 0.0002780
 725.0 0.0002730
 727.5 0.0002750
 730.0 0.0002690
 732.5 0.0002650
 735.0 0.0002640
 737.5 0.0002630
 740.0 0.0002580
 742.5 0.0002500
 745.0 0.0002490
 747.5 0.0002450
 750.0 0.0002480
 752.5 0.0002430
 755.0 0.0002360
 757.5 0.0002340
 760.0 0.0002370
 762.5 0.0002360
 765.0 0.0002360
 767.5 0.0002330
 770.0 0.0002300
 772.5 0.0002370
 775.0 0.0002250
 777.5 0.0002190
 780.0 0.0002180
 782.5 0.0002130
 785.0 0.0002100
 787.5 0.0002070
 790.0 0.0002050
 792.5 0.0002060
 795.0 0.0002050
 797.5 0.0002030
 800.0 0.0001980
 802.5 0.0001960
 805.0 0.0001940
 807.5 0.0001970
 810.0 0.0001890
 812.5 0.0001830
 815.0 0.0001830
 817.5 0.0001810
 820.0 0.0001820
 822.5 0.0001810
 825.0 0.0001820
 827.5 0.0001820
 830.0 0.0001780
 832.5 0.0001770
 835.0 0.0001760
 837.5 0.0001770
 840.0 0.0001760
 842.5 0.0001740
 845.0 0.0001770
 847.5 0.0001750
 850.0 0.0001700
 852.5 0.0001720
 855.0 0.0001730
 857.5 0.0001720
 860.0 0.0001670
 862.5 0.0001670
 865.0 0.0001690
 867.5 0.0001680
 870.0 0.0001680
 872.5 0.0001650
 875.0 0.0001640
 877.5 0.0001640
 880.0 0.0001630
 882.5 0.0001610
 885.0 0.0001600
 887.5 0.0001550
 890.0 0.0001540
 892.5 0.0001560
 895.0 0.0001510
 897.5 0.0001410
 900.0 0.0001390
 902.5 0.0001370
 905.0 0.0001410
 907.5 0.0001440
 910.0 0.0001450
 912.5 0.0001460
 915.0 0.0001400
 917.5 0.0001320
 920.0 0.0001280
 922.5 0.0001240
 925.0 0.0001260
 927.5 0.0001290
 930.0 0.0001310
 932.5 0.0001340
 935.0 0.0001400
 937.5 0.0001440
 940.0 0.0001410
 942.5 0.0001360
 945.0 0.0001340
 947.5 0.0001320
 950.0 0.0001240
 952.5 0.0001240
 955.0 0.0001200
 957.5 0.0001200
 960.0 0.0001260
 962.5 0.0001290
 965.0 0.0001280
 967.5 0.0001250
 970.0 0.0001230
 972.5 0.0001220
 975.0 0.0001250
 977.5 0.0001240
 980.0 0.0001240
 982.5 0.0001180
 985.0 0.0001170
 987.5 0.0001190
 990.0 0.0001160
 992.5 0.0001170
 995.0 0.0001140
 997.5 0.0001120
1000.0 0.0001040
1002.5 0.0001040
1005.0 0.0001030
1007.5 0.0001020
1010.0 0.0001060
1012.5 0.0001100
1015.0 0.0001110
1017.5 0.0001130
1020.0 0.0001110
1022.5 0.0001110
1025.0 0.0001070
1027.5 0.0001090
1030.0 0.0001070
1032.5 0.0001040
1035.0 0.0001040
1037.5 0.0001050
1040.0 0.0001080
1042.5 0.0001050
1045.0 0.0001020
1047.5 0.0000990
1050.0 0.0001010
1052.5 0.0001000
1055.0 0.0000960
1057.5 0.0000960
1060.0 0.0000960
1062.5 0.0000980
1065.0 0.0000970
1067.5 0.0000950
1070.0 0.0000970
1072.5 0.0000970
1075.0 0.0000980
1077.5 0.0000960
1080.0 0.0000920

# nm  Flux(W/m2/m) for star HR 1088 from file: table6.dat
 320.0 0.0011340
 322.5 0.0011410
 325.0 0.0011320
 327.5 0.0011330
 330.0 0.0011280
 332.5 0.0011200
 335.0 0.0011150
 337.5 0.0011060
 340.0 0.0010960
 342.5 0.0010920
 345.0 0.0010770
 347.5 0.0010680
 350.0 0.0010590
 352.5 0.0010540
 355.0 0.0010380
 357.5 0.0010290
 360.0 0.0010160
 362.5 0.0010020
 365.0 0.0009950
 367.5 0.0009970
 370.0 0.0009970
 372.5 0.0010260
 375.0 0.0011210
 377.5 0.0012740
 380.0 0.0013910
 382.5 0.0014590
 385.0 0.0015590
 387.5 0.0015070
 390.0 0.0015420
 392.5 0.0017090
 395.0 0.0015980
 397.5 0.0014190
 400.0 0.0015390
 402.5 0.0016380
 405.0 0.0016460
 407.5 0.0015220
 410.0 0.0013100
 412.5 0.0013720
 415.0 0.0014940
 417.5 0.0015190
 420.0 0.0015020
 422.5 0.0014900
 425.0 0.0014740
 427.5 0.0014510
 430.0 0.0013970
 432.5 0.0012300
 435.0 0.0011250
 437.5 0.0012390
 440.0 0.0013160
 442.5 0.0013210
 445.0 0.0013060
 447.5 0.0012740
 450.0 0.0012540
 452.5 0.0012370
 455.0 0.0012250
 457.5 0.0012070
 460.0 0.0011810
 462.5 0.0011650
 465.0 0.0011420
 467.5 0.0011140
 470.0 0.0011010
 472.5 0.0010890
 475.0 0.0010750
 477.5 0.0010500
 480.0 0.0010380
 482.5 0.0009920
 485.0 0.0008570
 487.5 0.0008160
 490.0 0.0009040
 492.5 0.0009440
 495.0 0.0009450
 497.5 0.0009430
 500.0 0.0009320
 502.5 0.0009080
 505.0 0.0008930
 507.5 0.0008840
 510.0 0.0008690
 512.5 0.0008590
 515.0 0.0008420
 517.5 0.0008270
 520.0 0.0008110
 522.5 0.0007990
 525.0 0.0007910
 527.5 0.0007840
 530.0 0.0007750
 532.5 0.0007700
 535.0 0.0007650
 537.5 0.0007560
 540.0 0.0007390
 542.5 0.0007270
 545.0 0.0007180
 547.5 0.0007090
 550.0 0.0007050
 552.5 0.0007000
 555.0 0.0006890
 557.5 0.0006820
 560.0 0.0006700
 562.5 0.0006470
 565.0 0.0006360
 567.5 0.0006290
 570.0 0.0006210
 572.5 0.0006100
 575.0 0.0006040
 577.5 0.0005980
 580.0 0.0005850
 582.5 0.0005790
 585.0 0.0005770
 587.5 0.0005730
 590.0 0.0005650
 592.5 0.0005560
 595.0 0.0005480
 597.5 0.0005360
 600.0 0.0005320
 602.5 0.0005300
 605.0 0.0005200
 607.5 0.0005090
 610.0 0.0005030
 612.5 0.0005020
 615.0 0.0004940
 617.5 0.0004880
 620.0 0.0004820
 622.5 0.0004760
 625.0 0.0004650
 627.5 0.0004600
 630.0 0.0004530
 632.5 0.0004490
 635.0 0.0004430
 637.5 0.0004400
 640.0 0.0004350
 642.5 0.0004330
 645.0 0.0004300
 647.5 0.0004210
 650.0 0.0004010
 652.5 0.0003890
 655.0 0.0003660
 657.5 0.0003570
 660.0 0.0003870
 662.5 0.0003970
 665.0 0.0003940
 667.5 0.0003870
 670.0 0.0003800
 672.5 0.0003810
 675.0 0.0003820
 677.5 0.0003740
 680.0 0.0003670
 682.5 0.0003620
 685.0 0.0003600
 687.5 0.0003500
 690.0 0.0003410
 692.5 0.0003390
 695.0 0.0003380
 697.5 0.0003260
 700.0 0.0003220
 702.5 0.0003130
 705.0 0.0003100
 707.5 0.0003070
 710.0 0.0003020
 712.5 0.0003060
 715.0 0.0003020
 717.5 0.0002920
 720.0 0.0002790
 722.5 0.0002770
 725.0 0.0002780
 727.5 0.0002800
 730.0 0.0002700
 732.5 0.0002690
 735.0 0.0002670

