# nm  Flux(W/m2/m) for star HR 1162 from file: table5.dat
 320.0 0.0000040
 322.5 0.0000040
 325.0 0.0000060
 327.5 0.0000080
 330.0 0.0000100
 332.5 0.0000110
 335.0 0.0000130
 337.5 0.0000140
 340.0 0.0000150
 342.5 0.0000170
 345.0 0.0000180
 347.5 0.0000190
 350.0 0.0000200
 352.5 0.0000210
 355.0 0.0000220
 357.5 0.0000220
 360.0 0.0000240
 362.5 0.0000270
 365.0 0.0000320
 367.5 0.0000350
 370.0 0.0000350
 372.5 0.0000330
 375.0 0.0000320
 377.5 0.0000320
 380.0 0.0000330
 382.5 0.0000330
 385.0 0.0000330
 387.5 0.0000340
 390.0 0.0000340
 392.5 0.0000350
 395.0 0.0000380
 397.5 0.0000460
 400.0 0.0000600
 402.5 0.0000750
 405.0 0.0000880
 407.5 0.0000970
 410.0 0.0001030
 412.5 0.0001070
 415.0 0.0001100
 417.5 0.0001130
 420.0 0.0001170
 422.5 0.0001200
 425.0 0.0001250
 427.5 0.0001340
 430.0 0.0001500
 432.5 0.0001710
 435.0 0.0001910
 437.5 0.0002070
 440.0 0.0002170
 442.5 0.0002300
 445.0 0.0002480
 447.5 0.0002700
 450.0 0.0002920
 452.5 0.0003100
 455.0 0.0003260
 457.5 0.0003430
 460.0 0.0003580
 462.5 0.0003690
 465.0 0.0003750
 467.5 0.0003800
 470.0 0.0003860
 472.5 0.0003900
 475.0 0.0003910
 477.5 0.0003890
 480.0 0.0003900
 482.5 0.0003940
 485.0 0.0004020
 487.5 0.0004150
 490.0 0.0004330
 492.5 0.0004480
 495.0 0.0004500
 497.5 0.0004390
 500.0 0.0004290
 502.5 0.0004300
 505.0 0.0004390
 507.5 0.0004500
 510.0 0.0004630
 512.5 0.0004520
 515.0 0.0004400
 517.5 0.0004300
 520.0 0.0004430
 522.5 0.0004690
 525.0 0.0005080
 527.5 0.0005490
 530.0 0.0005780
 532.5 0.0006140
 535.0 0.0006320
 537.5 0.0006440
 540.0 0.0006530
 542.5 0.0006500
 545.0 0.0006380
 547.5 0.0006320
 550.0 0.0006400
 552.5 0.0006550
 555.0 0.0006760
 557.5 0.0006790
 560.0 0.0006710
 562.5 0.0006660
 565.0 0.0006690
 567.5 0.0006770
 570.0 0.0007000
 572.5 0.0007140
 575.0 0.0007260
 577.5 0.0007500
 580.0 0.0007730
 582.5 0.0007660
 585.0 0.0007380
 587.5 0.0007060
 590.0 0.0006770
 592.5 0.0006690
 595.0 0.0006880
 597.5 0.0007180
 600.0 0.0007500
 602.5 0.0007940
 605.0 0.0008290
 607.5 0.0008480
 610.0 0.0008550
 612.5 0.0008360
 615.0 0.0007950
 617.5 0.0007370
 620.0 0.0006790
 622.5 0.0006420
 625.0 0.0006460
 627.5 0.0006790
 630.0 0.0007350
 632.5 0.0007890
 635.0 0.0008300
 637.5 0.0008670
 640.0 0.0008980
 642.5 0.0009170
 645.0 0.0009260
 647.5 0.0009300
 650.0 0.0009150
 652.5 0.0009200
 655.0 0.0009340
 657.5 0.0009470
 660.0 0.0009490
 662.5 0.0009470
 665.0 0.0009290
 667.5 0.0009030
 670.0 0.0008810
 672.5 0.0008650
 675.0 0.0008640
 677.5 0.0008800
 680.0 0.0008990
 682.5 0.0009200
 685.0 0.0009440
 687.5 0.0009700
 690.0 0.0009880
 692.5 0.0010160
 695.0 0.0010350
 697.5 0.0010480
 700.0 0.0010480
 702.5 0.0010340
 705.0 0.0009940
 707.5 0.0009370
 710.0 0.0008690
 712.5 0.0008230
 715.0 0.0008100
 717.5 0.0008180
 720.0 0.0008540
 722.5 0.0008950
 725.0 0.0009440
 727.5 0.0009850
 730.0 0.0010230
 732.5 0.0010490
 735.0 0.0010620
 737.5 0.0010730
 740.0 0.0011300
 742.5 0.0011440
 745.0 0.0011430
 747.5 0.0011420
 750.0 0.0011620
 752.5 0.0011740
 755.0 0.0011640
 757.5 0.0011670
 760.0 0.0011620
 762.5 0.0011270
 765.0 0.0011030
 767.5 0.0011020
 770.0 0.0010990
 772.5 0.0011110
 775.0 0.0010890
 777.5 0.0011140
 780.0 0.0011170
 782.5 0.0011150
 785.0 0.0011150
 787.5 0.0011230
 790.0 0.0011120
 792.5 0.0011110
 795.0 0.0011150
 797.5 0.0011140
 800.0 0.0011220
 802.5 0.0011270
 805.0 0.0011370
 807.5 0.0011320
 810.0 0.0011170
 812.5 0.0011160
 815.0 0.0011120
 817.5 0.0011270
 820.0 0.0011310
 822.5 0.0011310
 825.0 0.0011570
 827.5 0.0011500
 830.0 0.0011620
 832.5 0.0011550
 835.0 0.0011420
 837.5 0.0011270
 840.0 0.0011340
 842.5 0.0011470
 845.0 0.0011490
 847.5 0.0011410
 850.0 0.0011190
 852.5 0.0011060
 855.0 0.0011310
 857.5 0.0011500
 860.0 0.0011740
 862.5 0.0011850
 865.0 0.0011650
 867.5 0.0011460
 870.0 0.0011840
 872.5 0.0012060
 875.0 0.0012020
 877.5 0.0011870
 880.0 0.0011950
 882.5 0.0011900
 885.0 0.0011950
 887.5 0.0011780
 890.0 0.0011440
 892.5 0.0011190
 895.0 0.0011150
 897.5 0.0011140
 900.0 0.0011120
 902.5 0.0011180
 905.0 0.0011180
 907.5 0.0011300
 910.0 0.0011100
 912.5 0.0010860
 915.0 0.0010740
 917.5 0.0010680
 920.0 0.0010630
 922.5 0.0010610
 925.0 0.0010680
 927.5 0.0010710
 930.0 0.0010550
 932.5 0.0010410
 935.0 0.0010480
 937.5 0.0010490
 940.0 0.0010480
 942.5 0.0010480
 945.0 0.0010480
 947.5 0.0010740
 950.0 0.0010780
 952.5 0.0011010
 955.0 0.0010920
 957.5 0.0010860
 960.0 0.0010850
 962.5 0.0010620
 965.0 0.0010530
 967.5 0.0010550
 970.0 0.0010520
 972.5 0.0010610
 975.0 0.0010720
 977.5 0.0010730
 980.0 0.0010810
 982.5 0.0011020
 985.0 0.0011040
 987.5 0.0011120
 990.0 0.0011080
 992.5 0.0011050
 995.0 0.0011040
 997.5 0.0010970
1000.0 0.0011060
1002.5 0.0010990
1005.0 0.0011010
1007.5 0.0011220
1010.0 0.0011120
1012.5 0.0011200
1015.0 0.0011210
1017.5 0.0011090
1020.0 0.0011160
1022.5 0.0011230
1025.0 0.0011180
1027.5 0.0011370
1030.0 0.0011060
1032.5 0.0010890
1035.0 0.0010830
1037.5 0.0011040
1040.0 0.0011010
1042.5 0.0010950
1045.0 0.0011060
1047.5 0.0011110
1050.0 0.0011100
1052.5 0.0011130
1055.0 0.0011200
1057.5 0.0011190
1060.0 0.0011130
1062.5 0.0011250
1065.0 0.0011340
1067.5 0.0011320
1070.0 0.0011290
1072.5 0.0011410
1075.0 0.0011210
1077.5 0.0011210
1080.0 0.0011070

# nm  Flux(W/m2/m) for star HR 1162 from file: table6.dat
 320.0 0.0000040
 322.5 0.0000040
 325.0 0.0000040
 327.5 0.0000080
 330.0 0.0000110
 332.5 0.0000110
 335.0 0.0000120
 337.5 0.0000140
 340.0 0.0000160
 342.5 0.0000170
 345.0 0.0000180
 347.5 0.0000190
 350.0 0.0000190
 352.5 0.0000210
 355.0 0.0000250
 357.5 0.0000220
 360.0 0.0000200
 362.5 0.0000260
 365.0 0.0000340
 367.5 0.0000380
 370.0 0.0000370
 372.5 0.0000310
 375.0 0.0000290
 377.5 0.0000340
 380.0 0.0000350
 382.5 0.0000320
 385.0 0.0000310
 387.5 0.0000340
 390.0 0.0000380
 392.5 0.0000340
 395.0 0.0000310
 397.5 0.0000390
 400.0 0.0000620
 402.5 0.0000800
 405.0 0.0000890
 407.5 0.0000980
 410.0 0.0001050
 412.5 0.0001070
 415.0 0.0001090
 417.5 0.0001150
 420.0 0.0001180
 422.5 0.0001160
 425.0 0.0001260
 427.5 0.0001320
 430.0 0.0001380
 432.5 0.0001700
 435.0 0.0002030
 437.5 0.0002120
 440.0 0.0002100
 442.5 0.0002260
 445.0 0.0002450
 447.5 0.0002690
 450.0 0.0003000
 452.5 0.0003100
 455.0 0.0003220
 457.5 0.0003450
 460.0 0.0003620
 462.5 0.0003780
 465.0 0.0003730
 467.5 0.0003750
 470.0 0.0003870
 472.5 0.0003980
 475.0 0.0003960
 477.5 0.0003800
 480.0 0.0003870
 482.5 0.0003980
 485.0 0.0003980
 487.5 0.0004020
 490.0 0.0004350
 492.5 0.0004650
 495.0 0.0004650
 497.5 0.0004350
 500.0 0.0004160
 502.5 0.0004190
 505.0 0.0004430
 507.5 0.0004550
 510.0 0.0004590
 512.5 0.0004610
 515.0 0.0004410
 517.5 0.0003970
 520.0 0.0004090
 522.5 0.0004680
 525.0 0.0005000
 527.5 0.0005310
 530.0 0.0005820
 532.5 0.0006050
 535.0 0.0006270
 537.5 0.0006470
 540.0 0.0006440
 542.5 0.0006560
 545.0 0.0006300
 547.5 0.0006030
 550.0 0.0006150
 552.5 0.0006500
 555.0 0.0006820
 557.5 0.0006880
 560.0 0.0006660
 562.5 0.0006460
 565.0 0.0006550
 567.5 0.0006750
 570.0 0.0006890
 572.5 0.0007050
 575.0 0.0007260
 577.5 0.0007390
 580.0 0.0007610
 582.5 0.0007810
 585.0 0.0007590
 587.5 0.0006900
 590.0 0.0006360
 592.5 0.0006480
 595.0 0.0006770
 597.5 0.0007070
 600.0 0.0007390
 602.5 0.0007760
 605.0 0.0008240
 607.5 0.0008490
 610.0 0.0008550
 612.5 0.0008620
 615.0 0.0008260
 617.5 0.0007300
 620.0 0.0006610
 622.5 0.0006120
 625.0 0.0006040
 627.5 0.0006560
 630.0 0.0007280
 632.5 0.0007970
 635.0 0.0008370
 637.5 0.0008620
 640.0 0.0008880
 642.5 0.0009130
 645.0 0.0009370
 647.5 0.0009290
 650.0 0.0008820
 652.5 0.0009100
 655.0 0.0009620
 657.5 0.0009580
 660.0 0.0009720
 662.5 0.0009760
 665.0 0.0009510
 667.5 0.0009200
 670.0 0.0008860
 672.5 0.0008630
 675.0 0.0008630
 677.5 0.0008760
 680.0 0.0009000
 682.5 0.0009250
 685.0 0.0009490
 687.5 0.0009660
 690.0 0.0009940
 692.5 0.0010100
 695.0 0.0010290
 697.5 0.0010430
 700.0 0.0010480
 702.5 0.0010380
 705.0 0.0010220
 707.5 0.0009390
 710.0 0.0008430
 712.5 0.0007960
 715.0 0.0007770
 717.5 0.0008020
 720.0 0.0008250
 722.5 0.0008690
 725.0 0.0009240
 727.5 0.0009790
 730.0 0.0010190
 732.5 0.0010350
 735.0 0.0010380

