# nm  Flux(W/m2/m) for star HR 165 from file: table5.dat
 320.0 0.0000570
 322.5 0.0000630
 325.0 0.0000740
 327.5 0.0000870
 330.0 0.0000990
 332.5 0.0001040
 335.0 0.0001070
 337.5 0.0001100
 340.0 0.0001150
 342.5 0.0001190
 345.0 0.0001230
 347.5 0.0001270
 350.0 0.0001330
 352.5 0.0001360
 355.0 0.0001330
 357.5 0.0001320
 360.0 0.0001450
 362.5 0.0001740
 365.0 0.0002080
 367.5 0.0002270
 370.0 0.0002210
 372.5 0.0002010
 375.0 0.0001850
 377.5 0.0001770
 380.0 0.0001670
 382.5 0.0001550
 385.0 0.0001540
 387.5 0.0001670
 390.0 0.0001860
 392.5 0.0002050
 395.0 0.0002450
 397.5 0.0003160
 400.0 0.0004000
 402.5 0.0004660
 405.0 0.0005040
 407.5 0.0005200
 410.0 0.0005210
 412.5 0.0005110
 415.0 0.0004990
 417.5 0.0005030
 420.0 0.0005320
 422.5 0.0005750
 425.0 0.0006150
 427.5 0.0006510
 430.0 0.0007030
 432.5 0.0007760
 435.0 0.0008490
 437.5 0.0008970
 440.0 0.0009310
 442.5 0.0009750
 445.0 0.0010400
 447.5 0.0011130
 450.0 0.0011730
 452.5 0.0012160
 455.0 0.0012520
 457.5 0.0012920
 460.0 0.0013290
 462.5 0.0013500
 465.0 0.0013490
 467.5 0.0013440
 470.0 0.0013500
 472.5 0.0013770
 475.0 0.0014150
 477.5 0.0014530
 480.0 0.0014790
 482.5 0.0014800
 485.0 0.0014640
 487.5 0.0014550
 490.0 0.0014700
 492.5 0.0014980
 495.0 0.0015190
 497.5 0.0015140
 500.0 0.0014930
 502.5 0.0014760
 505.0 0.0014700
 507.5 0.0014620
 510.0 0.0014490
 512.5 0.0014030
 515.0 0.0013680
 517.5 0.0013680
 520.0 0.0014140
 522.5 0.0014860
 525.0 0.0015720
 527.5 0.0016470
 530.0 0.0017160
 532.5 0.0017730
 535.0 0.0018000
 537.5 0.0018050
 540.0 0.0018010
 542.5 0.0018030
 545.0 0.0018100
 547.5 0.0018300
 550.0 0.0018540
 552.5 0.0018760
 555.0 0.0018880
 557.5 0.0018910
 560.0 0.0018880
 562.5 0.0018860
 565.0 0.0018900
 567.5 0.0019050
 570.0 0.0019200
 572.5 0.0019430
 575.0 0.0019640
 577.5 0.0019840
 580.0 0.0020040
 582.5 0.0020120
 585.0 0.0019900
 587.5 0.0019610
 590.0 0.0019530
 592.5 0.0019840
 595.0 0.0020250
 597.5 0.0020490
 600.0 0.0020550
 602.5 0.0020660
 605.0 0.0020800
 607.5 0.0020760
 610.0 0.0020510
 612.5 0.0020250
 615.0 0.0020030
 617.5 0.0019860
 620.0 0.0019700
 622.5 0.0019620
 625.0 0.0019550
 627.5 0.0019570
 630.0 0.0019640
 632.5 0.0019680
 635.0 0.0019750
 637.5 0.0019950
 640.0 0.0020170
 642.5 0.0020340
 645.0 0.0020420
 647.5 0.0020400
 650.0 0.0020190
 652.5 0.0020210
 655.0 0.0020340
 657.5 0.0020470
 660.0 0.0020570
 662.5 0.0020680
 665.0 0.0020800
 667.5 0.0020840
 670.0 0.0020840
 672.5 0.0020800
 675.0 0.0020760
 677.5 0.0020700
 680.0 0.0020610
 682.5 0.0020660
 685.0 0.0020570
 687.5 0.0020530
 690.0 0.0020380
 692.5 0.0020100
 695.0 0.0019810
 697.5 0.0019520
 700.0 0.0019340
 702.5 0.0019250
 705.0 0.0019210
 707.5 0.0019040
 710.0 0.0018760
 712.5 0.0018520
 715.0 0.0018380
 717.5 0.0018230
 720.0 0.0018180
 722.5 0.0018160
 725.0 0.0018080
 727.5 0.0017960
 730.0 0.0017860
 732.5 0.0017900
 735.0 0.0017950
 737.5 0.0018010
 740.0 0.0018250
 742.5 0.0018430
 745.0 0.0018450
 747.5 0.0018600
 750.0 0.0018710
 752.5 0.0018830
 755.0 0.0018980
 757.5 0.0018980
 760.0 0.0018910
 762.5 0.0018600
 765.0 0.0018400
 767.5 0.0018300
 770.0 0.0018570
 772.5 0.0018780
 775.0 0.0018910
 777.5 0.0019120
 780.0 0.0019180
 782.5 0.0019040
 785.0 0.0018780
 787.5 0.0018310
 790.0 0.0017770
 792.5 0.0017490
 795.0 0.0017360
 797.5 0.0017460
 800.0 0.0017650
 802.5 0.0017590
 805.0 0.0017300
 807.5 0.0017050
 810.0 0.0016780
 812.5 0.0016720
 815.0 0.0016800
 817.5 0.0016920
 820.0 0.0017010
 822.5 0.0017080
 825.0 0.0017170
 827.5 0.0017090
 830.0 0.0016900
 832.5 0.0016800
 835.0 0.0016720
 837.5 0.0016730
 840.0 0.0016860
 842.5 0.0016970
 845.0 0.0017000
 847.5 0.0016940
 850.0 0.0016640
 852.5 0.0016440
 855.0 0.0016640
 857.5 0.0016860
 860.0 0.0016980
 862.5 0.0017110
 865.0 0.0016830
 867.5 0.0016720
 870.0 0.0017080
 872.5 0.0017280
 875.0 0.0017220
 877.5 0.0017120
 880.0 0.0017200
 882.5 0.0017230
 885.0 0.0017220
 887.5 0.0017090
 890.0 0.0017000
 892.5 0.0016440
 895.0 0.0016380
 897.5 0.0016320
 900.0 0.0016310
 902.5 0.0016220
 905.0 0.0016110
 907.5 0.0015920
 910.0 0.0015630
 912.5 0.0015140
 915.0 0.0014910
 917.5 0.0014900
 920.0 0.0014820
 922.5 0.0014800
 925.0 0.0014870
 927.5 0.0015010
 930.0 0.0014960
 932.5 0.0014750
 935.0 0.0014470
 937.5 0.0014230
 940.0 0.0014050
 942.5 0.0013910
 945.0 0.0013870
 947.5 0.0013930
 950.0 0.0013940
 952.5 0.0013980
 955.0 0.0014150
 957.5 0.0014100
 960.0 0.0014010
 962.5 0.0013960
 965.0 0.0013880
 967.5 0.0014020
 970.0 0.0014030
 972.5 0.0014010
 975.0 0.0014070
 977.5 0.0014260
 980.0 0.0014390
 982.5 0.0014400
 985.0 0.0014490
 987.5 0.0014620
 990.0 0.0014660
 992.5 0.0014640
 995.0 0.0014790
 997.5 0.0014850
1000.0 0.0014850
1002.5 0.0014760
1005.0 0.0014720
1007.5 0.0014760
1010.0 0.0014800
1012.5 0.0014830
1015.0 0.0014790
1017.5 0.0014740
1020.0 0.0014670
1022.5 0.0014600
1025.0 0.0014630
1027.5 0.0014630
1030.0 0.0014550
1032.5 0.0014440
1035.0 0.0014470
1037.5 0.0014440
1040.0 0.0014480
1042.5 0.0014530
1045.0 0.0014560
1047.5 0.0014510
1050.0 0.0014430
1052.5 0.0014320
1055.0 0.0014270
1057.5 0.0014270
1060.0 0.0014200
1062.5 0.0014160
1065.0 0.0014230
1067.5 0.0014260
1070.0 0.0014230
1072.5 0.0014110
1075.0 0.0013940
1077.5 0.0013820
1080.0 0.0013720

# nm  Flux(W/m2/m) for star HR 165 from file: table6.dat
 320.0 0.0000570
 322.5 0.0000560
 325.0 0.0000680
 327.5 0.0000910
 330.0 0.0001070
 332.5 0.0001080
 335.0 0.0001030
 337.5 0.0001040
 340.0 0.0001180
 342.5 0.0001240
 345.0 0.0001200
 347.5 0.0001220
 350.0 0.0001340
 352.5 0.0001450
 355.0 0.0001400
 357.5 0.0001160
 360.0 0.0001250
 362.5 0.0001670
 365.0 0.0002210
 367.5 0.0002560
 370.0 0.0002410
 372.5 0.0001820
 375.0 0.0001660
 377.5 0.0001940
 380.0 0.0001790
 382.5 0.0001400
 385.0 0.0001300
 387.5 0.0001640
 390.0 0.0002110
 392.5 0.0001920
 395.0 0.0001980
 397.5 0.0002910
 400.0 0.0004390
 402.5 0.0005040
 405.0 0.0004970
 407.5 0.0005230
 410.0 0.0005470
 412.5 0.0005160
 415.0 0.0004770
 417.5 0.0004820
 420.0 0.0005190
 422.5 0.0005770
 425.0 0.0006410
 427.5 0.0006470
 430.0 0.0006440
 432.5 0.0007750
 435.0 0.0009120
 437.5 0.0009060
 440.0 0.0008960
 442.5 0.0009640
 445.0 0.0010330
 447.5 0.0011210
 450.0 0.0012030
 452.5 0.0012150
 455.0 0.0012420
 457.5 0.0012850
 460.0 0.0013430
 462.5 0.0013870
 465.0 0.0013490
 467.5 0.0013240
 470.0 0.0013300
 472.5 0.0013740
 475.0 0.0014130
 477.5 0.0014530
 480.0 0.0015070
 482.5 0.0015090
 485.0 0.0014510
 487.5 0.0014220
 490.0 0.0014620
 492.5 0.0014970
 495.0 0.0015520
 497.5 0.0015420
 500.0 0.0014720
 502.5 0.0014520
 505.0 0.0014850
 507.5 0.0014750
 510.0 0.0014510
 512.5 0.0014090
 515.0 0.0013370
 517.5 0.0012930
 520.0 0.0013820
 522.5 0.0015090
 525.0 0.0015600
 527.5 0.0016140
 530.0 0.0017430
 532.5 0.0017850
 535.0 0.0018230
 537.5 0.0018160
 540.0 0.0017600
 542.5 0.0017850
 545.0 0.0018210
 547.5 0.0018230
 550.0 0.0018370
 552.5 0.0018780
 555.0 0.0019120
 557.5 0.0018930
 560.0 0.0018740
 562.5 0.0018780
 565.0 0.0018810
 567.5 0.0019070
 570.0 0.0019050
 572.5 0.0019390
 575.0 0.0019680
 577.5 0.0019700
 580.0 0.0019950
 582.5 0.0020470
 585.0 0.0020320
 587.5 0.0019280
 590.0 0.0018760
 592.5 0.0019930
 595.0 0.0020660
 597.5 0.0020550
 600.0 0.0020300
 602.5 0.0020550
 605.0 0.0020950
 607.5 0.0020930
 610.0 0.0020530
 612.5 0.0020100
 615.0 0.0019810
 617.5 0.0019860
 620.0 0.0019790
 622.5 0.0019280
 625.0 0.0018980
 627.5 0.0019430
 630.0 0.0019610
 632.5 0.0019520
 635.0 0.0019440
 637.5 0.0019820
 640.0 0.0020190
 642.5 0.0020340
 645.0 0.0020530
 647.5 0.0020460
 650.0 0.0019990
 652.5 0.0020210
 655.0 0.0020720
 657.5 0.0020630
 660.0 0.0020680
 662.5 0.0020890
 665.0 0.0020910
 667.5 0.0020800
 670.0 0.0020890
 672.5 0.0020840
 675.0 0.0020720
 677.5 0.0020700
 680.0 0.0020640
 682.5 0.0020680
 685.0 0.0020470
 687.5 0.0020440
 690.0 0.0020740
 692.5 0.0020360
 695.0 0.0019750
 697.5 0.0019440
 700.0 0.0019230
 702.5 0.0019200
 705.0 0.0019480
 707.5 0.0019090
 710.0 0.0018600
 712.5 0.0018260
 715.0 0.0018350
 717.5 0.0018160
 720.0 0.0017860
 722.5 0.0018030
 725.0 0.0018130
 727.5 0.0017730
 730.0 0.0017540
 732.5 0.0017850
 735.0 0.0017680

