# nm  Flux(W/m2/m) for star HR 1654 from file: table5.dat
 320.0 0.
 322.5 0.
 325.0 0.
 327.5 0.
 330.0 0.0000710
 332.5 0.0000720
 335.0 0.0000760
 337.5 0.0000820
 340.0 0.0000870
 342.5 0.0000890
 345.0 0.0000910
 347.5 0.0000950
 350.0 0.0001010
 352.5 0.0001050
 355.0 0.0001020
 357.5 0.0000960
 360.0 0.0001020
 362.5 0.0001240
 365.0 0.0001500
 367.5 0.0001610
 370.0 0.0001510
 372.5 0.0001340
 375.0 0.0001260
 377.5 0.0001270
 380.0 0.0001240
 382.5 0.0001160
 385.0 0.0001140
 387.5 0.0001220
 390.0 0.0001300
 392.5 0.0001360
 395.0 0.0001540
 397.5 0.0002020
 400.0 0.0002720
 402.5 0.0003400
 405.0 0.0003870
 407.5 0.0004120
 410.0 0.0004200
 412.5 0.0004180
 415.0 0.0004180
 417.5 0.0004270
 420.0 0.0004480
 422.5 0.0004760
 425.0 0.0005060
 427.5 0.0005480
 430.0 0.0006130
 432.5 0.0006900
 435.0 0.0007500
 437.5 0.0007800
 440.0 0.0008050
 442.5 0.0008570
 445.0 0.0009360
 447.5 0.0010150
 450.0 0.0010740
 452.5 0.0011120
 455.0 0.0011520
 457.5 0.0012060
 460.0 0.0012600
 462.5 0.0012890
 465.0 0.0012940
 467.5 0.0013050
 470.0 0.0013280
 472.5 0.0013550
 475.0 0.0013750
 477.5 0.0013940
 480.0 0.0014130
 482.5 0.0014190
 485.0 0.0014140
 487.5 0.0014230
 490.0 0.0014600
 492.5 0.0014970
 495.0 0.0015050
 497.5 0.0014780
 500.0 0.0014450
 502.5 0.0014370
 505.0 0.0014450
 507.5 0.0014450
 510.0 0.0014190
 512.5 0.0013730
 515.0 0.0013340
 517.5 0.0013430
 520.0 0.0013920
 522.5 0.0014780
 525.0 0.0015780
 527.5 0.0016700
 530.0 0.0017230
 532.5 0.0017950
 535.0 0.0018200
 537.5 0.0018550
 540.0 0.0018590
 542.5 0.0018640
 545.0 0.0018760
 547.5 0.0018880
 550.0 0.0019500
 552.5 0.0020140
 555.0 0.0020340
 557.5 0.0020490
 560.0 0.0020420
 562.5 0.0020300
 565.0 0.0020380
 567.5 0.0020570
 570.0 0.0020660
 572.5 0.0020910
 575.0 0.0021160
 577.5 0.0021580
 580.0 0.0021960
 582.5 0.0022330
 585.0 0.0021980
 587.5 0.0021540
 590.0 0.0021540
 592.5 0.0021940
 595.0 0.0022470
 597.5 0.0022760
 600.0 0.0022990
 602.5 0.0023680
 605.0 0.0024140
 607.5 0.0024140
 610.0 0.0023810
 612.5 0.0023310
 615.0 0.0022820
 617.5 0.0022180
 620.0 0.0021820
 622.5 0.0021460
 625.0 0.0021140
 627.5 0.0021180
 630.0 0.0021800
 632.5 0.0022390
 635.0 0.0023040
 637.5 0.0023460
 640.0 0.0023790
 642.5 0.0024050
 645.0 0.0024080
 647.5 0.0024010
 650.0 0.0023120
 652.5 0.0022950
 655.0 0.0022930
 657.5 0.0023080
 660.0 0.0023400
 662.5 0.0023680
 665.0 0.0023970
 667.5 0.0023920
 670.0 0.0023860
 672.5 0.0024010
 675.0 0.0023990
 677.5 0.0024010
 680.0 0.0024300
 682.5 0.0024250
 685.0 0.0024140
 687.5 0.0024250
 690.0 0.0024390
 692.5 0.0024170
 695.0 0.0024230
 697.5 0.0024190
 700.0 0.0024030
 702.5 0.0023810
 705.0 0.0023550
 707.5 0.0023490
 710.0 0.0023180
 712.5 0.0022760
 715.0 0.0022450
 717.5 0.0022430
 720.0 0.0022430
 722.5 0.0022680
 725.0 0.0023060
 727.5 0.0023180
 730.0 0.0023080
 732.5 0.0023400
 735.0 0.0023620
 737.5 0.0023550
 740.0 0.0023720
 742.5 0.0023720
 745.0 0.0023720
 747.5 0.0024140
 750.0 0.0024460
 752.5 0.0024660
 755.0 0.0024730
 757.5 0.0024340
 760.0 0.0025070
 762.5 0.0024840
 765.0 0.0025300
 767.5 0.0025420
 770.0 0.0024980
 772.5 0.0024890
 775.0 0.0024820
 777.5 0.0024840
 780.0 0.0025070
 782.5 0.0024980
 785.0 0.0024480
 787.5 0.0023990
 790.0 0.0023400
 792.5 0.0023310
 795.0 0.0023360
 797.5 0.0023330
 800.0 0.0023970
 802.5 0.0023750
 805.0 0.0023660
 807.5 0.0023530
 810.0 0.0023010
 812.5 0.0022780
 815.0 0.0022740
 817.5 0.0022620
 820.0 0.0022660
 822.5 0.0023250
 825.0 0.0023720
 827.5 0.0023790
 830.0 0.0023230
 832.5 0.0023140
 835.0 0.0023160
 837.5 0.0023210
 840.0 0.0023330
 842.5 0.0023510
 845.0 0.0023640
 847.5 0.0023140
 850.0 0.0022620
 852.5 0.0022530
 855.0 0.0022780
 857.5 0.0023230
 860.0 0.0023770
 862.5 0.0023860
 865.0 0.0022850
 867.5 0.0023010
 870.0 0.0023860
 872.5 0.0024250
 875.0 0.0024100
 877.5 0.0023810
 880.0 0.0024080
 882.5 0.0023750
 885.0 0.0023940
 887.5 0.0024250
 890.0 0.0023900
 892.5 0.0022950
 895.0 0.0022200
 897.5 0.0022080
 900.0 0.0022490
 902.5 0.0022700
 905.0 0.0022870
 907.5 0.0022570
 910.0 0.0021620
 912.5 0.0021260
 915.0 0.0021160
 917.5 0.0021380
 920.0 0.0021600
 922.5 0.0021700
 925.0 0.0021660
 927.5 0.0020910
 930.0 0.0020470
 932.5 0.0020060
 935.0 0.0020910
 937.5 0.0021460
 940.0 0.0021140
 942.5 0.0020930
 945.0 0.0020210
 947.5 0.0020230
 950.0 0.0020910
 952.5 0.0020680
 955.0 0.0020590
 957.5 0.0020740
 960.0 0.0020490
 962.5 0.0020380
 965.0 0.0020170
 967.5 0.0020030
 970.0 0.0019970
 972.5 0.0019970
 975.0 0.0020040
 977.5 0.0020420
 980.0 0.0020910
 982.5 0.0021260
 985.0 0.0021320
 987.5 0.0021360
 990.0 0.0021260
 992.5 0.0021260
 995.0 0.0021300
 997.5 0.0021070
1000.0 0.0020820
1002.5 0.0021050
1005.0 0.0021160
1007.5 0.0021380
1010.0 0.0021400
1012.5 0.0021620
1015.0 0.0021480
1017.5 0.0021540
1020.0 0.0021460
1022.5 0.0021520
1025.0 0.0021540
1027.5 0.0021400
1030.0 0.0021340
1032.5 0.0021280
1035.0 0.0021260
1037.5 0.0021030
1040.0 0.0021180
1042.5 0.0021140
1045.0 0.0021090
1047.5 0.0021140
1050.0 0.0021220
1052.5 0.0021030
1055.0 0.0020970
1057.5 0.0020870
1060.0 0.0020930
1062.5 0.0021010
1065.0 0.0020930
1067.5 0.0020850
1070.0 0.0020530
1072.5 0.0020380
1075.0 0.0020190
1077.5 0.0019860
1080.0 0.0019970

# nm  Flux(W/m2/m) for star HR 1654 from file: table6.dat
 320.0 0.
 322.5 0.
 325.0 0.
 327.5 0.
 330.0 0.0000710
 332.5 0.0000640
 335.0 0.0000800
 337.5 0.0000800
 340.0 0.0000880
 342.5 0.0000940
 345.0 0.0000860
 347.5 0.0000900
 350.0 0.0001000
 352.5 0.0001150
 355.0 0.0001170
 357.5 0.0000790
 360.0 0.0000810
 362.5 0.0001200
 365.0 0.0001620
 367.5 0.0001910
 370.0 0.0001610
 372.5 0.0001120
 375.0 0.0001060
 377.5 0.0001470
 380.0 0.0001380
 382.5 0.0001010
 385.0 0.0000980
 387.5 0.0001230
 390.0 0.0001490
 392.5 0.0001320
 395.0 0.0001180
 397.5 0.0001670
 400.0 0.0002830
 402.5 0.0003830
 405.0 0.0003770
 407.5 0.0004230
 410.0 0.0004520
 412.5 0.0003990
 415.0 0.0004010
 417.5 0.0004330
 420.0 0.0004410
 422.5 0.0004590
 425.0 0.0005290
 427.5 0.0005330
 430.0 0.0005480
 432.5 0.0007210
 435.0 0.0008330
 437.5 0.0007540
 440.0 0.0007540
 442.5 0.0008580
 445.0 0.0009190
 447.5 0.0010310
 450.0 0.0011280
 452.5 0.0010850
 455.0 0.0011300
 457.5 0.0011970
 460.0 0.0012870
 462.5 0.0013430
 465.0 0.0012660
 467.5 0.0012710
 470.0 0.0013340
 472.5 0.0013880
 475.0 0.0013690
 477.5 0.0013590
 480.0 0.0014390
 482.5 0.0014700
 485.0 0.0013730
 487.5 0.0013750
 490.0 0.0014780
 492.5 0.0015140
 495.0 0.0015550
 497.5 0.0014980
 500.0 0.0013870
 502.5 0.0014070
 505.0 0.0014820
 507.5 0.0014750
 510.0 0.0014130
 512.5 0.0013960
 515.0 0.0013180
 517.5 0.0012360
 520.0 0.0013440
 522.5 0.0015330
 525.0 0.0016140
 527.5 0.0016350
 530.0 0.0017950
 532.5 0.0017980
 535.0 0.0018760
 537.5 0.0019590
 540.0 0.0018550
 542.5 0.0018850
 545.0 0.0019200
 547.5 0.0018830
 550.0 0.0019140
 552.5 0.0019880
 555.0 0.0020300
 557.5 0.0020290
 560.0 0.0019990
 562.5 0.0020360
 565.0 0.0020120
 567.5 0.0020290
 570.0 0.0020400
 572.5 0.0020420
 575.0 0.0021300
 577.5 0.0021300
 580.0 0.0021340
 582.5 0.0022800
 585.0 0.0022930
 587.5 0.0021280
 590.0 0.0020010
 592.5 0.0022120
 595.0 0.0023010
 597.5 0.0022850
 600.0 0.0022180
 602.5 0.0023440
 605.0 0.0024210
 607.5 0.0024660
 610.0 0.0023970
 612.5 0.0023210
 615.0 0.0022590
 617.5 0.0022080
 620.0 0.0021620
 622.5 0.0021140
 625.0 0.0020300
 627.5 0.0020930
 630.0 0.0021800
 632.5 0.0022410
 635.0 0.0022490
 637.5 0.0023180
 640.0 0.0023550
 642.5 0.0023860
 645.0 0.0024410
 647.5 0.0024030
 650.0 0.0022510
 652.5 0.0023830
 655.0 0.0023290
 657.5 0.0022780
 660.0 0.0024080
 662.5 0.0024570
 665.0 0.0024500
 667.5 0.0024010
 670.0 0.0023750
 672.5 0.0023770
 675.0 0.0023880
 677.5 0.0024080
 680.0 0.0023750
 682.5 0.0023920
 685.0 0.0025000
 687.5 0.0023310
 690.0 0.0024480
 692.5 0.0024430
 695.0 0.0024210
 697.5 0.0024370
 700.0 0.0023900
 702.5 0.0023250
 705.0 0.0023680
 707.5 0.0023700
 710.0 0.0023140
 712.5 0.0022550
 715.0 0.0022800
 717.5 0.0022330
 720.0 0.0021160
 722.5 0.0022470
 725.0 0.0023620
 727.5 0.0023180
 730.0 0.0022410
 732.5 0.0023250
 735.0 0.0023360

