# nm  Flux(W/m2/m) for star HR 1713 from file: table5.dat
 320.0 0.0654600
 322.5 0.0651000
 325.0 0.0648000
 327.5 0.0650400
 330.0 0.0651000
 332.5 0.0652200
 335.0 0.0650400
 337.5 0.0649200
 340.0 0.0645700
 342.5 0.0642700
 345.0 0.0638000
 347.5 0.0633900
 350.0 0.0628100
 352.5 0.0622900
 355.0 0.0616600
 357.5 0.0609300
 360.0 0.0600900
 362.5 0.0593700
 365.0 0.0595900
 367.5 0.0614900
 370.0 0.0648600
 372.5 0.0685500
 375.0 0.0709300
 377.5 0.0716500
 380.0 0.0713200
 382.5 0.0706600
 385.0 0.0702100
 387.5 0.0697600
 390.0 0.0691200
 392.5 0.0681700
 395.0 0.0670500
 397.5 0.0661300
 400.0 0.0655800
 402.5 0.0651600
 405.0 0.0644500
 407.5 0.0632700
 410.0 0.0621200
 412.5 0.0613200
 415.0 0.0609800
 417.5 0.0605900
 420.0 0.0599800
 422.5 0.0593200
 425.0 0.0585600
 427.5 0.0576000
 430.0 0.0563900
 432.5 0.0551100
 435.0 0.0542500
 437.5 0.0538000
 440.0 0.0532600
 442.5 0.0524300
 445.0 0.0513800
 447.5 0.0504400
 450.0 0.0498000
 452.5 0.0493400
 455.0 0.0488400
 457.5 0.0482200
 460.0 0.0475600
 462.5 0.0470300
 465.0 0.0466000
 467.5 0.0461700
 470.0 0.0457500
 472.5 0.0452900
 475.0 0.0447900
 477.5 0.0442200
 480.0 0.0435300
 482.5 0.0427800
 485.0 0.0420300
 487.5 0.0415300
 490.0 0.0411900
 492.5 0.0408500
 495.0 0.0404000
 497.5 0.0398100
 500.0 0.0385500
 502.5 0.0378800
 505.0 0.0373300
 507.5 0.0372600
 510.0 0.0375700
 512.5 0.0373300
 515.0 0.0368500
 517.5 0.0366100
 520.0 0.0363400
 522.5 0.0360700
 525.0 0.0357100
 527.5 0.0353200
 530.0 0.0345800
 532.5 0.0341700
 535.0 0.0338200
 537.5 0.0334200
 540.0 0.0331100
 542.5 0.0329000
 545.0 0.0323000
 547.5 0.0317700
 550.0 0.0313600
 552.5 0.0309000
 555.0 0.0304800
 557.5 0.0302600
 560.0 0.0299000
 562.5 0.0292100
 565.0 0.0287100
 567.5 0.0284700
 570.0 0.0280300
 572.5 0.0275400
 575.0 0.0271900
 577.5 0.0269900
 580.0 0.0266900
 582.5 0.0263500
 585.0 0.0258500
 587.5 0.0255400
 590.0 0.0253500
 592.5 0.0251900
 595.0 0.0249100
 597.5 0.0247100
 600.0 0.0243700
 602.5 0.0243000
 605.0 0.0240300
 607.5 0.0237200
 610.0 0.0234000
 612.5 0.0232500
 615.0 0.0229900
 617.5 0.0226800
 620.0 0.0223300
 622.5 0.0223700
 625.0 0.0219800
 627.5 0.0216200
 630.0 0.0214200
 632.5 0.0212000
 635.0 0.0209700
 637.5 0.0207200
 640.0 0.0205100
 642.5 0.0204400
 645.0 0.0200800
 647.5 0.0196800
 650.0 0.0190700
 652.5 0.0187600
 655.0 0.0186900
 657.5 0.0186400
 660.0 0.0184000
 662.5 0.0181500
 665.0 0.0179000
 667.5 0.0177700
 670.0 0.0176000
 672.5 0.0174700
 675.0 0.0174100
 677.5 0.0171400
 680.0 0.0168300
 682.5 0.0167500
 685.0 0.0164600
 687.5 0.0162600
 690.0 0.0160400
 692.5 0.0158500
 695.0 0.0156900
 697.5 0.0154900
 700.0 0.0152900
 702.5 0.0150500
 705.0 0.0149300
 707.5 0.0147200
 710.0 0.0145900
 712.5 0.0144800
 715.0 0.0142800
 717.5 0.0140100
 720.0 0.0138400
 722.5 0.0136000
 725.0 0.0133900
 727.5 0.0132400
 730.0 0.0130700
 732.5 0.0130300
 735.0 0.0128800
 737.5 0.0127300
 740.0 0.0126000
 742.5 0.0125000
 745.0 0.0123700
 747.5 0.0123100
 750.0 0.0122800
 752.5 0.0121300
 755.0 0.0119200
 757.5 0.0117900
 760.0 0.0117700
 762.5 0.0116400
 765.0 0.0116300
 767.5 0.0115300
 770.0 0.0113400
 772.5 0.0112700
 775.0 0.0110900
 777.5 0.0109200
 780.0 0.0108700
 782.5 0.0107900
 785.0 0.0107400
 787.5 0.0106800
 790.0 0.0105300
 792.5 0.0104100
 795.0 0.0102700
 797.5 0.0101500
 800.0 0.0101100
 802.5 0.0099900
 805.0 0.0098900
 807.5 0.0098300
 810.0 0.0097400
 812.5 0.0095800
 815.0 0.0093900
 817.5 0.0093700
 820.0 0.0093600
 822.5 0.0092600
 825.0 0.0092200
 827.5 0.0092000
 830.0 0.0090700
 832.5 0.0089900
 835.0 0.0089400
 837.5 0.0088800
 840.0 0.0087600
 842.5 0.0087300
 845.0 0.0087300
 847.5 0.0087400
 850.0 0.0087500
 852.5 0.0087300
 855.0 0.0087000
 857.5 0.0086900
 860.0 0.0086100
 862.5 0.0085700
 865.0 0.0085300
 867.5 0.0084000
 870.0 0.0083500
 872.5 0.0083100
 875.0 0.0081600
 877.5 0.0081000
 880.0 0.0081400
 882.5 0.0080300
 885.0 0.0078800
 887.5 0.0077700
 890.0 0.0078200
 892.5 0.0076600
 895.0 0.0076300
 897.5 0.0073500
 900.0 0.0071100
 902.5 0.0070100
 905.0 0.0070700
 907.5 0.0071300
 910.0 0.0071200
 912.5 0.0070800
 915.0 0.0070100
 917.5 0.0069000
 920.0 0.0067600
 922.5 0.0066400
 925.0 0.0066300
 927.5 0.0066500
 930.0 0.0067700
 932.5 0.0067600
 935.0 0.0067100
 937.5 0.0067000
 940.0 0.0066500
 942.5 0.0065200
 945.0 0.0064800
 947.5 0.0062100
 950.0 0.0061500
 952.5 0.0061000
 955.0 0.0060000
 957.5 0.0059800
 960.0 0.0060100
 962.5 0.0059500
 965.0 0.0059000
 967.5 0.0058700
 970.0 0.0058700
 972.5 0.0058300
 975.0 0.0057900
 977.5 0.0057900
 980.0 0.0057600
 982.5 0.0057500
 985.0 0.0057900
 987.5 0.0057000
 990.0 0.0057000
 992.5 0.0056400
 995.0 0.0055900
 997.5 0.0055100
1000.0 0.0053900
1002.5 0.0053500
1005.0 0.0052400
1007.5 0.0052300
1010.0 0.0052700
1012.5 0.0052600
1015.0 0.0052500
1017.5 0.0052200
1020.0 0.0051700
1022.5 0.0051400
1025.0 0.0051100
1027.5 0.0050500
1030.0 0.0050000
1032.5 0.0049600
1035.0 0.0049600
1037.5 0.0049000
1040.0 0.0048800
1042.5 0.0048800
1045.0 0.0048200
1047.5 0.0047700
1050.0 0.0047200
1052.5 0.0047000
1055.0 0.0046800
1057.5 0.0046300
1060.0 0.0045600
1062.5 0.0045400
1065.0 0.0045800
1067.5 0.0045700
1070.0 0.0045000
1072.5 0.0044500
1075.0 0.0043700
1077.5 0.0043300
1080.0 0.0042700

# nm  Flux(W/m2/m) for star HR 1713 from file: table6.dat
 320.0 0.0645700
 322.5 0.0655800
 325.0 0.0640300
 327.5 0.0652800
 330.0 0.0649200
 332.5 0.0657700
 335.0 0.0648000
 337.5 0.0649200
 340.0 0.0646800
 342.5 0.0644500
 345.0 0.0636800
 347.5 0.0635600
 350.0 0.0628100
 352.5 0.0622900
 355.0 0.0617200
 357.5 0.0610900
 360.0 0.0601500
 362.5 0.0590500
 365.0 0.0584000
 367.5 0.0592100
 370.0 0.0645700
 372.5 0.0707300
 375.0 0.0720400
 377.5 0.0723100
 380.0 0.0715200
 382.5 0.0701500
 385.0 0.0702100
 387.5 0.0697600
 390.0 0.0696300
 392.5 0.0686800
 395.0 0.0662500
 397.5 0.0660100
 400.0 0.0656400
 402.5 0.0647400
 405.0 0.0656400
 407.5 0.0634500
 410.0 0.0609800
 412.5 0.0610900
 415.0 0.0614300
 417.5 0.0605300
 420.0 0.0601500
 422.5 0.0592700
 425.0 0.0585100
 427.5 0.0581800
 430.0 0.0568600
 432.5 0.0541500
 435.0 0.0536500
 437.5 0.0543000
 440.0 0.0535100
 442.5 0.0526700
 445.0 0.0512900
 447.5 0.0501200
 450.0 0.0496100
 452.5 0.0493900
 455.0 0.0490700
 457.5 0.0483500
 460.0 0.0472500
 462.5 0.0469000
 465.0 0.0468200
 467.5 0.0459600
 470.0 0.0457900
 472.5 0.0455000
 475.0 0.0447500
 477.5 0.0440600
 480.0 0.0438900
 482.5 0.0429300
 485.0 0.0413800
 487.5 0.0415300
 490.0 0.0413400
 492.5 0.0407000
 495.0 0.0406600
 497.5 0.0400300
 500.0 0.0387600
 502.5 0.0384800
 505.0 0.0383700
 507.5 0.0382300
 510.0 0.0376700
 512.5 0.0371200
 515.0 0.0367500
 517.5 0.0367800
 520.0 0.0364800
 522.5 0.0352900
 525.0 0.0346400
 527.5 0.0343200
 530.0 0.0337900
 532.5 0.0334800
 535.0 0.0334200
 537.5 0.0328400
 540.0 0.0325700
 542.5 0.0324800
 545.0 0.0316800
 547.5 0.0310200
 550.0 0.0308500
 552.5 0.0303700
 555.0 0.0299800
 557.5 0.0297600
 560.0 0.0289200
 562.5 0.0283700
 565.0 0.0278200
 567.5 0.0276700
 570.0 0.0276200
 572.5 0.0273900
 575.0 0.0269400
 577.5 0.0266200
 580.0 0.0257000
 582.5 0.0251000
 585.0 0.0253700
 587.5 0.0249100
 590.0 0.0244300
 592.5 0.0247300
 595.0 0.0245900
 597.5 0.0245500
 600.0 0.0238100
 602.5 0.0236200
 605.0 0.0230600
 607.5 0.0232300
 610.0 0.0229500
 612.5 0.0224900
 615.0 0.0221400
 617.5 0.0220000
 620.0 0.0216200
 622.5 0.0216800
 625.0 0.0213400
 627.5 0.0207400
 630.0 0.0205300
 632.5 0.0205700
 635.0 0.0199500
 637.5 0.0196100
 640.0 0.0196600
 642.5 0.0199300
 645.0 0.0197700
 647.5 0.0193200
 650.0 0.0186000
 652.5 0.0185400
 655.0 0.0186900
 657.5 0.0185000
 660.0 0.0182000
 662.5 0.0180800
 665.0 0.0178500
 667.5 0.0176800
 670.0 0.0171600
 672.5 0.0172700
 675.0 0.0170900
 677.5 0.0170000
 680.0 0.0165200
 682.5 0.0162800
 685.0 0.0164700
 687.5 0.0152800
 690.0 0.0161300
 692.5 0.0152500
 695.0 0.0154600
 697.5 0.0156200
 700.0 0.0152500
 702.5 0.0147000
 705.0 0.0145900
 707.5 0.0141800
 710.0 0.0142400
 712.5 0.0143700
 715.0 0.0145200
 717.5 0.0136900
 720.0 0.0130600
 722.5 0.0133500
 725.0 0.0130300
 727.5 0.0128400
 730.0 0.0128800
 732.5 0.0129800
 735.0 0.0126700

