# nm  Flux(W/m2/m) for star HR 1762 from file: table5.dat
 320.0 0.0004580
 322.5 0.0004650
 325.0 0.0004690
 327.5 0.0004710
 330.0 0.0004710
 332.5 0.0004710
 335.0 0.0004710
 337.5 0.0004720
 340.0 0.0004720
 342.5 0.0004680
 345.0 0.0004630
 347.5 0.0004580
 350.0 0.0004540
 352.5 0.0004500
 355.0 0.0004450
 357.5 0.0004410
 360.0 0.0004380
 362.5 0.0004380
 365.0 0.0004390
 367.5 0.0004470
 370.0 0.0004710
 372.5 0.0005230
 375.0 0.0006000
 377.5 0.0006900
 380.0 0.0007760
 382.5 0.0008470
 385.0 0.0008960
 387.5 0.0009340
 390.0 0.0009580
 392.5 0.0009690
 395.0 0.0009570
 397.5 0.0009470
 400.0 0.0009690
 402.5 0.0010050
 405.0 0.0010000
 407.5 0.0009440
 410.0 0.0008840
 412.5 0.0008800
 415.0 0.0009160
 417.5 0.0009530
 420.0 0.0009640
 422.5 0.0009550
 425.0 0.0009400
 427.5 0.0009080
 430.0 0.0008510
 432.5 0.0007910
 435.0 0.0007590
 437.5 0.0007780
 440.0 0.0008110
 442.5 0.0008290
 445.0 0.0008220
 447.5 0.0008080
 450.0 0.0007940
 452.5 0.0007800
 455.0 0.0007660
 457.5 0.0007550
 460.0 0.0007460
 462.5 0.0007380
 465.0 0.0007290
 467.5 0.0007200
 470.0 0.0007120
 472.5 0.0007030
 475.0 0.0006920
 477.5 0.0006800
 480.0 0.0006570
 482.5 0.0006180
 485.0 0.0005770
 487.5 0.0005590
 490.0 0.0005750
 492.5 0.0006000
 495.0 0.0006130
 497.5 0.0006080
 500.0 0.0005990
 502.5 0.0005880
 505.0 0.0005780
 507.5 0.0005710
 510.0 0.0005710
 512.5 0.0005610
 515.0 0.0005530
 517.5 0.0005460
 520.0 0.0005410
 522.5 0.0005340
 525.0 0.0005240
 527.5 0.0005180
 530.0 0.0005170
 532.5 0.0005100
 535.0 0.0004960
 537.5 0.0004970
 540.0 0.0004900
 542.5 0.0004840
 545.0 0.0004830
 547.5 0.0004780
 550.0 0.0004690
 552.5 0.0004600
 555.0 0.0004540
 557.5 0.0004510
 560.0 0.0004400
 562.5 0.0004330
 565.0 0.0004280
 567.5 0.0004220
 570.0 0.0004130
 572.5 0.0004080
 575.0 0.0004050
 577.5 0.0003970
 580.0 0.0003900
 582.5 0.0003850
 585.0 0.0003850
 587.5 0.0003820
 590.0 0.0003760
 592.5 0.0003710
 595.0 0.0003680
 597.5 0.0003650
 600.0 0.0003620
 602.5 0.0003600
 605.0 0.0003580
 607.5 0.0003530
 610.0 0.0003450
 612.5 0.0003390
 615.0 0.0003330
 617.5 0.0003280
 620.0 0.0003260
 622.5 0.0003220
 625.0 0.0003150
 627.5 0.0003090
 630.0 0.0003090
 632.5 0.0003070
 635.0 0.0003020
 637.5 0.0002990
 640.0 0.0002950
 642.5 0.0002910
 645.0 0.0002900
 647.5 0.0002880
 650.0 0.0002750
 652.5 0.0002620
 655.0 0.0002550
 657.5 0.0002490
 660.0 0.0002540
 662.5 0.0002640
 665.0 0.0002660
 667.5 0.0002650
 670.0 0.0002610
 672.5 0.0002590
 675.0 0.0002570
 677.5 0.0002550
 680.0 0.0002530
 682.5 0.0002470
 685.0 0.0002450
 687.5 0.0002420
 690.0 0.0002360
 692.5 0.0002330
 695.0 0.0002310
 697.5 0.0002270
 700.0 0.0002230
 702.5 0.0002200
 705.0 0.0002170
 707.5 0.0002160
 710.0 0.0002140
 712.5 0.0002090
 715.0 0.0002100
 717.5 0.0002070
 720.0 0.0002050
 722.5 0.0002030
 725.0 0.0002010
 727.5 0.0001990
 730.0 0.0001950
 732.5 0.0001920
 735.0 0.0001870
 737.5 0.0001850
 740.0 0.0001920
 742.5 0.0001880
 745.0 0.0001850
 747.5 0.0001840
 750.0 0.0001820
 752.5 0.0001800
 755.0 0.0001790
 757.5 0.0001750
 760.0 0.0001790
 762.5 0.0001790
 765.0 0.0001730
 767.5 0.0001700
 770.0 0.0001740
 772.5 0.0001740
 775.0 0.0001640
 777.5 0.0001610
 780.0 0.0001610
 782.5 0.0001610
 785.0 0.0001600
 787.5 0.0001560
 790.0 0.0001530
 792.5 0.0001530
 795.0 0.0001530
 797.5 0.0001520
 800.0 0.0001460
 802.5 0.0001470
 805.0 0.0001470
 807.5 0.0001460
 810.0 0.0001410
 812.5 0.0001430
 815.0 0.0001420
 817.5 0.0001420
 820.0 0.0001390
 822.5 0.0001360
 825.0 0.0001420
 827.5 0.0001370
 830.0 0.0001340
 832.5 0.0001320
 835.0 0.0001360
 837.5 0.0001340
 840.0 0.0001340
 842.5 0.0001320
 845.0 0.0001310
 847.5 0.0001350
 850.0 0.0001310
 852.5 0.0001280
 855.0 0.0001320
 857.5 0.0001330
 860.0 0.0001330
 862.5 0.0001280
 865.0 0.0001290
 867.5 0.0001310
 870.0 0.0001290
 872.5 0.0001280
 875.0 0.0001290
 877.5 0.0001330
 880.0 0.0001330
 882.5 0.0001260
 885.0 0.0001230
 887.5 0.0001210
 890.0 0.0001200
 892.5 0.0001270
 895.0 0.0001230
 897.5 0.0001110
 900.0 0.0001060
 902.5 0.0001080
 905.0 0.0001100
 907.5 0.0001140
 910.0 0.0001130
 912.5 0.0001100
 915.0 0.0001110
 917.5 0.0001070
 920.0 0.0001010
 922.5 0.0000990
 925.0 0.0000990
 927.5 0.0001090
 930.0 0.0001150
 932.5 0.0001150
 935.0 0.0001170
 937.5 0.0001130
 940.0 0.0001130
 942.5 0.0001110
 945.0 0.0001120
 947.5 0.0001080
 950.0 0.0001020
 952.5 0.0001020
 955.0 0.0001030
 957.5 0.0001000
 960.0 0.0000990
 962.5 0.0001070
 965.0 0.0001030
 967.5 0.0001010
 970.0 0.0000990
 972.5 0.0000980
 975.0 0.0000990
 977.5 0.0000980
 980.0 0.0000970
 982.5 0.0000960
 985.0 0.0000960
 987.5 0.0000980
 990.0 0.0000960
 992.5 0.0000980
 995.0 0.0000960
 997.5 0.0000950
1000.0 0.0000910
1002.5 0.0000850
1005.0 0.0000830
1007.5 0.0000870
1010.0 0.0000880
1012.5 0.0000900
1015.0 0.0000910
1017.5 0.0000950
1020.0 0.0000960
1022.5 0.0000940
1025.0 0.0000880
1027.5 0.0000900
1030.0 0.0000900
1032.5 0.0000890
1035.0 0.0000840
1037.5 0.0000850
1040.0 0.0000900
1042.5 0.0000860
1045.0 0.0000900
1047.5 0.0000870
1050.0 0.0000850
1052.5 0.0000860
1055.0 0.0000870
1057.5 0.0000840
1060.0 0.0000840
1062.5 0.0000820
1065.0 0.0000830
1067.5 0.0000840
1070.0 0.0000900
1072.5 0.0000820
1075.0 0.0000820
1077.5 0.0000820
1080.0 0.0000820

# nm  Flux(W/m2/m) for star HR 1762 from file: table6.dat
 320.0 0.0004580
 322.5 0.0004670
 325.0 0.0004690
 327.5 0.0004770
 330.0 0.0004680
 332.5 0.0004700
 335.0 0.0004710
 337.5 0.0004720
 340.0 0.0004750
 342.5 0.0004740
 345.0 0.0004600
 347.5 0.0004510
 350.0 0.0004580
 352.5 0.0004550
 355.0 0.0004420
 357.5 0.0004380
 360.0 0.0004380
 362.5 0.0004360
 365.0 0.0004400
 367.5 0.0004380
 370.0 0.0004460
 372.5 0.0005020
 375.0 0.0005850
 377.5 0.0007030
 380.0 0.0007940
 382.5 0.0008410
 385.0 0.0009260
 387.5 0.0009610
 390.0 0.0008880
 392.5 0.0010530
 395.0 0.0010010
 397.5 0.0008280
 400.0 0.0009610
 402.5 0.0010620
 405.0 0.0010630
 407.5 0.0009810
 410.0 0.0007710
 412.5 0.0008270
 415.0 0.0009680
 417.5 0.0009770
 420.0 0.0009630
 422.5 0.0009600
 425.0 0.0009460
 427.5 0.0009220
 430.0 0.0008950
 432.5 0.0007630
 435.0 0.0006580
 437.5 0.0007980
 440.0 0.0008450
 442.5 0.0008430
 445.0 0.0008230
 447.5 0.0008020
 450.0 0.0007980
 452.5 0.0007820
 455.0 0.0007600
 457.5 0.0007540
 460.0 0.0007470
 462.5 0.0007390
 465.0 0.0007280
 467.5 0.0007200
 470.0 0.0007110
 472.5 0.0007070
 475.0 0.0006910
 477.5 0.0006800
 480.0 0.0006720
 482.5 0.0006470
 485.0 0.0005500
 487.5 0.0004930
 490.0 0.0005920
 492.5 0.0006230
 495.0 0.0006200
 497.5 0.0006090
 500.0 0.0005980
 502.5 0.0005890
 505.0 0.0005760
 507.5 0.0005670
 510.0 0.0005650
 512.5 0.0005680
 515.0 0.0005540
 517.5 0.0005410
 520.0 0.0005400
 522.5 0.0005270
 525.0 0.0005230
 527.5 0.0005170
 530.0 0.0005120
 532.5 0.0005050
 535.0 0.0005020
 537.5 0.0004920
 540.0 0.0004830
 542.5 0.0004800
 545.0 0.0004850
 547.5 0.0004760
 550.0 0.0004680
 552.5 0.0004630
 555.0 0.0004490
 557.5 0.0004430
 560.0 0.0004410
 562.5 0.0004300
 565.0 0.0004180
 567.5 0.0004180
 570.0 0.0004130
 572.5 0.0004060
 575.0 0.0003980
 577.5 0.0003850
 580.0 0.0003810
 582.5 0.0003860
 585.0 0.0003840
 587.5 0.0003780
 590.0 0.0003740
 592.5 0.0003710
 595.0 0.0003670
 597.5 0.0003640
 600.0 0.0003620
 602.5 0.0003580
 605.0 0.0003560
 607.5 0.0003490
 610.0 0.0003450
 612.5 0.0003410
 615.0 0.0003270
 617.5 0.0003250
 620.0 0.0003210
 622.5 0.0003160
 625.0 0.0003130
 627.5 0.0003080
 630.0 0.0003040
 632.5 0.0003060
 635.0 0.0003000
 637.5 0.0002990
 640.0 0.0002830
 642.5 0.0002840
 645.0 0.0002900
 647.5 0.0002890
 650.0 0.0002730
 652.5 0.0002680
 655.0 0.0002550
 657.5 0.0002280
 660.0 0.0002540
 662.5 0.0002730
 665.0 0.0002730
 667.5 0.0002660
 670.0 0.0002570
 672.5 0.0002560
 675.0 0.0002600
 677.5 0.0002560
 680.0 0.0002500
 682.5 0.0002470
 685.0 0.0002420
 687.5 0.0002400
 690.0 0.0002330
 692.5 0.0002310
 695.0 0.0002300
 697.5 0.0002270
 700.0 0.0002220
 702.5 0.0002130
 705.0 0.0002130
 707.5 0.0002130
 710.0 0.0002090
 712.5 0.0002070
 715.0 0.0002060
 717.5 0.0002030
 720.0 0.0002040
 722.5 0.0002000
 725.0 0.0001990
 727.5 0.0001990
 730.0 0.0001940
 732.5 0.0001900
 735.0 0.0001830

