# nm  Flux(W/m2/m) for star HR 1770 from file: table6.dat
 320.0 0.0012780
 322.5 0.0012670
 325.0 0.0013350
 327.5 0.0012420
 330.0 0.0012210
 332.5 0.0011930
 335.0 0.0012010
 337.5 0.0011970
 340.0 0.0011840
 342.5 0.0011890
 345.0 0.0011400
 347.5 0.0011160
 350.0 0.0011380
 352.5 0.0011040
 355.0 0.0010630
 357.5 0.0010370
 360.0 0.0010200
 362.5 0.0009730
 365.0 0.0009830
 367.5 0.0009860
 370.0 0.0009230
 372.5 0.0009380
 375.0 0.0009480
 377.5 0.0009710
 380.0 0.0009550
 382.5 0.0009140
 385.0 0.0009990
 387.5 0.0010150
 390.0 0.0009180
 392.5 0.0010120
 395.0 0.0009940
 397.5 0.0008390
 400.0 0.0009060
 402.5 0.0008990
 405.0 0.0009150
 407.5 0.0008940
 410.0 0.0007540
 412.5 0.0007860
 415.0 0.0008230
 417.5 0.0008370
 420.0 0.0008250
 422.5 0.0008050
 425.0 0.0007950
 427.5 0.0007610
 430.0 0.0007490
 432.5 0.0006710
 435.0 0.0006150
 437.5 0.0006960
 440.0 0.0006840
 442.5 0.0006810
 445.0 0.0006640
 447.5 0.0006250
 450.0 0.0006500
 452.5 0.0006280
 455.0 0.0006170
 457.5 0.0006110
 460.0 0.0006060
 462.5 0.0005880
 465.0 0.0005800
 467.5 0.0005830
 470.0 0.0005630
 472.5 0.0005510
 475.0 0.0005590
 477.5 0.0005450
 480.0 0.0005240
 482.5 0.0005200
 485.0 0.0004780
 487.5 0.0004510
 490.0 0.0004990
 492.5 0.0004880
 495.0 0.0005000
 497.5 0.0004800
 500.0 0.0004570
 502.5 0.0004570
 505.0 0.0004540
 507.5 0.0004470
 510.0 0.0004520
 512.5 0.0004450
 515.0 0.0004320
 517.5 0.0004360
 520.0 0.0004300
 522.5 0.0004160
 525.0 0.0004080
 527.5 0.0004090
 530.0 0.0003980
 532.5 0.0003850
 535.0 0.0003870
 537.5 0.0003770
 540.0 0.0003710
 542.5 0.0003720
 545.0 0.0003660
 547.5 0.0003590
 550.0 0.0003550
 552.5 0.0003520
 555.0 0.0003450
 557.5 0.0003400
 560.0 0.0003310
 562.5 0.0003210
 565.0 0.0003190
 567.5 0.0003060
 570.0 0.0003120
 572.5 0.0003060
 575.0 0.0003030
 577.5 0.0002980
 580.0 0.0002950
 582.5 0.0002970
 585.0 0.0002900
 587.5 0.0002700
 590.0 0.0002720
 592.5 0.0002830
 595.0 0.0002800
 597.5 0.0002680
 600.0 0.0002600
 602.5 0.0002670
 605.0 0.0002700
 607.5 0.0002570
 610.0 0.0002570
 612.5 0.0002550
 615.0 0.0002480
 617.5 0.0002490
 620.0 0.0002440
 622.5 0.0002460
 625.0 0.0002380
 627.5 0.0002330
 630.0 0.0002250
 632.5 0.0002230
 635.0 0.0002270
 637.5 0.0002310
 640.0 0.0002160
 642.5 0.0002220
 645.0 0.0002160
 647.5 0.0002110
 650.0 0.0002130
 652.5 0.0002110
 655.0 0.0001930
 657.5 0.0001700
 660.0 0.0001950
 662.5 0.0002070
 665.0 0.0002030
 667.5 0.0001830
 670.0 0.0001800
 672.5 0.0001890
 675.0 0.0001870
 677.5 0.0001800
 680.0 0.0001700
 682.5 0.0001800
 685.0 0.0001700
 687.5 0.0001640
 690.0 0.0001720
 692.5 0.0001590
 695.0 0.0001700
 697.5 0.0001570
 700.0 0.0001600
 702.5 0.0001530
 705.0 0.0001500
 707.5 0.0001580
 710.0 0.0001500
 712.5 0.0001500
 715.0 0.0001510
 717.5 0.0001410
 720.0 0.0001390
 722.5 0.0001400
 725.0 0.0001420
 727.5 0.0001420
 730.0 0.0001370
 732.5 0.0001340
 735.0 0.0001290

