# nm  Flux(W/m2/m) for star HR 1996 from file: table6.dat
 320.0 0.0016220
 322.5 0.0016640
 325.0 0.0016200
 327.5 0.0015520
 330.0 0.0014940
 332.5 0.0015280
 335.0 0.0014510
 337.5 0.0014630
 340.0 0.0014640
 342.5 0.0013980
 345.0 0.0013960
 347.5 0.0013600
 350.0 0.0013580
 352.5 0.0012710
 355.0 0.0012620
 357.5 0.0012310
 360.0 0.0012020
 362.5 0.0011710
 365.0 0.0011290
 367.5 0.0011300
 370.0 0.0010220
 372.5 0.0010200
 375.0 0.0009890
 377.5 0.0009890
 380.0 0.0009730
 382.5 0.0009680
 385.0 0.0009510
 387.5 0.0009160
 390.0 0.0009240
 392.5 0.0009500
 395.0 0.0008950
 397.5 0.0008500
 400.0 0.0008730
 402.5 0.0008460
 405.0 0.0008530
 407.5 0.0007970
 410.0 0.0007400
 412.5 0.0007800
 415.0 0.0007890
 417.5 0.0007730
 420.0 0.0007510
 422.5 0.0007560
 425.0 0.0007380
 427.5 0.0007110
 430.0 0.0007070
 432.5 0.0006360
 435.0 0.0006370
 437.5 0.0006630
 440.0 0.0006420
 442.5 0.0006260
 445.0 0.0006010
 447.5 0.0005930
 450.0 0.0005800
 452.5 0.0005640
 455.0 0.0005620
 457.5 0.0005590
 460.0 0.0005420
 462.5 0.0005220
 465.0 0.0005130
 467.5 0.0005100
 470.0 0.0005110
 472.5 0.0005070
 475.0 0.0005020
 477.5 0.0004840
 480.0 0.0004780
 482.5 0.0004740
 485.0 0.0004250
 487.5 0.0004310
 490.0 0.0004500
 492.5 0.0004470
 495.0 0.0004430
 497.5 0.0004310
 500.0 0.0004090
 502.5 0.0004140
 505.0 0.0004040
 507.5 0.0004020
 510.0 0.0003960
 512.5 0.0003830
 515.0 0.0003880
 517.5 0.0003750
 520.0 0.0003750
 522.5 0.0003540
 525.0 0.0003560
 527.5 0.0003500
 530.0 0.0003360
 532.5 0.0003350
 535.0 0.0003280
 537.5 0.0003260
 540.0 0.0003160
 542.5 0.0003160
 545.0 0.0003100
 547.5 0.0003080
 550.0 0.0003020
 552.5 0.0002980
 555.0 0.0002940
 557.5 0.0002950
 560.0 0.0002840
 562.5 0.0002790
 565.0 0.0002700
 567.5 0.0002650
 570.0 0.0002640
 572.5 0.0002590
 575.0 0.0002580
 577.5 0.0002520
 580.0 0.0002450
 582.5 0.0002310
 585.0 0.0002460
 587.5 0.0002440
 590.0 0.0002300
 592.5 0.0002310
 595.0 0.0002330
 597.5 0.0002250
 600.0 0.0002230
 602.5 0.0002260
 605.0 0.0002150
 607.5 0.0002120
 610.0 0.0002120
 612.5 0.0002120
 615.0 0.0001970
 617.5 0.0001960
 620.0 0.0001930
 622.5 0.0001950
 625.0 0.0001990
 627.5 0.0001830
 630.0 0.0001910
 632.5 0.0001810
 635.0 0.0001820
 637.5 0.0001760
 640.0 0.0001760
 642.5 0.0001790
 645.0 0.0001690
 647.5 0.0001720
 650.0 0.0001610
 652.5 0.0001670
 655.0 0.0001550
 657.5 0.0001520
 660.0 0.0001690
 662.5 0.0001660
 665.0 0.0001530
 667.5 0.0001480
 670.0 0.0001470
 672.5 0.0001540
 675.0 0.0001530
 677.5 0.0001450
 680.0 0.0001380
 682.5 0.0001400
 685.0 0.0001410
 687.5 0.0001390
 690.0 0.0001370
 692.5 0.0001230
 695.0 0.0001280
 697.5 0.0001380
 700.0 0.0001330
 702.5 0.0001230
 705.0 0.0001290
 707.5 0.0001200
 710.0 0.0001190
 712.5 0.0001230
 715.0 0.0001250
 717.5 0.0001200
 720.0 0.0001210
 722.5 0.0001170
 725.0 0.0001090
 727.5 0.0001080
 730.0 0.0001060
 732.5 0.0001040
 735.0 0.0001090

