# nm  Flux(W/m2/m) for star HR 219 from file: table5.dat
 320.0 0.0006920
 322.5 0.0007310
 325.0 0.0007880
 327.5 0.0008460
 330.0 0.0008800
 332.5 0.0008820
 335.0 0.0008730
 337.5 0.0008720
 340.0 0.0008860
 342.5 0.0008990
 345.0 0.0009040
 347.5 0.0009120
 350.0 0.0009280
 352.5 0.0009390
 355.0 0.0009380
 357.5 0.0009240
 360.0 0.0009270
 362.5 0.0009570
 365.0 0.0010090
 367.5 0.0010400
 370.0 0.0010370
 372.5 0.0010160
 375.0 0.0010140
 377.5 0.0010230
 380.0 0.0010210
 382.5 0.0010060
 385.0 0.0010060
 387.5 0.0010130
 390.0 0.0010060
 392.5 0.0009850
 395.0 0.0010170
 397.5 0.0011270
 400.0 0.0012780
 402.5 0.0013820
 405.0 0.0014200
 407.5 0.0014240
 410.0 0.0014360
 412.5 0.0014620
 415.0 0.0014800
 417.5 0.0014820
 420.0 0.0014680
 422.5 0.0014440
 425.0 0.0014070
 427.5 0.0013680
 430.0 0.0013480
 432.5 0.0013690
 435.0 0.0014190
 437.5 0.0014740
 440.0 0.0015190
 442.5 0.0015570
 445.0 0.0015940
 447.5 0.0016250
 450.0 0.0016460
 452.5 0.0016570
 455.0 0.0016570
 457.5 0.0016580
 460.0 0.0016600
 462.5 0.0016610
 465.0 0.0016550
 467.5 0.0016500
 470.0 0.0016470
 472.5 0.0016490
 475.0 0.0016520
 477.5 0.0016550
 480.0 0.0016460
 482.5 0.0016170
 485.0 0.0015810
 487.5 0.0015590
 490.0 0.0015650
 492.5 0.0015810
 495.0 0.0015910
 497.5 0.0015880
 500.0 0.0015820
 502.5 0.0015790
 505.0 0.0015790
 507.5 0.0015820
 510.0 0.0015820
 512.5 0.0015590
 515.0 0.0015350
 517.5 0.0015180
 520.0 0.0015220
 522.5 0.0015350
 525.0 0.0015470
 527.5 0.0015620
 530.0 0.0015730
 532.5 0.0015730
 535.0 0.0015720
 537.5 0.0015670
 540.0 0.0015550
 542.5 0.0015520
 545.0 0.0015520
 547.5 0.0015500
 550.0 0.0015490
 552.5 0.0015450
 555.0 0.0015290
 557.5 0.0015150
 560.0 0.0015020
 562.5 0.0014960
 565.0 0.0014900
 567.5 0.0014870
 570.0 0.0014860
 572.5 0.0014890
 575.0 0.0014860
 577.5 0.0014830
 580.0 0.0014760
 582.5 0.0014720
 585.0 0.0014680
 587.5 0.0014600
 590.0 0.0014520
 592.5 0.0014490
 595.0 0.0014480
 597.5 0.0014470
 600.0 0.0014400
 602.5 0.0014350
 605.0 0.0014260
 607.5 0.0014160
 610.0 0.0014050
 612.5 0.0013940
 615.0 0.0013820
 617.5 0.0013740
 620.0 0.0013680
 622.5 0.0013630
 625.0 0.0013580
 627.5 0.0013480
 630.0 0.0013420
 632.5 0.0013450
 635.0 0.0013420
 637.5 0.0013390
 640.0 0.0013330
 642.5 0.0013260
 645.0 0.0013130
 647.5 0.0012950
 650.0 0.0012710
 652.5 0.0012510
 655.0 0.0012390
 657.5 0.0012390
 660.0 0.0012570
 662.5 0.0012780
 665.0 0.0012880
 667.5 0.0012820
 670.0 0.0012720
 672.5 0.0012600
 675.0 0.0012550
 677.5 0.0012490
 680.0 0.0012410
 682.5 0.0012310
 685.0 0.0012210
 687.5 0.0012120
 690.0 0.0012090
 692.5 0.0012010
 695.0 0.0011900
 697.5 0.0011770
 700.0 0.0011650
 702.5 0.0011530
 705.0 0.0011430
 707.5 0.0011360
 710.0 0.0011290
 712.5 0.0011180
 715.0 0.0011040
 717.5 0.0010850
 720.0 0.0010710
 722.5 0.0010660
 725.0 0.0010640
 727.5 0.0010610
 730.0 0.0010560
 732.5 0.0010500
 735.0 0.0010400
 737.5 0.0010310
 740.0 0.0010420
 742.5 0.0010360
 745.0 0.0010180
 747.5 0.0010130
 750.0 0.0010200
 752.5 0.0010160
 755.0 0.0010020
 757.5 0.0009970
 760.0 0.0009980
 762.5 0.0009990
 765.0 0.0010010
 767.5 0.0010020
 770.0 0.0010030
 772.5 0.0010040
 775.0 0.0009840
 777.5 0.0009690
 780.0 0.0009750
 782.5 0.0009750
 785.0 0.0009620
 787.5 0.0009530
 790.0 0.0009400
 792.5 0.0009410
 795.0 0.0009370
 797.5 0.0009310
 800.0 0.0009300
 802.5 0.0009200
 805.0 0.0009210
 807.5 0.0009180
 810.0 0.0009000
 812.5 0.0008940
 815.0 0.0008930
 817.5 0.0008770
 820.0 0.0008670
 822.5 0.0008810
 825.0 0.0008810
 827.5 0.0008850
 830.0 0.0008830
 832.5 0.0008740
 835.0 0.0008710
 837.5 0.0008700
 840.0 0.0008670
 842.5 0.0008630
 845.0 0.0008660
 847.5 0.0008410
 850.0 0.0008320
 852.5 0.0008200
 855.0 0.0008250
 857.5 0.0008230
 860.0 0.0008330
 862.5 0.0008360
 865.0 0.0008110
 867.5 0.0008010
 870.0 0.0008240
 872.5 0.0008230
 875.0 0.0008150
 877.5 0.0008050
 880.0 0.0008090
 882.5 0.0007900
 885.0 0.0007880
 887.5 0.0007830
 890.0 0.0007740
 892.5 0.0007540
 895.0 0.0007320
 897.5 0.0007320
 900.0 0.0007410
 902.5 0.0007430
 905.0 0.0007440
 907.5 0.0007190
 910.0 0.0006980
 912.5 0.0007020
 915.0 0.0007100
 917.5 0.0007260
 920.0 0.0007240
 922.5 0.0007220
 925.0 0.0007200
 927.5 0.0007180
 930.0 0.0007160
 932.5 0.0007140
 935.0 0.0007130
 937.5 0.0007110
 940.0 0.0007090
 942.5 0.0007070
 945.0 0.0006750
 947.5 0.0006720
 950.0 0.0006690
 952.5 0.0006600
 955.0 0.0006550
 957.5 0.0006610
 960.0 0.0006450
 962.5 0.0006370
 965.0 0.0006360
 967.5 0.0006400
 970.0 0.0006260
 972.5 0.0006160
 975.0 0.0006170
 977.5 0.0006260
 980.0 0.0006270
 982.5 0.0006290
 985.0 0.0006280
 987.5 0.0006270
 990.0 0.0006150
 992.5 0.0006180
 995.0 0.0006150
 997.5 0.0006120
1000.0 0.0006010
1002.5 0.0006010
1005.0 0.0006060
1007.5 0.0006230
1010.0 0.0006140
1012.5 0.0006130
1015.0 0.0006120
1017.5 0.0006090
1020.0 0.0006080
1022.5 0.0006070
1025.0 0.0006000
1027.5 0.0005950
1030.0 0.0005920
1032.5 0.0005850
1035.0 0.0005830
1037.5 0.0005880
1040.0 0.0005830
1042.5 0.0005780
1045.0 0.0005730
1047.5 0.0005710
1050.0 0.0005750
1052.5 0.0005700
1055.0 0.0005660
1057.5 0.0005650
1060.0 0.0005710
1062.5 0.0005640
1065.0 0.0005670
1067.5 0.0005600
1070.0 0.0005580
1072.5 0.0005490
1075.0 0.0005410
1077.5 0.0005300
1080.0 0.0005300

# nm  Flux(W/m2/m) for star HR 219 from file: table6.dat
 320.0 0.0006910
 322.5 0.0007160
 325.0 0.0007660
 327.5 0.0008810
 330.0 0.0009170
 332.5 0.0008900
 335.0 0.0008650
 337.5 0.0008270
 340.0 0.0009090
 342.5 0.0009250
 345.0 0.0008820
 347.5 0.0009030
 350.0 0.0009310
 352.5 0.0009510
 355.0 0.0009730
 357.5 0.0008960
 360.0 0.0009050
 362.5 0.0009190
 365.0 0.0010300
 367.5 0.0010830
 370.0 0.0010820
 372.5 0.0009660
 375.0 0.0009570
 377.5 0.0010860
 380.0 0.0010650
 382.5 0.0009420
 385.0 0.0009830
 387.5 0.0010430
 390.0 0.0010660
 392.5 0.0009460
 395.0 0.0008930
 397.5 0.0010670
 400.0 0.0013790
 402.5 0.0014520
 405.0 0.0014260
 407.5 0.0014070
 410.0 0.0014060
 412.5 0.0014830
 415.0 0.0015040
 417.5 0.0014850
 420.0 0.0014710
 422.5 0.0014450
 425.0 0.0014340
 427.5 0.0013650
 430.0 0.0012740
 432.5 0.0013480
 435.0 0.0014470
 437.5 0.0014710
 440.0 0.0015150
 442.5 0.0015760
 445.0 0.0015830
 447.5 0.0016250
 450.0 0.0016720
 452.5 0.0016610
 455.0 0.0016470
 457.5 0.0016580
 460.0 0.0016530
 462.5 0.0016810
 465.0 0.0016530
 467.5 0.0016380
 470.0 0.0016470
 472.5 0.0016500
 475.0 0.0016550
 477.5 0.0016490
 480.0 0.0016630
 482.5 0.0016610
 485.0 0.0015460
 487.5 0.0015080
 490.0 0.0015810
 492.5 0.0015880
 495.0 0.0016030
 497.5 0.0015880
 500.0 0.0015750
 502.5 0.0015810
 505.0 0.0015700
 507.5 0.0015910
 510.0 0.0015880
 512.5 0.0015630
 515.0 0.0015250
 517.5 0.0014820
 520.0 0.0015160
 522.5 0.0015390
 525.0 0.0015460
 527.5 0.0015450
 530.0 0.0015760
 532.5 0.0015750
 535.0 0.0015760
 537.5 0.0015690
 540.0 0.0015400
 542.5 0.0015470
 545.0 0.0015560
 547.5 0.0015430
 550.0 0.0015570
 552.5 0.0015490
 555.0 0.0015370
 557.5 0.0015140
 560.0 0.0014930
 562.5 0.0014960
 565.0 0.0014910
 567.5 0.0014890
 570.0 0.0014850
 572.5 0.0014890
 575.0 0.0014910
 577.5 0.0014890
 580.0 0.0014710
 582.5 0.0014670
 585.0 0.0014870
 587.5 0.0014620
 590.0 0.0014350
 592.5 0.0014590
 595.0 0.0014570
 597.5 0.0014560
 600.0 0.0014340
 602.5 0.0014400
 605.0 0.0014360
 607.5 0.0014160
 610.0 0.0013970
 612.5 0.0014030
 615.0 0.0013790
 617.5 0.0013650
 620.0 0.0013690
 622.5 0.0013660
 625.0 0.0013490
 627.5 0.0013540
 630.0 0.0013500
 632.5 0.0013390
 635.0 0.0013450
 637.5 0.0013490
 640.0 0.0013260
 642.5 0.0013300
 645.0 0.0013330
 647.5 0.0012910
 650.0 0.0012640
 652.5 0.0012590
 655.0 0.0012410
 657.5 0.0012100
 660.0 0.0012600
 662.5 0.0012930
 665.0 0.0013070
 667.5 0.0012850
 670.0 0.0012690
 672.5 0.0012540
 675.0 0.0012580
 677.5 0.0012540
 680.0 0.0012380
 682.5 0.0012380
 685.0 0.0012230
 687.5 0.0012010
 690.0 0.0012210
 692.5 0.0012060
 695.0 0.0011960
 697.5 0.0011730
 700.0 0.0011690
 702.5 0.0011530
 705.0 0.0011460
 707.5 0.0011320
 710.0 0.0011240
 712.5 0.0011220
 715.0 0.0011200
 717.5 0.0010780
 720.0 0.0010520
 722.5 0.0010660
 725.0 0.0010700
 727.5 0.0010560
 730.0 0.0010570
 732.5 0.0010630
 735.0 0.0010260

