# nm  Flux(W/m2/m) for star HR 2905 from file: table5.dat
 320.0 0.0000110
 322.5 0.0000120
 325.0 0.0000140
 327.5 0.0000170
 330.0 0.0000200
 332.5 0.0000220
 335.0 0.0000240
 337.5 0.0000250
 340.0 0.0000270
 342.5 0.0000280
 345.0 0.0000300
 347.5 0.0000320
 350.0 0.0000350
 352.5 0.0000360
 355.0 0.0000350
 357.5 0.0000350
 360.0 0.0000370
 362.5 0.0000430
 365.0 0.0000500
 367.5 0.0000540
 370.0 0.0000520
 372.5 0.0000480
 375.0 0.0000460
 377.5 0.0000470
 380.0 0.0000480
 382.5 0.0000470
 385.0 0.0000460
 387.5 0.0000480
 390.0 0.0000500
 392.5 0.0000520
 395.0 0.0000590
 397.5 0.0000750
 400.0 0.0000990
 402.5 0.0001210
 405.0 0.0001380
 407.5 0.0001490
 410.0 0.0001560
 412.5 0.0001600
 415.0 0.0001630
 417.5 0.0001660
 420.0 0.0001720
 422.5 0.0001790
 425.0 0.0001900
 427.5 0.0002060
 430.0 0.0002330
 432.5 0.0002670
 435.0 0.0002980
 437.5 0.0003190
 440.0 0.0003370
 442.5 0.0003610
 445.0 0.0003940
 447.5 0.0004290
 450.0 0.0004590
 452.5 0.0004840
 455.0 0.0005090
 457.5 0.0005350
 460.0 0.0005560
 462.5 0.0005670
 465.0 0.0005680
 467.5 0.0005690
 470.0 0.0005750
 472.5 0.0005840
 475.0 0.0005910
 477.5 0.0005940
 480.0 0.0005950
 482.5 0.0005970
 485.0 0.0006020
 487.5 0.0006140
 490.0 0.0006320
 492.5 0.0006440
 495.0 0.0006430
 497.5 0.0006280
 500.0 0.0006170
 502.5 0.0006180
 505.0 0.0006290
 507.5 0.0006340
 510.0 0.0006340
 512.5 0.0006130
 515.0 0.0005980
 517.5 0.0005990
 520.0 0.0006290
 522.5 0.0006800
 525.0 0.0007410
 527.5 0.0007890
 530.0 0.0008340
 532.5 0.0008730
 535.0 0.0008870
 537.5 0.0009000
 540.0 0.0009080
 542.5 0.0009030
 545.0 0.0008980
 547.5 0.0009010
 550.0 0.0009120
 552.5 0.0009310
 555.0 0.0009490
 557.5 0.0009480
 560.0 0.0009410
 562.5 0.0009340
 565.0 0.0009430
 567.5 0.0009610
 570.0 0.0009820
 572.5 0.0010010
 575.0 0.0010170
 577.5 0.0010400
 580.0 0.0010480
 582.5 0.0010490
 585.0 0.0010180
 587.5 0.0009840
 590.0 0.0009660
 592.5 0.0009760
 595.0 0.0010030
 597.5 0.0010350
 600.0 0.0010790
 602.5 0.0011150
 605.0 0.0011410
 607.5 0.0011610
 610.0 0.0011380
 612.5 0.0011170
 615.0 0.0010610
 617.5 0.0009980
 620.0 0.0009480
 622.5 0.0009300
 625.0 0.0009490
 627.5 0.0009950
 630.0 0.0010420
 632.5 0.0010850
 635.0 0.0011270
 637.5 0.0011560
 640.0 0.0011780
 642.5 0.0011980
 645.0 0.0012130
 647.5 0.0012310
 650.0 0.0012160
 652.5 0.0012310
 655.0 0.0012360
 657.5 0.0012430
 660.0 0.0012390
 662.5 0.0012310
 665.0 0.0012190
 667.5 0.0011960
 670.0 0.0011810
 672.5 0.0011690
 675.0 0.0011670
 677.5 0.0011790
 680.0 0.0011870
 682.5 0.0012060
 685.0 0.0012330
 687.5 0.0012520
 690.0 0.0012720
 692.5 0.0012930
 695.0 0.0012990
 697.5 0.0012990
 700.0 0.0012860
 702.5 0.0012580
 705.0 0.0012180
 707.5 0.0011580
 710.0 0.0011110
 712.5 0.0010880
 715.0 0.0010920
 717.5 0.0011130
 720.0 0.0011530
 722.5 0.0012000
 725.0 0.0012270
 727.5 0.0012490
 730.0 0.0012520
 732.5 0.0012790
 735.0 0.0012890
 737.5 0.0013160
 740.0 0.0013220
 742.5 0.0013450
 745.0 0.0013350
 747.5 0.0013500
 750.0 0.0013660
 752.5 0.0013680
 755.0 0.0013500
 757.5 0.0013340
 760.0 0.0013260
 762.5 0.0013460
 765.0 0.0013580
 767.5 0.0013240
 770.0 0.0013210
 772.5 0.0013540
 775.0 0.0013480
 777.5 0.0013390
 780.0 0.0013480
 782.5 0.0013370
 785.0 0.0013180
 787.5 0.0013130
 790.0 0.0012880
 792.5 0.0012910
 795.0 0.0013090
 797.5 0.0013070
 800.0 0.0013270
 802.5 0.0013050
 805.0 0.0013040
 807.5 0.0013070
 810.0 0.0012890
 812.5 0.0012970
 815.0 0.0013120
 817.5 0.0013090
 820.0 0.0013240
 822.5 0.0013440
 825.0 0.0013400
 827.5 0.0013280
 830.0 0.0013070
 832.5 0.0013040
 835.0 0.0013030
 837.5 0.0013060
 840.0 0.0013150
 842.5 0.0013070
 845.0 0.0013100
 847.5 0.0012870
 850.0 0.0012750
 852.5 0.0012850
 855.0 0.0013000
 857.5 0.0013510
 860.0 0.0013430
 862.5 0.0013440
 865.0 0.0013170
 867.5 0.0013340
 870.0 0.0013730
 872.5 0.0013770
 875.0 0.0013820
 877.5 0.0013550
 880.0 0.0013770
 882.5 0.0013770
 885.0 0.0013740
 887.5 0.0013650
 890.0 0.0013270
 892.5 0.0013060
 895.0 0.0012820
 897.5 0.0012840
 900.0 0.0012930
 902.5 0.0013010
 905.0 0.0013060
 907.5 0.0012950
 910.0 0.0012520
 912.5 0.0012330
 915.0 0.0012530
 917.5 0.0012170
 920.0 0.0012290
 922.5 0.0012340
 925.0 0.0012380
 927.5 0.0012230
 930.0 0.0012090
 932.5 0.0011930
 935.0 0.0011970
 937.5 0.0012070
 940.0 0.0012110
 942.5 0.0011970
 945.0 0.0011890
 947.5 0.0012120
 950.0 0.0012280
 952.5 0.0012230
 955.0 0.0012280
 957.5 0.0012170
 960.0 0.0012080
 962.5 0.0011960
 965.0 0.0011870
 967.5 0.0011800
 970.0 0.0011790
 972.5 0.0011650
 975.0 0.0011740
 977.5 0.0011910
 980.0 0.0012210
 982.5 0.0012350
 985.0 0.0012280
 987.5 0.0012350
 990.0 0.0012330
 992.5 0.0012280
 995.0 0.0012580
 997.5 0.0012270
1000.0 0.0012310
1002.5 0.0012450
1005.0 0.0012580
1007.5 0.0012540
1010.0 0.0012610
1012.5 0.0012610
1015.0 0.0012510
1017.5 0.0012510
1020.0 0.0012500
1022.5 0.0012600
1025.0 0.0012450
1027.5 0.0012430
1030.0 0.0012360
1032.5 0.0012180
1035.0 0.0012350
1037.5 0.0012370
1040.0 0.0012460
1042.5 0.0012410
1045.0 0.0012340
1047.5 0.0012190
1050.0 0.0012210
1052.5 0.0012170
1055.0 0.0012190
1057.5 0.0012260
1060.0 0.0012180
1062.5 0.0012130
1065.0 0.0012190
1067.5 0.0012090
1070.0 0.0011860
1072.5 0.0012230
1075.0 0.0012020
1077.5 0.0011610
1080.0 0.0011710

# nm  Flux(W/m2/m) for star HR 2905 from file: table6.dat
 320.0 0.0000110
 322.5 0.0000110
 325.0 0.0000120
 327.5 0.0000160
 330.0 0.0000210
 332.5 0.0000230
 335.0 0.0000240
 337.5 0.0000240
 340.0 0.0000270
 342.5 0.0000290
 345.0 0.0000290
 347.5 0.0000320
 350.0 0.0000350
 352.5 0.0000370
 355.0 0.0000380
 357.5 0.0000310
 360.0 0.0000330
 362.5 0.0000430
 365.0 0.0000530
 367.5 0.0000590
 370.0 0.0000560
 372.5 0.0000440
 375.0 0.0000400
 377.5 0.0000510
 380.0 0.0000520
 382.5 0.0000440
 385.0 0.0000440
 387.5 0.0000460
 390.0 0.0000550
 392.5 0.0000520
 395.0 0.0000470
 397.5 0.0000640
 400.0 0.0001050
 402.5 0.0001310
 405.0 0.0001380
 407.5 0.0001510
 410.0 0.0001630
 412.5 0.0001590
 415.0 0.0001600
 417.5 0.0001680
 420.0 0.0001720
 422.5 0.0001710
 425.0 0.0001920
 427.5 0.0002020
 430.0 0.0002130
 432.5 0.0002710
 435.0 0.0003190
 437.5 0.0003220
 440.0 0.0003220
 442.5 0.0003570
 445.0 0.0003920
 447.5 0.0004310
 450.0 0.0004700
 452.5 0.0004800
 455.0 0.0005030
 457.5 0.0005390
 460.0 0.0005620
 462.5 0.0005850
 465.0 0.0005630
 467.5 0.0005600
 470.0 0.0005700
 472.5 0.0005920
 475.0 0.0005990
 477.5 0.0005840
 480.0 0.0005980
 482.5 0.0006050
 485.0 0.0005920
 487.5 0.0006000
 490.0 0.0006380
 492.5 0.0006590
 495.0 0.0006600
 497.5 0.0006260
 500.0 0.0005950
 502.5 0.0006050
 505.0 0.0006440
 507.5 0.0006450
 510.0 0.0006320
 512.5 0.0006210
 515.0 0.0005930
 517.5 0.0005510
 520.0 0.0005950
 522.5 0.0006790
 525.0 0.0007220
 527.5 0.0007730
 530.0 0.0008430
 532.5 0.0008540
 535.0 0.0008910
 537.5 0.0009110
 540.0 0.0008850
 542.5 0.0009070
 545.0 0.0009020
 547.5 0.0008770
 550.0 0.0008860
 552.5 0.0009260
 555.0 0.0009640
 557.5 0.0009510
 560.0 0.0009360
 562.5 0.0009210
 565.0 0.0009250
 567.5 0.0009590
 570.0 0.0009870
 572.5 0.0010080
 575.0 0.0010150
 577.5 0.0010200
 580.0 0.0010470
 582.5 0.0010750
 585.0 0.0010540
 587.5 0.0009750
 590.0 0.0009090
 592.5 0.0009730
 595.0 0.0010140
 597.5 0.0010310
 600.0 0.0010520
 602.5 0.0010920
 605.0 0.0011550
 607.5 0.0011790
 610.0 0.0011660
 612.5 0.0011480
 615.0 0.0011020
 617.5 0.0010140
 620.0 0.0009540
 622.5 0.0008970
 625.0 0.0008990
 627.5 0.0009750
 630.0 0.0010510
 632.5 0.0010940
 635.0 0.0011330
 637.5 0.0011690
 640.0 0.0011960
 642.5 0.0012150
 645.0 0.0012310
 647.5 0.0012520
 650.0 0.0012880
 652.5 0.0013280
 655.0 0.0013030
 657.5 0.0013050
 660.0 0.0013270
 662.5 0.0013160
 665.0 0.0012870
 667.5 0.0012620
 670.0 0.0012230
 672.5 0.0012060
 675.0 0.0011910
 677.5 0.0011870
 680.0 0.0011890
 682.5 0.0012110
 685.0 0.0012530
 687.5 0.0012850
 690.0 0.0013000
 692.5 0.0013060
 695.0 0.0013290
 697.5 0.0013340
 700.0 0.0013260
 702.5 0.0013220
 705.0 0.0012970
 707.5 0.0011980
 710.0 0.0011080
 712.5 0.0010780
 715.0 0.0010730
 717.5 0.0011210
 720.0 0.0011400
 722.5 0.0011950
 725.0 0.0012370
 727.5 0.0012220
 730.0 0.0012220
 732.5 0.0012580
 735.0 0.0012940

