# nm  Flux(W/m2/m) for star HR 2943 from file: table5.dat
 320.0 0.0123400
 322.5 0.0128400
 325.0 0.0135600
 327.5 0.0144100
 330.0 0.0151100
 332.5 0.0152600
 335.0 0.0152200
 337.5 0.0153500
 340.0 0.0157200
 342.5 0.0160100
 345.0 0.0160400
 347.5 0.0160500
 350.0 0.0163100
 352.5 0.0166300
 355.0 0.0167800
 357.5 0.0165300
 360.0 0.0165000
 362.5 0.0169200
 365.0 0.0178200
 367.5 0.0184800
 370.0 0.0187200
 372.5 0.0189700
 375.0 0.0196400
 377.5 0.0205900
 380.0 0.0214800
 382.5 0.0221200
 385.0 0.0227000
 387.5 0.0228500
 390.0 0.0224900
 392.5 0.0221600
 395.0 0.0230800
 397.5 0.0255600
 400.0 0.0284200
 402.5 0.0299800
 405.0 0.0299500
 407.5 0.0293200
 410.0 0.0293200
 412.5 0.0301200
 415.0 0.0309300
 417.5 0.0313600
 420.0 0.0313600
 422.5 0.0311900
 425.0 0.0308500
 427.5 0.0301200
 430.0 0.0293000
 432.5 0.0289500
 435.0 0.0294300
 437.5 0.0303100
 440.0 0.0309900
 442.5 0.0312500
 445.0 0.0312500
 447.5 0.0312500
 450.0 0.0312200
 452.5 0.0311600
 455.0 0.0310200
 457.5 0.0309000
 460.0 0.0308700
 462.5 0.0308200
 465.0 0.0307300
 467.5 0.0306200
 470.0 0.0305600
 472.5 0.0305100
 475.0 0.0305100
 477.5 0.0305400
 480.0 0.0302300
 482.5 0.0293800
 485.0 0.0283100
 487.5 0.0277500
 490.0 0.0280000
 492.5 0.0283900
 495.0 0.0286300
 497.5 0.0284400
 500.0 0.0282400
 502.5 0.0280000
 505.0 0.0279300
 507.5 0.0279000
 510.0 0.0279800
 512.5 0.0276200
 515.0 0.0271400
 517.5 0.0268200
 520.0 0.0267900
 522.5 0.0268900
 525.0 0.0268200
 527.5 0.0268400
 530.0 0.0268200
 532.5 0.0267700
 535.0 0.0267700
 537.5 0.0266200
 540.0 0.0264200
 542.5 0.0263000
 545.0 0.0262100
 547.5 0.0259900
 550.0 0.0258000
 552.5 0.0255900
 555.0 0.0254000
 557.5 0.0253000
 560.0 0.0250300
 562.5 0.0246800
 565.0 0.0244600
 567.5 0.0243200
 570.0 0.0242300
 572.5 0.0241900
 575.0 0.0241400
 577.5 0.0240300
 580.0 0.0237900
 582.5 0.0234900
 585.0 0.0232500
 587.5 0.0231800
 590.0 0.0232300
 592.5 0.0232100
 595.0 0.0231000
 597.5 0.0228200
 600.0 0.0225700
 602.5 0.0224900
 605.0 0.0223300
 607.5 0.0222400
 610.0 0.0220200
 612.5 0.0217400
 615.0 0.0215000
 617.5 0.0213400
 620.0 0.0211800
 622.5 0.0211800
 625.0 0.0210300
 627.5 0.0208200
 630.0 0.0207400
 632.5 0.0207000
 635.0 0.0206100
 637.5 0.0204600
 640.0 0.0203400
 642.5 0.0201900
 645.0 0.0199900
 647.5 0.0196400
 650.0 0.0190000
 652.5 0.0185200
 655.0 0.0180600
 657.5 0.0181300
 660.0 0.0185700
 662.5 0.0189300
 665.0 0.0190500
 667.5 0.0189500
 670.0 0.0187400
 672.5 0.0184800
 675.0 0.0183000
 677.5 0.0181600
 680.0 0.0179600
 682.5 0.0178000
 685.0 0.0175700
 687.5 0.0174100
 690.0 0.0173800
 692.5 0.0173600
 695.0 0.0172000
 697.5 0.0170000
 700.0 0.0167800
 702.5 0.0165000
 705.0 0.0163700
 707.5 0.0162300
 710.0 0.0160700
 712.5 0.0159500
 715.0 0.0157800
 717.5 0.0155500
 720.0 0.0153000
 722.5 0.0151800
 725.0 0.0150200
 727.5 0.0149000
 730.0 0.0147200
 732.5 0.0146400
 735.0 0.0145600
 737.5 0.0145100
 740.0 0.0147200
 742.5 0.0146700
 745.0 0.0145900
 747.5 0.0145600
 750.0 0.0145100
 752.5 0.0143700
 755.0 0.0142200
 757.5 0.0141800
 760.0 0.0141800
 762.5 0.0141000
 765.0 0.0140200
 767.5 0.0139300
 770.0 0.0138200
 772.5 0.0137300
 775.0 0.0135900
 777.5 0.0135000
 780.0 0.0134300
 782.5 0.0133500
 785.0 0.0132800
 787.5 0.0132300
 790.0 0.0130300
 792.5 0.0130000
 795.0 0.0129100
 797.5 0.0128200
 800.0 0.0127500
 802.5 0.0125900
 805.0 0.0124500
 807.5 0.0124300
 810.0 0.0123300
 812.5 0.0122100
 815.0 0.0121200
 817.5 0.0120100
 820.0 0.0119600
 822.5 0.0119700
 825.0 0.0119900
 827.5 0.0119600
 830.0 0.0118100
 832.5 0.0116800
 835.0 0.0116900
 837.5 0.0116800
 840.0 0.0115700
 842.5 0.0114600
 845.0 0.0114100
 847.5 0.0112800
 850.0 0.0110800
 852.5 0.0108800
 855.0 0.0108800
 857.5 0.0110200
 860.0 0.0110800
 862.5 0.0109700
 865.0 0.0107700
 867.5 0.0106100
 870.0 0.0106300
 872.5 0.0106500
 875.0 0.0105800
 877.5 0.0104800
 880.0 0.0104200
 882.5 0.0103000
 885.0 0.0101000
 887.5 0.0099700
 890.0 0.0099900
 892.5 0.0098500
 895.0 0.0097400
 897.5 0.0095100
 900.0 0.0093700
 902.5 0.0092100
 905.0 0.0091800
 907.5 0.0092000
 910.0 0.0092500
 912.5 0.0093100
 915.0 0.0092500
 917.5 0.0091000
 920.0 0.0089700
 922.5 0.0087300
 925.0 0.0088300
 927.5 0.0088400
 930.0 0.0090600
 932.5 0.0090200
 935.0 0.0089900
 937.5 0.0089100
 940.0 0.0088200
 942.5 0.0087100
 945.0 0.0086800
 947.5 0.0086800
 950.0 0.0086100
 952.5 0.0084300
 955.0 0.0083300
 957.5 0.0083200
 960.0 0.0083300
 962.5 0.0082000
 965.0 0.0081100
 967.5 0.0082200
 970.0 0.0083200
 972.5 0.0083100
 975.0 0.0083300
 977.5 0.0082900
 980.0 0.0082600
 982.5 0.0082300
 985.0 0.0082500
 987.5 0.0081600
 990.0 0.0081400
 992.5 0.0081100
 995.0 0.0080800
 997.5 0.0078800
1000.0 0.0078100
1002.5 0.0077300
1005.0 0.0075600
1007.5 0.0076900
1010.0 0.0078100
1012.5 0.0077600
1015.0 0.0077800
1017.5 0.0077600
1020.0 0.0076700
1022.5 0.0076100
1025.0 0.0076100
1027.5 0.0074900
1030.0 0.0074700
1032.5 0.0074300
1035.0 0.0074500
1037.5 0.0074100
1040.0 0.0073500
1042.5 0.0072500
1045.0 0.0072700
1047.5 0.0072200
1050.0 0.0072200
1052.5 0.0072000
1055.0 0.0071300
1057.5 0.0070800
1060.0 0.0069700
1062.5 0.0068700
1065.0 0.0069400
1067.5 0.0068900
1070.0 0.0067600
1072.5 0.0067600
1075.0 0.0067700
1077.5 0.0067400
1080.0 0.0066400

# nm  Flux(W/m2/m) for star HR 2943 from file: table6.dat
 320.0 0.0129800
 322.5 0.0120700
 325.0 0.0133500
 327.5 0.0145500
 330.0 0.0158600
 332.5 0.0155600
 335.0 0.0148500
 337.5 0.0147000
 340.0 0.0160800
 342.5 0.0165700
 345.0 0.0157800
 347.5 0.0159200
 350.0 0.0160000
 352.5 0.0166300
 355.0 0.0178300
 357.5 0.0161000
 360.0 0.0160300
 362.5 0.0162000
 365.0 0.0180300
 367.5 0.0195300
 370.0 0.0187600
 372.5 0.0179800
 375.0 0.0192700
 377.5 0.0212800
 380.0 0.0217400
 382.5 0.0214200
 385.0 0.0234000
 387.5 0.0233300
 390.0 0.0229500
 392.5 0.0215600
 395.0 0.0203200
 397.5 0.0248900
 400.0 0.0309900
 402.5 0.0311300
 405.0 0.0304200
 407.5 0.0286800
 410.0 0.0276400
 412.5 0.0307000
 415.0 0.0317400
 417.5 0.0314200
 420.0 0.0313300
 422.5 0.0311300
 425.0 0.0313600
 427.5 0.0304200
 430.0 0.0291600
 432.5 0.0274900
 435.0 0.0290800
 437.5 0.0311600
 440.0 0.0311600
 442.5 0.0314500
 445.0 0.0311600
 447.5 0.0311000
 450.0 0.0313900
 452.5 0.0313300
 455.0 0.0308200
 457.5 0.0308500
 460.0 0.0308700
 462.5 0.0309600
 465.0 0.0307300
 467.5 0.0305400
 470.0 0.0305900
 472.5 0.0305100
 475.0 0.0304200
 477.5 0.0304800
 480.0 0.0307600
 482.5 0.0305100
 485.0 0.0273900
 487.5 0.0260900
 490.0 0.0287100
 492.5 0.0286300
 495.0 0.0289700
 497.5 0.0282600
 500.0 0.0282600
 502.5 0.0280300
 505.0 0.0277200
 507.5 0.0277200
 510.0 0.0283400
 512.5 0.0276400
 515.0 0.0270100
 517.5 0.0265700
 520.0 0.0268200
 522.5 0.0267900
 525.0 0.0265500
 527.5 0.0265000
 530.0 0.0266200
 532.5 0.0265500
 535.0 0.0267700
 537.5 0.0266000
 540.0 0.0261800
 542.5 0.0260400
 545.0 0.0262800
 547.5 0.0258000
 550.0 0.0258500
 552.5 0.0255400
 555.0 0.0252600
 557.5 0.0251400
 560.0 0.0248200
 562.5 0.0244100
 565.0 0.0242500
 567.5 0.0238100
 570.0 0.0241400
 572.5 0.0241000
 575.0 0.0238800
 577.5 0.0242100
 580.0 0.0237200
 582.5 0.0228500
 585.0 0.0231200
 587.5 0.0228500
 590.0 0.0231200
 592.5 0.0231000
 595.0 0.0230100
 597.5 0.0230100
 600.0 0.0223500
 602.5 0.0222000
 605.0 0.0220600
 607.5 0.0223300
 610.0 0.0218800
 612.5 0.0217200
 615.0 0.0210700
 617.5 0.0210300
 620.0 0.0211100
 622.5 0.0210900
 625.0 0.0207800
 627.5 0.0208500
 630.0 0.0205500
 632.5 0.0204700
 635.0 0.0202900
 637.5 0.0205100
 640.0 0.0200600
 642.5 0.0198200
 645.0 0.0204200
 647.5 0.0192100
 650.0 0.0188100
 652.5 0.0186600
 655.0 0.0173100
 657.5 0.0177000
 660.0 0.0188500
 662.5 0.0189800
 665.0 0.0191600
 667.5 0.0190000
 670.0 0.0185900
 672.5 0.0178800
 675.0 0.0180300
 677.5 0.0181100
 680.0 0.0177300
 682.5 0.0178300
 685.0 0.0172200
 687.5 0.0166400
 690.0 0.0175100
 692.5 0.0174900
 695.0 0.0170300
 697.5 0.0169800
 700.0 0.0166400
 702.5 0.0161700
 705.0 0.0161400
 707.5 0.0160400
 710.0 0.0160100
 712.5 0.0159100
 715.0 0.0158100
 717.5 0.0155500
 720.0 0.0146700
 722.5 0.0148900
 725.0 0.0149800
 727.5 0.0148300
 730.0 0.0141400
 732.5 0.0146300
 735.0 0.0141800

