# nm  Flux(W/m2/m) for star HR 2961 from file: table6.dat
 320.0 0.0012390
 322.5 0.0012350
 325.0 0.0012370
 327.5 0.0012120
 330.0 0.0011460
 332.5 0.0011290
 335.0 0.0011400
 337.5 0.0011560
 340.0 0.0010870
 342.5 0.0010830
 345.0 0.0010730
 347.5 0.0010620
 350.0 0.0010730
 352.5 0.0009940
 355.0 0.0009810
 357.5 0.0009720
 360.0 0.0009640
 362.5 0.0009210
 365.0 0.0009280
 367.5 0.0009210
 370.0 0.0008470
 372.5 0.0008700
 375.0 0.0009420
 377.5 0.0009830
 380.0 0.0010040
 382.5 0.0009890
 385.0 0.0010870
 387.5 0.0009900
 390.0 0.0010860
 392.5 0.0011580
 395.0 0.0009670
 397.5 0.0009550
 400.0 0.0010400
 402.5 0.0010250
 405.0 0.0010860
 407.5 0.0009400
 410.0 0.0008380
 412.5 0.0009660
 415.0 0.0009980
 417.5 0.0009860
 420.0 0.0009530
 422.5 0.0009440
 425.0 0.0009180
 427.5 0.0009080
 430.0 0.0008810
 432.5 0.0006820
 435.0 0.0007690
 437.5 0.0008350
 440.0 0.0008240
 442.5 0.0008080
 445.0 0.0007780
 447.5 0.0007320
 450.0 0.0007400
 452.5 0.0007420
 455.0 0.0007390
 457.5 0.0007310
 460.0 0.0007050
 462.5 0.0006850
 465.0 0.0006890
 467.5 0.0006740
 470.0 0.0006590
 472.5 0.0006490
 475.0 0.0006580
 477.5 0.0006390
 480.0 0.0006360
 482.5 0.0006150
 485.0 0.0005100
 487.5 0.0005620
 490.0 0.0005920
 492.5 0.0005720
 495.0 0.0005840
 497.5 0.0005690
 500.0 0.0005560
 502.5 0.0005510
 505.0 0.0005450
 507.5 0.0005460
 510.0 0.0005380
 512.5 0.0005300
 515.0 0.0005200
 517.5 0.0005170
 520.0 0.0005110
 522.5 0.0004900
 525.0 0.0004810
 527.5 0.0004760
 530.0 0.0004630
 532.5 0.0004520
 535.0 0.0004600
 537.5 0.0004520
 540.0 0.0004410
 542.5 0.0004350
 545.0 0.0004300
 547.5 0.0004240
 550.0 0.0004250
 552.5 0.0004090
 555.0 0.0004030
 557.5 0.0004000
 560.0 0.0003860
 562.5 0.0003710
 565.0 0.0003620
 567.5 0.0003630
 570.0 0.0003550
 572.5 0.0003490
 575.0 0.0003510
 577.5 0.0003440
 580.0 0.0003290
 582.5 0.0003270
 585.0 0.0003330
 587.5 0.0003320
 590.0 0.0003220
 592.5 0.0003210
 595.0 0.0003190
 597.5 0.0003040
 600.0 0.0002960
 602.5 0.0003040
 605.0 0.0002870
 607.5 0.0002910
 610.0 0.0002990
 612.5 0.0002870
 615.0 0.0002880
 617.5 0.0002850
 620.0 0.0002690
 622.5 0.0002740
 625.0 0.0002660
 627.5 0.0002610
 630.0 0.0002570
 632.5 0.0002440
 635.0 0.0002520
 637.5 0.0002480
 640.0 0.0002410
 642.5 0.0002480
 645.0 0.0002390
 647.5 0.0002350
 650.0 0.0002370
 652.5 0.0002320
 655.0 0.0002080
 657.5 0.0001930
 660.0 0.0002190
 662.5 0.0002310
 665.0 0.0002180
 667.5 0.0002160
 670.0 0.0002040
 672.5 0.0002170
 675.0 0.0002050
 677.5 0.0002080
 680.0 0.0002040
 682.5 0.0001960
 685.0 0.0001940
 687.5 0.0001920
 690.0 0.0001900
 692.5 0.0001850
 695.0 0.0001870
 697.5 0.0001910
 700.0 0.0001770
 702.5 0.0001760
 705.0 0.0001750
 707.5 0.0001680
 710.0 0.0001670
 712.5 0.0001620
 715.0 0.0001820
 717.5 0.0001670
 720.0 0.0001600
 722.5 0.0001680
 725.0 0.0001590
 727.5 0.0001490
 730.0 0.0001550
 732.5 0.0001550
 735.0 0.0001450

