# nm  Flux(W/m2/m) for star HR 2985 from file: table5.dat
 320.0 0.0001700
 322.5 0.0001840
 325.0 0.0002060
 327.5 0.0002310
 330.0 0.0002500
 332.5 0.0002550
 335.0 0.0002540
 337.5 0.0002550
 340.0 0.0002640
 342.5 0.0002740
 345.0 0.0002810
 347.5 0.0002880
 350.0 0.0002940
 352.5 0.0002950
 355.0 0.0002890
 357.5 0.0002890
 360.0 0.0003110
 362.5 0.0003540
 365.0 0.0004030
 367.5 0.0004340
 370.0 0.0004370
 372.5 0.0004220
 375.0 0.0004010
 377.5 0.0003780
 380.0 0.0003450
 382.5 0.0003070
 385.0 0.0002950
 387.5 0.0003180
 390.0 0.0003560
 392.5 0.0003830
 395.0 0.0004220
 397.5 0.0004980
 400.0 0.0006030
 402.5 0.0006910
 405.0 0.0007370
 407.5 0.0007520
 410.0 0.0007520
 412.5 0.0007420
 415.0 0.0007300
 417.5 0.0007340
 420.0 0.0007600
 422.5 0.0007960
 425.0 0.0008150
 427.5 0.0008190
 430.0 0.0008300
 432.5 0.0008710
 435.0 0.0009240
 437.5 0.0009670
 440.0 0.0009980
 442.5 0.0010320
 445.0 0.0010740
 447.5 0.0011190
 450.0 0.0011510
 452.5 0.0011730
 455.0 0.0011890
 457.5 0.0012090
 460.0 0.0012270
 462.5 0.0012370
 465.0 0.0012360
 467.5 0.0012360
 470.0 0.0012460
 472.5 0.0012680
 475.0 0.0012920
 477.5 0.0013100
 480.0 0.0013150
 482.5 0.0013000
 485.0 0.0012750
 487.5 0.0012580
 490.0 0.0012600
 492.5 0.0012720
 495.0 0.0012800
 497.5 0.0012750
 500.0 0.0012720
 502.5 0.0012810
 505.0 0.0013040
 507.5 0.0013210
 510.0 0.0013190
 512.5 0.0012910
 515.0 0.0012730
 517.5 0.0012680
 520.0 0.0012760
 522.5 0.0012930
 525.0 0.0013110
 527.5 0.0013330
 530.0 0.0013660
 532.5 0.0013840
 535.0 0.0013910
 537.5 0.0013910
 540.0 0.0013730
 542.5 0.0013690
 545.0 0.0013790
 547.5 0.0013770
 550.0 0.0013830
 552.5 0.0013850
 555.0 0.0013920
 557.5 0.0013870
 560.0 0.0013770
 562.5 0.0013680
 565.0 0.0013640
 567.5 0.0013580
 570.0 0.0013680
 572.5 0.0013720
 575.0 0.0013880
 577.5 0.0013920
 580.0 0.0013870
 582.5 0.0013910
 585.0 0.0013880
 587.5 0.0013790
 590.0 0.0013790
 592.5 0.0013820
 595.0 0.0013920
 597.5 0.0013960
 600.0 0.0013830
 602.5 0.0013930
 605.0 0.0013880
 607.5 0.0013880
 610.0 0.0013590
 612.5 0.0013490
 615.0 0.0013400
 617.5 0.0013280
 620.0 0.0013290
 622.5 0.0013230
 625.0 0.0013210
 627.5 0.0013130
 630.0 0.0013040
 632.5 0.0013070
 635.0 0.0013070
 637.5 0.0013090
 640.0 0.0013070
 642.5 0.0013030
 645.0 0.0013090
 647.5 0.0013040
 650.0 0.0012640
 652.5 0.0012550
 655.0 0.0012520
 657.5 0.0012530
 660.0 0.0012580
 662.5 0.0012600
 665.0 0.0012720
 667.5 0.0012800
 670.0 0.0012970
 672.5 0.0012970
 675.0 0.0012910
 677.5 0.0012820
 680.0 0.0012650
 682.5 0.0012600
 685.0 0.0012550
 687.5 0.0012460
 690.0 0.0012380
 692.5 0.0012310
 695.0 0.0012210
 697.5 0.0012130
 700.0 0.0011950
 702.5 0.0011720
 705.0 0.0011730
 707.5 0.0011750
 710.0 0.0011600
 712.5 0.0011470
 715.0 0.0011320
 717.5 0.0011230
 720.0 0.0011140
 722.5 0.0011190
 725.0 0.0011130
 727.5 0.0011070
 730.0 0.0010950
 732.5 0.0010890
 735.0 0.0010810
 737.5 0.0010810
 740.0 0.0010730
 742.5 0.0010730
 745.0 0.0010670
 747.5 0.0010660
 750.0 0.0010730
 752.5 0.0010880
 755.0 0.0010760
 757.5 0.0010600
 760.0 0.0010780
 762.5 0.0010790
 765.0 0.0010820
 767.5 0.0010730
 770.0 0.0010730
 772.5 0.0010730
 775.0 0.0010720
 777.5 0.0010570
 780.0 0.0010590
 782.5 0.0010510
 785.0 0.0010330
 787.5 0.0010190
 790.0 0.0010110
 792.5 0.0009920
 795.0 0.0010020
 797.5 0.0009960
 800.0 0.0010020
 802.5 0.0009790
 805.0 0.0009590
 807.5 0.0009620
 810.0 0.0009520
 812.5 0.0009430
 815.0 0.0009480
 817.5 0.0009450
 820.0 0.0009440
 822.5 0.0009520
 825.0 0.0009560
 827.5 0.0009500
 830.0 0.0009440
 832.5 0.0009380
 835.0 0.0009460
 837.5 0.0009360
 840.0 0.0009420
 842.5 0.0009360
 845.0 0.0009300
 847.5 0.0009200
 850.0 0.0009010
 852.5 0.0008990
 855.0 0.0009060
 857.5 0.0009160
 860.0 0.0009180
 862.5 0.0009170
 865.0 0.0009040
 867.5 0.0009140
 870.0 0.0009290
 872.5 0.0009260
 875.0 0.0009160
 877.5 0.0009020
 880.0 0.0009200
 882.5 0.0009100
 885.0 0.0009150
 887.5 0.0009090
 890.0 0.0008710
 892.5 0.0008610
 895.0 0.0008450
 897.5 0.0008400
 900.0 0.0008420
 902.5 0.0008360
 905.0 0.0008440
 907.5 0.0008320
 910.0 0.0008000
 912.5 0.0007830
 915.0 0.0007970
 917.5 0.0007840
 920.0 0.0007900
 922.5 0.0007940
 925.0 0.0007990
 927.5 0.0007970
 930.0 0.0007800
 932.5 0.0007610
 935.0 0.0007640
 937.5 0.0007660
 940.0 0.0007630
 942.5 0.0007480
 945.0 0.0007400
 947.5 0.0007460
 950.0 0.0007590
 952.5 0.0007440
 955.0 0.0007480
 957.5 0.0007460
 960.0 0.0007380
 962.5 0.0007330
 965.0 0.0007270
 967.5 0.0007210
 970.0 0.0007180
 972.5 0.0007220
 975.0 0.0007130
 977.5 0.0007150
 980.0 0.0007360
 982.5 0.0007340
 985.0 0.0007320
 987.5 0.0007370
 990.0 0.0007260
 992.5 0.0007370
 995.0 0.0007460
 997.5 0.0007390
1000.0 0.0007390
1002.5 0.0007260
1005.0 0.0007330
1007.5 0.0007340
1010.0 0.0007400
1012.5 0.0007320
1015.0 0.0007330
1017.5 0.0007200
1020.0 0.0007260
1022.5 0.0007270
1025.0 0.0007220
1027.5 0.0007160
1030.0 0.0007020
1032.5 0.0007040
1035.0 0.0007020
1037.5 0.0007050
1040.0 0.0007040
1042.5 0.0007100
1045.0 0.0007050
1047.5 0.0007010
1050.0 0.0007020
1052.5 0.0007000
1055.0 0.0006910
1057.5 0.0007010
1060.0 0.0006910
1062.5 0.0006970
1065.0 0.0006920
1067.5 0.0006910
1070.0 0.0006750
1072.5 0.0006790
1075.0 0.0006650
1077.5 0.0006630
1080.0 0.0006510

# nm  Flux(W/m2/m) for star HR 2985 from file: table6.dat
 320.0 0.0001700
 322.5 0.0001740
 325.0 0.0001960
 327.5 0.0002400
 330.0 0.0002670
 332.5 0.0002620
 335.0 0.0002490
 337.5 0.0002380
 340.0 0.0002660
 342.5 0.0002870
 345.0 0.0002790
 347.5 0.0002800
 350.0 0.0002970
 352.5 0.0003120
 355.0 0.0002940
 357.5 0.0002560
 360.0 0.0002910
 362.5 0.0003550
 365.0 0.0004130
 367.5 0.0004600
 370.0 0.0004630
 372.5 0.0004130
 375.0 0.0003820
 377.5 0.0004030
 380.0 0.0003690
 382.5 0.0002810
 385.0 0.0002450
 387.5 0.0002900
 390.0 0.0004120
 392.5 0.0003930
 395.0 0.0003560
 397.5 0.0004430
 400.0 0.0006490
 402.5 0.0007480
 405.0 0.0007410
 407.5 0.0007470
 410.0 0.0007720
 412.5 0.0007520
 415.0 0.0007130
 417.5 0.0007070
 420.0 0.0007460
 422.5 0.0008130
 425.0 0.0008520
 427.5 0.0008200
 430.0 0.0007660
 432.5 0.0008580
 435.0 0.0009660
 437.5 0.0009800
 440.0 0.0009740
 442.5 0.0010320
 445.0 0.0010700
 447.5 0.0011250
 450.0 0.0011750
 452.5 0.0011720
 455.0 0.0011780
 457.5 0.0012110
 460.0 0.0012300
 462.5 0.0012590
 465.0 0.0012340
 467.5 0.0012180
 470.0 0.0012340
 472.5 0.0012790
 475.0 0.0012910
 477.5 0.0013120
 480.0 0.0013370
 482.5 0.0013230
 485.0 0.0012600
 487.5 0.0012280
 490.0 0.0012620
 492.5 0.0012690
 495.0 0.0012970
 497.5 0.0012920
 500.0 0.0012440
 502.5 0.0012550
 505.0 0.0013230
 507.5 0.0013400
 510.0 0.0013270
 512.5 0.0013050
 515.0 0.0012550
 517.5 0.0012260
 520.0 0.0012740
 522.5 0.0012950
 525.0 0.0012950
 527.5 0.0013120
 530.0 0.0013770
 532.5 0.0013850
 535.0 0.0014010
 537.5 0.0013980
 540.0 0.0013460
 542.5 0.0013580
 545.0 0.0013960
 547.5 0.0013800
 550.0 0.0013700
 552.5 0.0013850
 555.0 0.0014010
 557.5 0.0013870
 560.0 0.0013870
 562.5 0.0013800
 565.0 0.0013540
 567.5 0.0013660
 570.0 0.0013820
 572.5 0.0013980
 575.0 0.0013960
 577.5 0.0013910
 580.0 0.0013910
 582.5 0.0014020
 585.0 0.0014160
 587.5 0.0014000
 590.0 0.0013740
 592.5 0.0013960
 595.0 0.0014090
 597.5 0.0014010
 600.0 0.0013930
 602.5 0.0014010
 605.0 0.0014310
 607.5 0.0014190
 610.0 0.0013780
 612.5 0.0013450
 615.0 0.0013320
 617.5 0.0013300
 620.0 0.0013430
 622.5 0.0013280
 625.0 0.0013220
 627.5 0.0013450
 630.0 0.0013510
 632.5 0.0013280
 635.0 0.0013190
 637.5 0.0013210
 640.0 0.0013180
 642.5 0.0013270
 645.0 0.0013280
 647.5 0.0013460
 650.0 0.0012820
 652.5 0.0012800
 655.0 0.0012810
 657.5 0.0012800
 660.0 0.0012810
 662.5 0.0012800
 665.0 0.0012790
 667.5 0.0012780
 670.0 0.0013610
 672.5 0.0013550
 675.0 0.0013430
 677.5 0.0013100
 680.0 0.0012930
 682.5 0.0013000
 685.0 0.0012980
 687.5 0.0013040
 690.0 0.0012840
 692.5 0.0012650
 695.0 0.0012750
 697.5 0.0012600
 700.0 0.0012280
 702.5 0.0012000
 705.0 0.0012000
 707.5 0.0012150
 710.0 0.0011920
 712.5 0.0011660
 715.0 0.0011510
 717.5 0.0011370
 720.0 0.0011240
 722.5 0.0011360
 725.0 0.0011370
 727.5 0.0011080
 730.0 0.0010900
 732.5 0.0010960
 735.0 0.0011200

