# nm  Flux(W/m2/m) for star HR 2990 from file: table5.dat
 320.0 0.0011800
 322.5 0.0012800
 325.0 0.0014600
 327.5 0.0017000
 330.0 0.0018800
 332.5 0.0019100
 335.0 0.0018800
 337.5 0.0018800
 340.0 0.0019700
 342.5 0.0020300
 345.0 0.0020700
 347.5 0.0021300
 350.0 0.0022300
 352.5 0.0022300
 355.0 0.0021700
 357.5 0.0021000
 360.0 0.0023500
 362.5 0.0027700
 365.0 0.0032500
 367.5 0.0034000
 370.0 0.0032600
 372.5 0.0029900
 375.0 0.0028100
 377.5 0.0027000
 380.0 0.0024500
 382.5 0.0021700
 385.0 0.0021400
 387.5 0.0024100
 390.0 0.0027700
 392.5 0.0029800
 395.0 0.0034100
 397.5 0.0042200
 400.0 0.0052700
 402.5 0.0059700
 405.0 0.0062700
 407.5 0.0063500
 410.0 0.0063900
 412.5 0.0063000
 415.0 0.0061700
 417.5 0.0061700
 420.0 0.0064300
 422.5 0.0067600
 425.0 0.0069400
 427.5 0.0070400
 430.0 0.0072900
 432.5 0.0078300
 435.0 0.0083400
 437.5 0.0086500
 440.0 0.0088200
 442.5 0.0091200
 445.0 0.0095700
 447.5 0.0100600
 450.0 0.0104000
 452.5 0.0106000
 455.0 0.0107200
 457.5 0.0108800
 460.0 0.0110700
 462.5 0.0111700
 465.0 0.0111100
 467.5 0.0110600
 470.0 0.0111100
 472.5 0.0113000
 475.0 0.0115800
 477.5 0.0118400
 480.0 0.0119800
 482.5 0.0119100
 485.0 0.0117300
 487.5 0.0115700
 490.0 0.0116300
 492.5 0.0117700
 495.0 0.0118900
 497.5 0.0118400
 500.0 0.0117400
 502.5 0.0117100
 505.0 0.0118000
 507.5 0.0118900
 510.0 0.0118600
 512.5 0.0116000
 515.0 0.0113400
 517.5 0.0112800
 520.0 0.0114200
 522.5 0.0116700
 525.0 0.0119300
 527.5 0.0121800
 530.0 0.0124400
 532.5 0.0127100
 535.0 0.0128100
 537.5 0.0127900
 540.0 0.0127300
 542.5 0.0128400
 545.0 0.0128800
 547.5 0.0129400
 550.0 0.0130400
 552.5 0.0130400
 555.0 0.0130300
 557.5 0.0130400
 560.0 0.0129500
 562.5 0.0128900
 565.0 0.0128600
 567.5 0.0128900
 570.0 0.0129400
 572.5 0.0130300
 575.0 0.0131100
 577.5 0.0131900
 580.0 0.0132200
 582.5 0.0132600
 585.0 0.0131500
 587.5 0.0130400
 590.0 0.0130500
 592.5 0.0131200
 595.0 0.0131900
 597.5 0.0132600
 600.0 0.0132400
 602.5 0.0132900
 605.0 0.0132900
 607.5 0.0132100
 610.0 0.0129900
 612.5 0.0128700
 615.0 0.0128000
 617.5 0.0127100
 620.0 0.0126900
 622.5 0.0126900
 625.0 0.0125900
 627.5 0.0125400
 630.0 0.0125400
 632.5 0.0126100
 635.0 0.0126100
 637.5 0.0126200
 640.0 0.0126600
 642.5 0.0126800
 645.0 0.0126200
 647.5 0.0125500
 650.0 0.0121500
 652.5 0.0120400
 655.0 0.0120000
 657.5 0.0120200
 660.0 0.0121100
 662.5 0.0122500
 665.0 0.0123000
 667.5 0.0123300
 670.0 0.0123400
 672.5 0.0122800
 675.0 0.0122600
 677.5 0.0122100
 680.0 0.0121700
 682.5 0.0121000
 685.0 0.0120100
 687.5 0.0119900
 690.0 0.0118600
 692.5 0.0117500
 695.0 0.0116300
 697.5 0.0114700
 700.0 0.0114200
 702.5 0.0113300
 705.0 0.0112900
 707.5 0.0112400
 710.0 0.0111600
 712.5 0.0110600
 715.0 0.0109200
 717.5 0.0108000
 720.0 0.0107500
 722.5 0.0107300
 725.0 0.0106800
 727.5 0.0105900
 730.0 0.0105400
 732.5 0.0105600
 735.0 0.0104700
 737.5 0.0105000
 740.0 0.0104800
 742.5 0.0105700
 745.0 0.0105500
 747.5 0.0105900
 750.0 0.0106500
 752.5 0.0107200
 755.0 0.0105700
 757.5 0.0106000
 760.0 0.0106400
 762.5 0.0105700
 765.0 0.0105200
 767.5 0.0104600
 770.0 0.0104500
 772.5 0.0106300
 775.0 0.0105800
 777.5 0.0105400
 780.0 0.0105000
 782.5 0.0104600
 785.0 0.0103200
 787.5 0.0101400
 790.0 0.0098900
 792.5 0.0098000
 795.0 0.0097200
 797.5 0.0097400
 800.0 0.0097900
 802.5 0.0097400
 805.0 0.0096600
 807.5 0.0095500
 810.0 0.0094300
 812.5 0.0093900
 815.0 0.0093900
 817.5 0.0093700
 820.0 0.0093600
 822.5 0.0094200
 825.0 0.0094600
 827.5 0.0094400
 830.0 0.0093100
 832.5 0.0092600
 835.0 0.0092600
 837.5 0.0092600
 840.0 0.0092800
 842.5 0.0093100
 845.0 0.0093000
 847.5 0.0092000
 850.0 0.0089900
 852.5 0.0088700
 855.0 0.0089000
 857.5 0.0090400
 860.0 0.0091700
 862.5 0.0091800
 865.0 0.0089800
 867.5 0.0089200
 870.0 0.0090600
 872.5 0.0091400
 875.0 0.0090900
 877.5 0.0089900
 880.0 0.0089800
 882.5 0.0089400
 885.0 0.0089000
 887.5 0.0088400
 890.0 0.0088100
 892.5 0.0086400
 895.0 0.0085400
 897.5 0.0084300
 900.0 0.0083600
 902.5 0.0083000
 905.0 0.0082900
 907.5 0.0082300
 910.0 0.0080800
 912.5 0.0079400
 915.0 0.0078600
 917.5 0.0078100
 920.0 0.0077200
 922.5 0.0077600
 925.0 0.0078000
 927.5 0.0078300
 930.0 0.0078300
 932.5 0.0077300
 935.0 0.0075900
 937.5 0.0074600
 940.0 0.0074000
 942.5 0.0073300
 945.0 0.0072500
 947.5 0.0072600
 950.0 0.0073200
 952.5 0.0073500
 955.0 0.0073900
 957.5 0.0073800
 960.0 0.0073300
 962.5 0.0073200
 965.0 0.0072700
 967.5 0.0072900
 970.0 0.0073200
 972.5 0.0073200
 975.0 0.0073500
 977.5 0.0073600
 980.0 0.0073700
 982.5 0.0073700
 985.0 0.0074100
 987.5 0.0074000
 990.0 0.0073900
 992.5 0.0074100
 995.0 0.0074200
 997.5 0.0073600
1000.0 0.0073200
1002.5 0.0073300
1005.0 0.0073700
1007.5 0.0073700
1010.0 0.0073700
1012.5 0.0073600
1015.0 0.0073300
1017.5 0.0072800
1020.0 0.0072500
1022.5 0.0072300
1025.0 0.0072200
1027.5 0.0071900
1030.0 0.0071600
1032.5 0.0071000
1035.0 0.0070700
1037.5 0.0070800
1040.0 0.0071200
1042.5 0.0071100
1045.0 0.0070700
1047.5 0.0070500
1050.0 0.0070200
1052.5 0.0070000
1055.0 0.0069200
1057.5 0.0068800
1060.0 0.0068500
1062.5 0.0068400
1065.0 0.0068700
1067.5 0.0068500
1070.0 0.0068200
1072.5 0.0067500
1075.0 0.0067000
1077.5 0.0066100
1080.0 0.0065600

# nm  Flux(W/m2/m) for star HR 2990 from file: table6.dat
 320.0 0.0013000
 322.5 0.0011100
 325.0 0.0012900
 327.5 0.0018600
 330.0 0.0020600
 332.5 0.0019500
 335.0 0.0018700
 337.5 0.0016200
 340.0 0.0021100
 342.5 0.0021800
 345.0 0.0019500
 347.5 0.0020200
 350.0 0.0023200
 352.5 0.0024000
 355.0 0.0023800
 357.5 0.0015100
 360.0 0.0022600
 362.5 0.0027100
 365.0 0.0035200
 367.5 0.0037700
 370.0 0.0034400
 372.5 0.0026800
 375.0 0.0025700
 377.5 0.0030800
 380.0 0.0026700
 382.5 0.0018800
 385.0 0.0015800
 387.5 0.0023100
 390.0 0.0034500
 392.5 0.0028700
 395.0 0.0026500
 397.5 0.0037200
 400.0 0.0061200
 402.5 0.0064600
 405.0 0.0060900
 407.5 0.0062300
 410.0 0.0066800
 412.5 0.0064400
 415.0 0.0059700
 417.5 0.0058500
 420.0 0.0063200
 422.5 0.0069700
 425.0 0.0072400
 427.5 0.0069900
 430.0 0.0064600
 432.5 0.0080300
 435.0 0.0089500
 437.5 0.0086000
 440.0 0.0084900
 442.5 0.0091800
 445.0 0.0094200
 447.5 0.0101600
 450.0 0.0107300
 452.5 0.0105800
 455.0 0.0105800
 457.5 0.0108600
 460.0 0.0110500
 462.5 0.0115300
 465.0 0.0110500
 467.5 0.0108500
 470.0 0.0110000
 472.5 0.0113100
 475.0 0.0115500
 477.5 0.0118600
 480.0 0.0121700
 482.5 0.0121900
 485.0 0.0116500
 487.5 0.0111800
 490.0 0.0116700
 492.5 0.0117600
 495.0 0.0121200
 497.5 0.0119200
 500.0 0.0116200
 502.5 0.0114700
 505.0 0.0118800
 507.5 0.0120200
 510.0 0.0119700
 512.5 0.0117800
 515.0 0.0112900
 517.5 0.0109100
 520.0 0.0114500
 522.5 0.0119500
 525.0 0.0118400
 527.5 0.0120900
 530.0 0.0127600
 532.5 0.0127100
 535.0 0.0130300
 537.5 0.0129400
 540.0 0.0125300
 542.5 0.0126700
 545.0 0.0129500
 547.5 0.0127100
 550.0 0.0128400
 552.5 0.0130300
 555.0 0.0131100
 557.5 0.0128600
 560.0 0.0127500
 562.5 0.0127800
 565.0 0.0126900
 567.5 0.0127300
 570.0 0.0127300
 572.5 0.0130400
 575.0 0.0131100
 577.5 0.0130300
 580.0 0.0130400
 582.5 0.0133300
 585.0 0.0134000
 587.5 0.0128200
 590.0 0.0128800
 592.5 0.0132200
 595.0 0.0133000
 597.5 0.0133400
 600.0 0.0131100
 602.5 0.0131500
 605.0 0.0133800
 607.5 0.0132200
 610.0 0.0129100
 612.5 0.0127800
 615.0 0.0125200
 617.5 0.0125400
 620.0 0.0126700
 622.5 0.0124600
 625.0 0.0123000
 627.5 0.0125000
 630.0 0.0125100
 632.5 0.0124500
 635.0 0.0124700
 637.5 0.0126600
 640.0 0.0124500
 642.5 0.0125900
 645.0 0.0127600
 647.5 0.0123600
 650.0 0.0121800
 652.5 0.0122000
 655.0 0.0121200
 657.5 0.0120100
 660.0 0.0123400
 662.5 0.0125300
 665.0 0.0126200
 667.5 0.0125300
 670.0 0.0123800
 672.5 0.0120400
 675.0 0.0120900
 677.5 0.0121800
 680.0 0.0121100
 682.5 0.0120400
 685.0 0.0115600
 687.5 0.0117100
 690.0 0.0119000
 692.5 0.0117500
 695.0 0.0114600
 697.5 0.0114000
 700.0 0.0113300
 702.5 0.0110400
 705.0 0.0111200
 707.5 0.0111600
 710.0 0.0110400
 712.5 0.0109700
 715.0 0.0108800
 717.5 0.0104900
 720.0 0.0101200
 722.5 0.0102600
 725.0 0.0105000
 727.5 0.0103000
 730.0 0.0100200
 732.5 0.0103300
 735.0 0.0101200

