# nm  Flux(W/m2/m) for star HR 3249 from file: table5.dat
 320.0 0.0000280
 322.5 0.0000320
 325.0 0.0000360
 327.5 0.0000430
 330.0 0.0000480
 332.5 0.0000520
 335.0 0.0000540
 337.5 0.0000560
 340.0 0.0000600
 342.5 0.0000640
 345.0 0.0000670
 347.5 0.0000700
 350.0 0.0000750
 352.5 0.0000780
 355.0 0.0000780
 357.5 0.0000760
 360.0 0.0000810
 362.5 0.0000940
 365.0 0.0001100
 367.5 0.0001190
 370.0 0.0001160
 372.5 0.0001060
 375.0 0.0001000
 377.5 0.0000980
 380.0 0.0000960
 382.5 0.0000920
 385.0 0.0000910
 387.5 0.0000940
 390.0 0.0000980
 392.5 0.0001020
 395.0 0.0001160
 397.5 0.0001490
 400.0 0.0001950
 402.5 0.0002390
 405.0 0.0002700
 407.5 0.0002900
 410.0 0.0003010
 412.5 0.0003060
 415.0 0.0003080
 417.5 0.0003130
 420.0 0.0003240
 422.5 0.0003410
 425.0 0.0003590
 427.5 0.0003820
 430.0 0.0004180
 432.5 0.0004680
 435.0 0.0005180
 437.5 0.0005530
 440.0 0.0005760
 442.5 0.0006060
 445.0 0.0006530
 447.5 0.0007090
 450.0 0.0007590
 452.5 0.0007940
 455.0 0.0008240
 457.5 0.0008590
 460.0 0.0008960
 462.5 0.0009250
 465.0 0.0009390
 467.5 0.0009480
 470.0 0.0009600
 472.5 0.0009750
 475.0 0.0009920
 477.5 0.0010060
 480.0 0.0010210
 482.5 0.0010310
 485.0 0.0010360
 487.5 0.0010430
 490.0 0.0010630
 492.5 0.0010870
 495.0 0.0011040
 497.5 0.0011000
 500.0 0.0011060
 502.5 0.0010940
 505.0 0.0010870
 507.5 0.0010850
 510.0 0.0010740
 512.5 0.0010420
 515.0 0.0010300
 517.5 0.0010390
 520.0 0.0010730
 522.5 0.0011240
 525.0 0.0011910
 527.5 0.0012550
 530.0 0.0013120
 532.5 0.0013590
 535.0 0.0013890
 537.5 0.0014060
 540.0 0.0014160
 542.5 0.0014160
 545.0 0.0014230
 547.5 0.0014390
 550.0 0.0014660
 552.5 0.0014900
 555.0 0.0015090
 557.5 0.0015220
 560.0 0.0015250
 562.5 0.0015150
 565.0 0.0015230
 567.5 0.0015350
 570.0 0.0015490
 572.5 0.0015750
 575.0 0.0015950
 577.5 0.0016260
 580.0 0.0016400
 582.5 0.0016430
 585.0 0.0016310
 587.5 0.0016250
 590.0 0.0016230
 592.5 0.0016410
 595.0 0.0016660
 597.5 0.0016950
 600.0 0.0017220
 602.5 0.0017510
 605.0 0.0017600
 607.5 0.0017640
 610.0 0.0017460
 612.5 0.0017170
 615.0 0.0016900
 617.5 0.0016610
 620.0 0.0016340
 622.5 0.0016170
 625.0 0.0016080
 627.5 0.0016160
 630.0 0.0016440
 632.5 0.0016870
 635.0 0.0017230
 637.5 0.0017520
 640.0 0.0017700
 642.5 0.0017880
 645.0 0.0017960
 647.5 0.0017980
 650.0 0.0017650
 652.5 0.0017540
 655.0 0.0017570
 657.5 0.0017700
 660.0 0.0017860
 662.5 0.0018060
 665.0 0.0018230
 667.5 0.0018260
 670.0 0.0018250
 672.5 0.0018210
 675.0 0.0018130
 677.5 0.0018100
 680.0 0.0018060
 682.5 0.0018100
 685.0 0.0018100
 687.5 0.0018080
 690.0 0.0018100
 692.5 0.0018080
 695.0 0.0018000
 697.5 0.0017860
 700.0 0.0017720
 702.5 0.0017590
 705.0 0.0017540
 707.5 0.0017410
 710.0 0.0017170
 712.5 0.0016970
 715.0 0.0016760
 717.5 0.0016760
 720.0 0.0016890
 722.5 0.0017060
 725.0 0.0017120
 727.5 0.0017140
 730.0 0.0017120
 732.5 0.0017200
 735.0 0.0017170
 737.5 0.0017300
 740.0 0.0017390
 742.5 0.0017510
 745.0 0.0017490
 747.5 0.0017600
 750.0 0.0017770
 752.5 0.0017880
 755.0 0.0017820
 757.5 0.0017770
 760.0 0.0017900
 762.5 0.0017950
 765.0 0.0018010
 767.5 0.0017980
 770.0 0.0017960
 772.5 0.0018100
 775.0 0.0018010
 777.5 0.0018150
 780.0 0.0018260
 782.5 0.0018160
 785.0 0.0017950
 787.5 0.0017700
 790.0 0.0017310
 792.5 0.0017190
 795.0 0.0017140
 797.5 0.0017110
 800.0 0.0017280
 802.5 0.0017190
 805.0 0.0017000
 807.5 0.0016900
 810.0 0.0016800
 812.5 0.0016800
 815.0 0.0016870
 817.5 0.0016890
 820.0 0.0016900
 822.5 0.0016900
 825.0 0.0017000
 827.5 0.0017080
 830.0 0.0016940
 832.5 0.0016830
 835.0 0.0016720
 837.5 0.0016700
 840.0 0.0016780
 842.5 0.0016860
 845.0 0.0016920
 847.5 0.0016660
 850.0 0.0016460
 852.5 0.0016460
 855.0 0.0016530
 857.5 0.0016660
 860.0 0.0016860
 862.5 0.0016970
 865.0 0.0016810
 867.5 0.0016700
 870.0 0.0017050
 872.5 0.0017230
 875.0 0.0017220
 877.5 0.0017140
 880.0 0.0017220
 882.5 0.0017160
 885.0 0.0017120
 887.5 0.0016940
 890.0 0.0016890
 892.5 0.0016550
 895.0 0.0016490
 897.5 0.0016550
 900.0 0.0016460
 902.5 0.0016250
 905.0 0.0016100
 907.5 0.0015950
 910.0 0.0015790
 912.5 0.0015530
 915.0 0.0015370
 917.5 0.0015260
 920.0 0.0015010
 922.5 0.0014900
 925.0 0.0014870
 927.5 0.0015090
 930.0 0.0015210
 932.5 0.0015090
 935.0 0.0015230
 937.5 0.0015220
 940.0 0.0015070
 942.5 0.0014930
 945.0 0.0014980
 947.5 0.0015010
 950.0 0.0015010
 952.5 0.0015090
 955.0 0.0015220
 957.5 0.0015300
 960.0 0.0015110
 962.5 0.0014980
 965.0 0.0014820
 967.5 0.0014790
 970.0 0.0014710
 972.5 0.0014710
 975.0 0.0014780
 977.5 0.0014940
 980.0 0.0015090
 982.5 0.0015180
 985.0 0.0015300
 987.5 0.0015350
 990.0 0.0015330
 992.5 0.0015290
 995.0 0.0015300
 997.5 0.0015330
1000.0 0.0015230
1002.5 0.0015190
1005.0 0.0015330
1007.5 0.0015450
1010.0 0.0015430
1012.5 0.0015460
1015.0 0.0015390
1017.5 0.0015300
1020.0 0.0015330
1022.5 0.0015280
1025.0 0.0015250
1027.5 0.0015120
1030.0 0.0015180
1032.5 0.0015090
1035.0 0.0015090
1037.5 0.0015010
1040.0 0.0014980
1042.5 0.0014980
1045.0 0.0015020
1047.5 0.0014960
1050.0 0.0014850
1052.5 0.0014830
1055.0 0.0014790
1057.5 0.0014870
1060.0 0.0014710
1062.5 0.0014700
1065.0 0.0014860
1067.5 0.0014790
1070.0 0.0014780
1072.5 0.0014680
1075.0 0.0014570
1077.5 0.0014390
1080.0 0.0014070

# nm  Flux(W/m2/m) for star HR 3249 from file: table6.dat
 320.0 0.0000300
 322.5 0.0000290
 325.0 0.0000340
 327.5 0.0000430
 330.0 0.0000510
 332.5 0.0000550
 335.0 0.0000520
 337.5 0.0000530
 340.0 0.0000620
 342.5 0.0000660
 345.0 0.0000650
 347.5 0.0000680
 350.0 0.0000750
 352.5 0.0000820
 355.0 0.0000840
 357.5 0.0000700
 360.0 0.0000700
 362.5 0.0000890
 365.0 0.0001160
 367.5 0.0001330
 370.0 0.0001250
 372.5 0.0000970
 375.0 0.0000880
 377.5 0.0001050
 380.0 0.0001030
 382.5 0.0000850
 385.0 0.0000810
 387.5 0.0000950
 390.0 0.0001100
 392.5 0.0000960
 395.0 0.0000930
 397.5 0.0001290
 400.0 0.0002060
 402.5 0.0002570
 405.0 0.0002720
 407.5 0.0002920
 410.0 0.0003120
 412.5 0.0003070
 415.0 0.0003020
 417.5 0.0003100
 420.0 0.0003200
 422.5 0.0003340
 425.0 0.0003660
 427.5 0.0003800
 430.0 0.0003850
 432.5 0.0004630
 435.0 0.0005540
 437.5 0.0005670
 440.0 0.0005570
 442.5 0.0005930
 445.0 0.0006430
 447.5 0.0007130
 450.0 0.0007850
 452.5 0.0007960
 455.0 0.0008100
 457.5 0.0008530
 460.0 0.0009040
 462.5 0.0009470
 465.0 0.0009400
 467.5 0.0009380
 470.0 0.0009530
 472.5 0.0009840
 475.0 0.0009950
 477.5 0.0009940
 480.0 0.0010250
 482.5 0.0010500
 485.0 0.0010330
 487.5 0.0010200
 490.0 0.0010580
 492.5 0.0010940
 495.0 0.0011280
 497.5 0.0011150
 500.0 0.0010720
 502.5 0.0010610
 505.0 0.0010860
 507.5 0.0010790
 510.0 0.0010630
 512.5 0.0010430
 515.0 0.0010090
 517.5 0.0009660
 520.0 0.0010130
 522.5 0.0011120
 525.0 0.0011620
 527.5 0.0012060
 530.0 0.0012990
 532.5 0.0013350
 535.0 0.0013790
 537.5 0.0014090
 540.0 0.0013750
 542.5 0.0013850
 545.0 0.0014090
 547.5 0.0014060
 550.0 0.0014180
 552.5 0.0014640
 555.0 0.0015110
 557.5 0.0015110
 560.0 0.0014970
 562.5 0.0014940
 565.0 0.0014970
 567.5 0.0015140
 570.0 0.0015140
 572.5 0.0015490
 575.0 0.0015890
 577.5 0.0015890
 580.0 0.0016070
 582.5 0.0016630
 585.0 0.0016610
 587.5 0.0016000
 590.0 0.0015520
 592.5 0.0016170
 595.0 0.0016700
 597.5 0.0016810
 600.0 0.0016720
 602.5 0.0017090
 605.0 0.0017620
 607.5 0.0017670
 610.0 0.0017310
 612.5 0.0017000
 615.0 0.0016640
 617.5 0.0016400
 620.0 0.0016370
 622.5 0.0015910
 625.0 0.0015490
 627.5 0.0015820
 630.0 0.0016200
 632.5 0.0016530
 635.0 0.0016980
 637.5 0.0017440
 640.0 0.0017600
 642.5 0.0017680
 645.0 0.0017850
 647.5 0.0017700
 650.0 0.0017300
 652.5 0.0017470
 655.0 0.0017510
 657.5 0.0017230
 660.0 0.0017570
 662.5 0.0018010
 665.0 0.0018350
 667.5 0.0018280
 670.0 0.0018000
 672.5 0.0017880
 675.0 0.0017850
 677.5 0.0017960
 680.0 0.0017980
 682.5 0.0017980
 685.0 0.0017850
 687.5 0.0017720
 690.0 0.0018060
 692.5 0.0018000
 695.0 0.0017830
 697.5 0.0017640
 700.0 0.0017540
 702.5 0.0017570
 705.0 0.0017730
 707.5 0.0017600
 710.0 0.0017170
 712.5 0.0016810
 715.0 0.0016780
 717.5 0.0016690
 720.0 0.0016520
 722.5 0.0016870
 725.0 0.0017330
 727.5 0.0017220
 730.0 0.0017000
 732.5 0.0017080
 735.0 0.0017110

