# nm  Flux(W/m2/m) for star HR 3283 from file: table6.dat
 320.0 0.0011110
 322.5 0.0010790
 325.0 0.0010560
 327.5 0.0010110
 330.0 0.0009990
 332.5 0.0010240
 335.0 0.0009980
 337.5 0.0009820
 340.0 0.0009920
 342.5 0.0009460
 345.0 0.0009280
 347.5 0.0009210
 350.0 0.0009310
 352.5 0.0008650
 355.0 0.0008610
 357.5 0.0008410
 360.0 0.0007970
 362.5 0.0007890
 365.0 0.0007860
 367.5 0.0007830
 370.0 0.0007270
 372.5 0.0007360
 375.0 0.0007740
 377.5 0.0007960
 380.0 0.0007970
 382.5 0.0007900
 385.0 0.0008410
 387.5 0.0007880
 390.0 0.0008050
 392.5 0.0008510
 395.0 0.0007780
 397.5 0.0007230
 400.0 0.0007820
 402.5 0.0007670
 405.0 0.0008090
 407.5 0.0007370
 410.0 0.0006660
 412.5 0.0007110
 415.0 0.0007270
 417.5 0.0007350
 420.0 0.0007230
 422.5 0.0007000
 425.0 0.0006890
 427.5 0.0006750
 430.0 0.0006640
 432.5 0.0005580
 435.0 0.0005870
 437.5 0.0006220
 440.0 0.0006120
 442.5 0.0005990
 445.0 0.0005780
 447.5 0.0005590
 450.0 0.0005640
 452.5 0.0005510
 455.0 0.0005500
 457.5 0.0005430
 460.0 0.0005180
 462.5 0.0005130
 465.0 0.0005190
 467.5 0.0005010
 470.0 0.0004920
 472.5 0.0004930
 475.0 0.0004880
 477.5 0.0004700
 480.0 0.0004610
 482.5 0.0004590
 485.0 0.0003940
 487.5 0.0004160
 490.0 0.0004350
 492.5 0.0004260
 495.0 0.0004240
 497.5 0.0004160
 500.0 0.0004040
 502.5 0.0003980
 505.0 0.0003980
 507.5 0.0003970
 510.0 0.0003870
 512.5 0.0003760
 515.0 0.0003720
 517.5 0.0003730
 520.0 0.0003750
 522.5 0.0003560
 525.0 0.0003540
 527.5 0.0003500
 530.0 0.0003450
 532.5 0.0003340
 535.0 0.0003320
 537.5 0.0003310
 540.0 0.0003210
 542.5 0.0003240
 545.0 0.0003160
 547.5 0.0003120
 550.0 0.0003100
 552.5 0.0003060
 555.0 0.0002950
 557.5 0.0002950
 560.0 0.0002830
 562.5 0.0002760
 565.0 0.0002720
 567.5 0.0002720
 570.0 0.0002660
 572.5 0.0002580
 575.0 0.0002570
 577.5 0.0002540
 580.0 0.0002400
 582.5 0.0002400
 585.0 0.0002440
 587.5 0.0002440
 590.0 0.0002390
 592.5 0.0002440
 595.0 0.0002400
 597.5 0.0002270
 600.0 0.0002240
 602.5 0.0002260
 605.0 0.0002230
 607.5 0.0002100
 610.0 0.0002160
 612.5 0.0002110
 615.0 0.0002050
 617.5 0.0002040
 620.0 0.0001990
 622.5 0.0002040
 625.0 0.0001950
 627.5 0.0001910
 630.0 0.0001880
 632.5 0.0001890
 635.0 0.0001850
 637.5 0.0001830
 640.0 0.0001900
 642.5 0.0001810
 645.0 0.0001800
 647.5 0.0001740
 650.0 0.0001670
 652.5 0.0001720
 655.0 0.0001530
 657.5 0.0001490
 660.0 0.0001620
 662.5 0.0001640
 665.0 0.0001630
 667.5 0.0001580
 670.0 0.0001550
 672.5 0.0001560
 675.0 0.0001540
 677.5 0.0001520
 680.0 0.0001420
 682.5 0.0001420
 685.0 0.0001450
 687.5 0.0001420
 690.0 0.0001420
 692.5 0.0001390
 695.0 0.0001330
 697.5 0.0001360
 700.0 0.0001290
 702.5 0.0001280
 705.0 0.0001300
 707.5 0.0001240
 710.0 0.0001260
 712.5 0.0001200
 715.0 0.0001270
 717.5 0.0001190
 720.0 0.0001230
 722.5 0.0001130
 725.0 0.0001160
 727.5 0.0001150
 730.0 0.0001090
 732.5 0.0001040
 735.0 0.0001140

