# nm  Flux(W/m2/m) for star HR 334 from file: table5.dat
 320.0 0.0000860
 322.5 0.0000900
 325.0 0.0001030
 327.5 0.0001200
 330.0 0.0001340
 332.5 0.0001380
 335.0 0.0001360
 337.5 0.0001370
 340.0 0.0001410
 342.5 0.0001460
 345.0 0.0001500
 347.5 0.0001560
 350.0 0.0001640
 352.5 0.0001670
 355.0 0.0001630
 357.5 0.0001630
 360.0 0.0001820
 362.5 0.0002220
 365.0 0.0002650
 367.5 0.0002830
 370.0 0.0002680
 372.5 0.0002400
 375.0 0.0002200
 377.5 0.0002090
 380.0 0.0001920
 382.5 0.0001730
 385.0 0.0001730
 387.5 0.0001960
 390.0 0.0002240
 392.5 0.0002470
 395.0 0.0002920
 397.5 0.0003720
 400.0 0.0004650
 402.5 0.0005320
 405.0 0.0005650
 407.5 0.0005780
 410.0 0.0005750
 412.5 0.0005550
 415.0 0.0005350
 417.5 0.0005380
 420.0 0.0005700
 422.5 0.0006130
 425.0 0.0006460
 427.5 0.0006710
 430.0 0.0007120
 432.5 0.0007730
 435.0 0.0008280
 437.5 0.0008580
 440.0 0.0008770
 442.5 0.0009150
 445.0 0.0009730
 447.5 0.0010330
 450.0 0.0010750
 452.5 0.0010960
 455.0 0.0011150
 457.5 0.0011410
 460.0 0.0011690
 462.5 0.0011850
 465.0 0.0011840
 467.5 0.0011850
 470.0 0.0012000
 472.5 0.0012290
 475.0 0.0012610
 477.5 0.0012880
 480.0 0.0013000
 482.5 0.0012920
 485.0 0.0012720
 487.5 0.0012640
 490.0 0.0012760
 492.5 0.0013010
 495.0 0.0013170
 497.5 0.0013120
 500.0 0.0012970
 502.5 0.0012880
 505.0 0.0012930
 507.5 0.0012970
 510.0 0.0012930
 512.5 0.0012570
 515.0 0.0012200
 517.5 0.0012200
 520.0 0.0012460
 522.5 0.0012820
 525.0 0.0013330
 527.5 0.0013780
 530.0 0.0014190
 532.5 0.0014570
 535.0 0.0014750
 537.5 0.0014760
 540.0 0.0014680
 542.5 0.0014630
 545.0 0.0014740
 547.5 0.0014910
 550.0 0.0015140
 552.5 0.0015300
 555.0 0.0015350
 557.5 0.0015360
 560.0 0.0015280
 562.5 0.0015260
 565.0 0.0015320
 567.5 0.0015360
 570.0 0.0015530
 572.5 0.0015630
 575.0 0.0015810
 577.5 0.0016030
 580.0 0.0016200
 582.5 0.0016340
 585.0 0.0016190
 587.5 0.0016040
 590.0 0.0016040
 592.5 0.0016190
 595.0 0.0016410
 597.5 0.0016500
 600.0 0.0016580
 602.5 0.0016670
 605.0 0.0016660
 607.5 0.0016610
 610.0 0.0016430
 612.5 0.0016220
 615.0 0.0016050
 617.5 0.0015950
 620.0 0.0015880
 622.5 0.0015810
 625.0 0.0015760
 627.5 0.0015820
 630.0 0.0015860
 632.5 0.0015910
 635.0 0.0015940
 637.5 0.0016000
 640.0 0.0016050
 642.5 0.0016110
 645.0 0.0016050
 647.5 0.0015910
 650.0 0.0015570
 652.5 0.0015430
 655.0 0.0015400
 657.5 0.0015460
 660.0 0.0015650
 662.5 0.0015850
 665.0 0.0015970
 667.5 0.0015970
 670.0 0.0015890
 672.5 0.0015820
 675.0 0.0015810
 677.5 0.0015810
 680.0 0.0015760
 682.5 0.0015620
 685.0 0.0015560
 687.5 0.0015550
 690.0 0.0015470
 692.5 0.0015330
 695.0 0.0015160
 697.5 0.0014890
 700.0 0.0014710
 702.5 0.0014640
 705.0 0.0014630
 707.5 0.0014630
 710.0 0.0014530
 712.5 0.0014350
 715.0 0.0014200
 717.5 0.0014050
 720.0 0.0013980
 722.5 0.0013960
 725.0 0.0013930
 727.5 0.0013880
 730.0 0.0013790
 732.5 0.0013830
 735.0 0.0013850
 737.5 0.0014050
 740.0 0.0013970
 742.5 0.0014030
 745.0 0.0014030
 747.5 0.0014180
 750.0 0.0014270
 752.5 0.0014340
 755.0 0.0014160
 757.5 0.0014070
 760.0 0.0014270
 762.5 0.0014450
 765.0 0.0014450
 767.5 0.0014360
 770.0 0.0014130
 772.5 0.0014750
 775.0 0.0014480
 777.5 0.0014350
 780.0 0.0014310
 782.5 0.0014340
 785.0 0.0014110
 787.5 0.0013870
 790.0 0.0013260
 792.5 0.0013130
 795.0 0.0013050
 797.5 0.0013260
 800.0 0.0013500
 802.5 0.0013300
 805.0 0.0012930
 807.5 0.0012810
 810.0 0.0012690
 812.5 0.0012450
 815.0 0.0012600
 817.5 0.0012600
 820.0 0.0012620
 822.5 0.0012780
 825.0 0.0012870
 827.5 0.0013000
 830.0 0.0012730
 832.5 0.0012510
 835.0 0.0012610
 837.5 0.0012490
 840.0 0.0012670
 842.5 0.0012720
 845.0 0.0012870
 847.5 0.0012740
 850.0 0.0012500
 852.5 0.0012090
 855.0 0.0012260
 857.5 0.0012540
 860.0 0.0012760
 862.5 0.0012850
 865.0 0.0012550
 867.5 0.0012340
 870.0 0.0012600
 872.5 0.0012800
 875.0 0.0012820
 877.5 0.0012660
 880.0 0.0012670
 882.5 0.0012640
 885.0 0.0012860
 887.5 0.0012850
 890.0 0.0012540
 892.5 0.0012330
 895.0 0.0011880
 897.5 0.0011870
 900.0 0.0012070
 902.5 0.0012090
 905.0 0.0012020
 907.5 0.0011730
 910.0 0.0011400
 912.5 0.0010950
 915.0 0.0010750
 917.5 0.0011030
 920.0 0.0011390
 922.5 0.0011290
 925.0 0.0011330
 927.5 0.0010970
 930.0 0.0010480
 932.5 0.0010490
 935.0 0.0011010
 937.5 0.0011290
 940.0 0.0011240
 942.5 0.0010850
 945.0 0.0010380
 947.5 0.0010430
 950.0 0.0010600
 952.5 0.0010500
 955.0 0.0010540
 957.5 0.0010650
 960.0 0.0010400
 962.5 0.0010310
 965.0 0.0010270
 967.5 0.0010100
 970.0 0.0010130
 972.5 0.0010060
 975.0 0.0010030
 977.5 0.0010150
 980.0 0.0010460
 982.5 0.0010510
 985.0 0.0010480
 987.5 0.0010490
 990.0 0.0010490
 992.5 0.0010430
 995.0 0.0010560
 997.5 0.0010610
1000.0 0.0010490
1002.5 0.0010530
1005.0 0.0010620
1007.5 0.0010590
1010.0 0.0010410
1012.5 0.0010490
1015.0 0.0010590
1017.5 0.0010530
1020.0 0.0010480
1022.5 0.0010430
1025.0 0.0010420
1027.5 0.0010280
1030.0 0.0010410
1032.5 0.0010210
1035.0 0.0010310
1037.5 0.0010280
1040.0 0.0010200
1042.5 0.0010400
1045.0 0.0010240
1047.5 0.0010360
1050.0 0.0010250
1052.5 0.0010310
1055.0 0.0010090
1057.5 0.0010200
1060.0 0.0010200
1062.5 0.0010120
1065.0 0.0010320
1067.5 0.0010070
1070.0 0.0009980
1072.5 0.0010130
1075.0 0.0009820
1077.5 0.0009840
1080.0 0.0009750

# nm  Flux(W/m2/m) for star HR 334 from file: table6.dat
 320.0 0.0000880
 322.5 0.0000810
 325.0 0.0000920
 327.5 0.0001250
 330.0 0.0001490
 332.5 0.0001420
 335.0 0.0001320
 337.5 0.0001270
 340.0 0.0001440
 342.5 0.0001550
 345.0 0.0001410
 347.5 0.0001510
 350.0 0.0001690
 352.5 0.0001770
 355.0 0.0001710
 357.5 0.0001400
 360.0 0.0001550
 362.5 0.0002170
 365.0 0.0002880
 367.5 0.0003200
 370.0 0.0002910
 372.5 0.0002110
 375.0 0.0001920
 377.5 0.0002400
 380.0 0.0002110
 382.5 0.0001450
 385.0 0.0001340
 387.5 0.0001920
 390.0 0.0002700
 392.5 0.0002320
 395.0 0.0002240
 397.5 0.0003490
 400.0 0.0005260
 402.5 0.0005720
 405.0 0.0005390
 407.5 0.0005890
 410.0 0.0006210
 412.5 0.0005440
 415.0 0.0005080
 417.5 0.0005150
 420.0 0.0005510
 422.5 0.0006280
 425.0 0.0006820
 427.5 0.0006550
 430.0 0.0006490
 432.5 0.0007850
 435.0 0.0008970
 437.5 0.0008530
 440.0 0.0008370
 442.5 0.0009060
 445.0 0.0009680
 447.5 0.0010440
 450.0 0.0011150
 452.5 0.0010900
 455.0 0.0010950
 457.5 0.0011330
 460.0 0.0011880
 462.5 0.0012130
 465.0 0.0011790
 467.5 0.0011560
 470.0 0.0011920
 472.5 0.0012360
 475.0 0.0012640
 477.5 0.0012870
 480.0 0.0013270
 482.5 0.0013170
 485.0 0.0012500
 487.5 0.0012340
 490.0 0.0012740
 492.5 0.0013050
 495.0 0.0013420
 497.5 0.0013320
 500.0 0.0012800
 502.5 0.0012640
 505.0 0.0013000
 507.5 0.0013160
 510.0 0.0012970
 512.5 0.0012610
 515.0 0.0011990
 517.5 0.0011550
 520.0 0.0012130
 522.5 0.0013040
 525.0 0.0013180
 527.5 0.0013340
 530.0 0.0014270
 532.5 0.0014520
 535.0 0.0014850
 537.5 0.0014970
 540.0 0.0014280
 542.5 0.0014360
 545.0 0.0014640
 547.5 0.0014620
 550.0 0.0015000
 552.5 0.0015230
 555.0 0.0015390
 557.5 0.0015150
 560.0 0.0015140
 562.5 0.0015210
 565.0 0.0015120
 567.5 0.0015190
 570.0 0.0015290
 572.5 0.0015690
 575.0 0.0015660
 577.5 0.0015820
 580.0 0.0016110
 582.5 0.0016380
 585.0 0.0016520
 587.5 0.0015880
 590.0 0.0015430
 592.5 0.0016220
 595.0 0.0016580
 597.5 0.0016600
 600.0 0.0016290
 602.5 0.0016530
 605.0 0.0016760
 607.5 0.0016640
 610.0 0.0016370
 612.5 0.0016070
 615.0 0.0015920
 617.5 0.0015890
 620.0 0.0015890
 622.5 0.0015720
 625.0 0.0015230
 627.5 0.0015560
 630.0 0.0015860
 632.5 0.0015850
 635.0 0.0015750
 637.5 0.0016040
 640.0 0.0016040
 642.5 0.0016010
 645.0 0.0016130
 647.5 0.0016040
 650.0 0.0015280
 652.5 0.0015520
 655.0 0.0015350
 657.5 0.0015190
 660.0 0.0015750
 662.5 0.0015910
 665.0 0.0016040
 667.5 0.0016110
 670.0 0.0015720
 672.5 0.0015570
 675.0 0.0015810
 677.5 0.0015890
 680.0 0.0015630
 682.5 0.0015530
 685.0 0.0015560
 687.5 0.0015230
 690.0 0.0015780
 692.5 0.0015300
 695.0 0.0015000
 697.5 0.0014790
 700.0 0.0014630
 702.5 0.0014390
 705.0 0.0014600
 707.5 0.0014780
 710.0 0.0014520
 712.5 0.0014200
 715.0 0.0014200
 717.5 0.0014020
 720.0 0.0013730
 722.5 0.0013870
 725.0 0.0013930
 727.5 0.0013840
 730.0 0.0013640
 732.5 0.0013790
 735.0 0.0013690

