# nm  Flux(W/m2/m) for star HR 3476 from file: table6.dat
 320.0 0.0015190
 322.5 0.0014320
 325.0 0.0014520
 327.5 0.0014000
 330.0 0.0013400
 332.5 0.0013120
 335.0 0.0013180
 337.5 0.0012720
 340.0 0.0012650
 342.5 0.0012580
 345.0 0.0012160
 347.5 0.0012180
 350.0 0.0011960
 352.5 0.0011440
 355.0 0.0011150
 357.5 0.0010690
 360.0 0.0010590
 362.5 0.0010280
 365.0 0.0010230
 367.5 0.0009670
 370.0 0.0009100
 372.5 0.0009110
 375.0 0.0008960
 377.5 0.0008950
 380.0 0.0008900
 382.5 0.0008650
 385.0 0.0008750
 387.5 0.0008470
 390.0 0.0008650
 392.5 0.0008530
 395.0 0.0008060
 397.5 0.0007990
 400.0 0.0007990
 402.5 0.0007810
 405.0 0.0007860
 407.5 0.0007480
 410.0 0.0007090
 412.5 0.0007360
 415.0 0.0007460
 417.5 0.0007250
 420.0 0.0007050
 422.5 0.0007070
 425.0 0.0006960
 427.5 0.0006660
 430.0 0.0006590
 432.5 0.0006020
 435.0 0.0006180
 437.5 0.0006250
 440.0 0.0006140
 442.5 0.0006030
 445.0 0.0005770
 447.5 0.0005630
 450.0 0.0005570
 452.5 0.0005530
 455.0 0.0005460
 457.5 0.0005370
 460.0 0.0005200
 462.5 0.0005040
 465.0 0.0004930
 467.5 0.0004940
 470.0 0.0005000
 472.5 0.0004880
 475.0 0.0004880
 477.5 0.0004760
 480.0 0.0004690
 482.5 0.0004620
 485.0 0.0004260
 487.5 0.0004290
 490.0 0.0004440
 492.5 0.0004310
 495.0 0.0004260
 497.5 0.0004230
 500.0 0.0004050
 502.5 0.0004070
 505.0 0.0004070
 507.5 0.0004040
 510.0 0.0003880
 512.5 0.0003870
 515.0 0.0003820
 517.5 0.0003760
 520.0 0.0003680
 522.5 0.0003640
 525.0 0.0003620
 527.5 0.0003560
 530.0 0.0003470
 532.5 0.0003450
 535.0 0.0003410
 537.5 0.0003420
 540.0 0.0003330
 542.5 0.0003240
 545.0 0.0003200
 547.5 0.0003110
 550.0 0.0003090
 552.5 0.0003000
 555.0 0.0003000
 557.5 0.0003010
 560.0 0.0002900
 562.5 0.0002860
 565.0 0.0002780
 567.5 0.0002750
 570.0 0.0002640
 572.5 0.0002630
 575.0 0.0002620
 577.5 0.0002630
 580.0 0.0002520
 582.5 0.0002490
 585.0 0.0002480
 587.5 0.0002430
 590.0 0.0002460
 592.5 0.0002420
 595.0 0.0002440
 597.5 0.0002370
 600.0 0.0002310
 602.5 0.0002290
 605.0 0.0002230
 607.5 0.0002180
 610.0 0.0002220
 612.5 0.0002160
 615.0 0.0002150
 617.5 0.0002180
 620.0 0.0002140
 622.5 0.0002100
 625.0 0.0002090
 627.5 0.0001950
 630.0 0.0001980
 632.5 0.0001980
 635.0 0.0001970
 637.5 0.0001860
 640.0 0.0001850
 642.5 0.0001930
 645.0 0.0001890
 647.5 0.0001890
 650.0 0.0001780
 652.5 0.0001780
 655.0 0.0001680
 657.5 0.0001620
 660.0 0.0001700
 662.5 0.0001660
 665.0 0.0001670
 667.5 0.0001670
 670.0 0.0001540
 672.5 0.0001670
 675.0 0.0001600
 677.5 0.0001600
 680.0 0.0001610
 682.5 0.0001510
 685.0 0.0001500
 687.5 0.0001430
 690.0 0.0001530
 692.5 0.0001460
 695.0 0.0001480
 697.5 0.0001450
 700.0 0.0001380
 702.5 0.0001430
 705.0 0.0001310
 707.5 0.0001260
 710.0 0.0001330
 712.5 0.0001320
 715.0 0.0001310
 717.5 0.0001270
 720.0 0.0001300
 722.5 0.0001310
 725.0 0.0001280
 727.5 0.0001200
 730.0 0.0001220
 732.5 0.0001180
 735.0 0.0001150

