# nm  Flux(W/m2/m) for star HR 3547 from file: table5.dat
 320.0 0.0002250
 322.5 0.0002480
 325.0 0.0002830
 327.5 0.0003160
 330.0 0.0003350
 332.5 0.0003370
 335.0 0.0003340
 337.5 0.0003390
 340.0 0.0003530
 342.5 0.0003680
 345.0 0.0003800
 347.5 0.0003930
 350.0 0.0004020
 352.5 0.0003980
 355.0 0.0003850
 357.5 0.0003850
 360.0 0.0004210
 362.5 0.0004890
 365.0 0.0005620
 367.5 0.0006000
 370.0 0.0005950
 372.5 0.0005640
 375.0 0.0005320
 377.5 0.0004980
 380.0 0.0004480
 382.5 0.0003990
 385.0 0.0003880
 387.5 0.0004210
 390.0 0.0004680
 392.5 0.0005050
 395.0 0.0005690
 397.5 0.0006870
 400.0 0.0008360
 402.5 0.0009540
 405.0 0.0010190
 407.5 0.0010410
 410.0 0.0010400
 412.5 0.0010230
 415.0 0.0010010
 417.5 0.0010010
 420.0 0.0010360
 422.5 0.0010870
 425.0 0.0011220
 427.5 0.0011420
 430.0 0.0011730
 432.5 0.0012390
 435.0 0.0013180
 437.5 0.0013830
 440.0 0.0014300
 442.5 0.0014800
 445.0 0.0015460
 447.5 0.0016130
 450.0 0.0016640
 452.5 0.0016970
 455.0 0.0017250
 457.5 0.0017600
 460.0 0.0017980
 462.5 0.0018200
 465.0 0.0018230
 467.5 0.0018210
 470.0 0.0018350
 472.5 0.0018670
 475.0 0.0019050
 477.5 0.0019390
 480.0 0.0019520
 482.5 0.0019390
 485.0 0.0019120
 487.5 0.0018950
 490.0 0.0019040
 492.5 0.0019250
 495.0 0.0019390
 497.5 0.0019360
 500.0 0.0019270
 502.5 0.0019280
 505.0 0.0019440
 507.5 0.0019520
 510.0 0.0019530
 512.5 0.0019320
 515.0 0.0019020
 517.5 0.0018850
 520.0 0.0019020
 522.5 0.0019270
 525.0 0.0019480
 527.5 0.0019720
 530.0 0.0020300
 532.5 0.0020590
 535.0 0.0020610
 537.5 0.0020680
 540.0 0.0020630
 542.5 0.0020590
 545.0 0.0020530
 547.5 0.0020610
 550.0 0.0020780
 552.5 0.0020990
 555.0 0.0021130
 557.5 0.0020990
 560.0 0.0020760
 562.5 0.0020680
 565.0 0.0020680
 567.5 0.0020740
 570.0 0.0020740
 572.5 0.0020910
 575.0 0.0020910
 577.5 0.0021110
 580.0 0.0021110
 582.5 0.0021220
 585.0 0.0021180
 587.5 0.0021110
 590.0 0.0021220
 592.5 0.0021280
 595.0 0.0021280
 597.5 0.0021340
 600.0 0.0021400
 602.5 0.0021540
 605.0 0.0021440
 607.5 0.0021300
 610.0 0.0020970
 612.5 0.0020820
 615.0 0.0020640
 617.5 0.0020550
 620.0 0.0020470
 622.5 0.0020290
 625.0 0.0020120
 627.5 0.0019950
 630.0 0.0019860
 632.5 0.0020140
 635.0 0.0020140
 637.5 0.0020250
 640.0 0.0020270
 642.5 0.0020320
 645.0 0.0020230
 647.5 0.0020080
 650.0 0.0019460
 652.5 0.0019230
 655.0 0.0019200
 657.5 0.0019160
 660.0 0.0019280
 662.5 0.0019610
 665.0 0.0019840
 667.5 0.0019840
 670.0 0.0019750
 672.5 0.0019640
 675.0 0.0019640
 677.5 0.0019590
 680.0 0.0019390
 682.5 0.0019340
 685.0 0.0019180
 687.5 0.0019000
 690.0 0.0018910
 692.5 0.0018740
 695.0 0.0018500
 697.5 0.0018310
 700.0 0.0018300
 702.5 0.0018160
 705.0 0.0018200
 707.5 0.0018150
 710.0 0.0017980
 712.5 0.0017680
 715.0 0.0017570
 717.5 0.0017350
 720.0 0.0017220
 722.5 0.0017270
 725.0 0.0017300
 727.5 0.0017270
 730.0 0.0017080
 732.5 0.0017010
 735.0 0.0016900
 737.5 0.0016870
 740.0 0.0016570
 742.5 0.0016630
 745.0 0.0016600
 747.5 0.0016570
 750.0 0.0016730
 752.5 0.0016600
 755.0 0.0016350
 757.5 0.0016260
 760.0 0.0016690
 762.5 0.0016890
 765.0 0.0016700
 767.5 0.0016160
 770.0 0.0016070
 772.5 0.0016950
 775.0 0.0016700
 777.5 0.0016730
 780.0 0.0016900
 782.5 0.0016690
 785.0 0.0016470
 787.5 0.0016250
 790.0 0.0015730
 792.5 0.0015490
 795.0 0.0015400
 797.5 0.0015470
 800.0 0.0015790
 802.5 0.0015550
 805.0 0.0015460
 807.5 0.0015290
 810.0 0.0014900
 812.5 0.0014670
 815.0 0.0014710
 817.5 0.0014670
 820.0 0.0014660
 822.5 0.0014910
 825.0 0.0015180
 827.5 0.0015150
 830.0 0.0014930
 832.5 0.0014800
 835.0 0.0014760
 837.5 0.0014830
 840.0 0.0014710
 842.5 0.0014910
 845.0 0.0015040
 847.5 0.0014780
 850.0 0.0014440
 852.5 0.0014360
 855.0 0.0014350
 857.5 0.0014480
 860.0 0.0014570
 862.5 0.0014750
 865.0 0.0014450
 867.5 0.0014340
 870.0 0.0014680
 872.5 0.0014820
 875.0 0.0014560
 877.5 0.0014590
 880.0 0.0014590
 882.5 0.0014560
 885.0 0.0014360
 887.5 0.0014440
 890.0 0.0014130
 892.5 0.0013800
 895.0 0.0013430
 897.5 0.0013590
 900.0 0.0013650
 902.5 0.0013780
 905.0 0.0013660
 907.5 0.0013540
 910.0 0.0013010
 912.5 0.0012580
 915.0 0.0012510
 917.5 0.0012510
 920.0 0.0012760
 922.5 0.0012920
 925.0 0.0012780
 927.5 0.0012850
 930.0 0.0012750
 932.5 0.0012200
 935.0 0.0012500
 937.5 0.0012550
 940.0 0.0012250
 942.5 0.0012170
 945.0 0.0011780
 947.5 0.0011840
 950.0 0.0011880
 952.5 0.0011840
 955.0 0.0011930
 957.5 0.0011980
 960.0 0.0011820
 962.5 0.0011630
 965.0 0.0011550
 967.5 0.0011660
 970.0 0.0011620
 972.5 0.0011450
 975.0 0.0011480
 977.5 0.0011490
 980.0 0.0011800
 982.5 0.0011840
 985.0 0.0011810
 987.5 0.0011950
 990.0 0.0011740
 992.5 0.0011810
 995.0 0.0011980
 997.5 0.0011750
1000.0 0.0011750
1002.5 0.0011720
1005.0 0.0011920
1007.5 0.0012020
1010.0 0.0011720
1012.5 0.0011820
1015.0 0.0011870
1017.5 0.0011850
1020.0 0.0011820
1022.5 0.0011770
1025.0 0.0011720
1027.5 0.0011740
1030.0 0.0011600
1032.5 0.0011510
1035.0 0.0011480
1037.5 0.0011460
1040.0 0.0011530
1042.5 0.0011560
1045.0 0.0011290
1047.5 0.0011200
1050.0 0.0011360
1052.5 0.0011260
1055.0 0.0011100
1057.5 0.0011030
1060.0 0.0011030
1062.5 0.0011080
1065.0 0.0011250
1067.5 0.0011130
1070.0 0.0010950
1072.5 0.0011050
1075.0 0.0010780
1077.5 0.0010510
1080.0 0.0010690

# nm  Flux(W/m2/m) for star HR 3547 from file: table6.dat
 320.0 0.0002180
 322.5 0.0002270
 325.0 0.0002840
 327.5 0.0003350
 330.0 0.0003520
 332.5 0.0003430
 335.0 0.0003210
 337.5 0.0003220
 340.0 0.0003600
 342.5 0.0003780
 345.0 0.0003740
 347.5 0.0003840
 350.0 0.0004150
 352.5 0.0004240
 355.0 0.0003830
 357.5 0.0003350
 360.0 0.0003890
 362.5 0.0004900
 365.0 0.0005880
 367.5 0.0006450
 370.0 0.0006320
 372.5 0.0005370
 375.0 0.0005090
 377.5 0.0005400
 380.0 0.0004750
 382.5 0.0003540
 385.0 0.0003110
 387.5 0.0004160
 390.0 0.0005420
 392.5 0.0004830
 395.0 0.0004800
 397.5 0.0006400
 400.0 0.0008970
 402.5 0.0010220
 405.0 0.0010250
 407.5 0.0010400
 410.0 0.0010700
 412.5 0.0010370
 415.0 0.0009770
 417.5 0.0009630
 420.0 0.0010110
 422.5 0.0011070
 425.0 0.0011720
 427.5 0.0011400
 430.0 0.0010860
 432.5 0.0012330
 435.0 0.0013780
 437.5 0.0013890
 440.0 0.0014030
 442.5 0.0014790
 445.0 0.0015370
 447.5 0.0016200
 450.0 0.0017030
 452.5 0.0016970
 455.0 0.0017050
 457.5 0.0017510
 460.0 0.0018130
 462.5 0.0018550
 465.0 0.0018210
 467.5 0.0017960
 470.0 0.0018180
 472.5 0.0018670
 475.0 0.0019090
 477.5 0.0019430
 480.0 0.0019810
 482.5 0.0019720
 485.0 0.0018910
 487.5 0.0018550
 490.0 0.0019040
 492.5 0.0019270
 495.0 0.0019620
 497.5 0.0019550
 500.0 0.0019050
 502.5 0.0018980
 505.0 0.0019660
 507.5 0.0019720
 510.0 0.0019520
 512.5 0.0019250
 515.0 0.0018720
 517.5 0.0018370
 520.0 0.0018810
 522.5 0.0019440
 525.0 0.0019460
 527.5 0.0019750
 530.0 0.0020380
 532.5 0.0020530
 535.0 0.0020870
 537.5 0.0020950
 540.0 0.0020490
 542.5 0.0020460
 545.0 0.0020590
 547.5 0.0020460
 550.0 0.0020740
 552.5 0.0021050
 555.0 0.0021280
 557.5 0.0021130
 560.0 0.0020990
 562.5 0.0020990
 565.0 0.0020720
 567.5 0.0020550
 570.0 0.0020590
 572.5 0.0021030
 575.0 0.0021220
 577.5 0.0021140
 580.0 0.0021160
 582.5 0.0021400
 585.0 0.0021440
 587.5 0.0021260
 590.0 0.0021130
 592.5 0.0021420
 595.0 0.0021580
 597.5 0.0021440
 600.0 0.0021360
 602.5 0.0021640
 605.0 0.0021820
 607.5 0.0021480
 610.0 0.0021030
 612.5 0.0020800
 615.0 0.0020820
 617.5 0.0020740
 620.0 0.0020550
 622.5 0.0020210
 625.0 0.0020040
 627.5 0.0020360
 630.0 0.0020140
 632.5 0.0019930
 635.0 0.0020080
 637.5 0.0020290
 640.0 0.0020380
 642.5 0.0020490
 645.0 0.0020400
 647.5 0.0020250
 650.0 0.0019920
 652.5 0.0019730
 655.0 0.0019640
 657.5 0.0019020
 660.0 0.0019480
 662.5 0.0019970
 665.0 0.0020320
 667.5 0.0020420
 670.0 0.0019840
 672.5 0.0019550
 675.0 0.0019570
 677.5 0.0019820
 680.0 0.0019660
 682.5 0.0019520
 685.0 0.0019270
 687.5 0.0019020
 690.0 0.0018790
 692.5 0.0018470
 695.0 0.0018380
 697.5 0.0018620
 700.0 0.0018470
 702.5 0.0018250
 705.0 0.0018540
 707.5 0.0018620
 710.0 0.0018160
 712.5 0.0017770
 715.0 0.0017860
 717.5 0.0017820
 720.0 0.0017390
 722.5 0.0017360
 725.0 0.0017830
 727.5 0.0017820
 730.0 0.0017360
 732.5 0.0017220
 735.0 0.0016970

