# nm  Flux(W/m2/m) for star HR 3705 from file: table5.dat
 320.0 0.0000260
 322.5 0.0000300
 325.0 0.0000350
 327.5 0.0000430
 330.0 0.0000500
 332.5 0.0000540
 335.0 0.0000570
 337.5 0.0000610
 340.0 0.0000650
 342.5 0.0000700
 345.0 0.0000730
 347.5 0.0000770
 350.0 0.0000820
 352.5 0.0000860
 355.0 0.0000870
 357.5 0.0000850
 360.0 0.0000890
 362.5 0.0001020
 365.0 0.0001200
 367.5 0.0001300
 370.0 0.0001260
 372.5 0.0001170
 375.0 0.0001130
 377.5 0.0001140
 380.0 0.0001140
 382.5 0.0001120
 385.0 0.0001110
 387.5 0.0001140
 390.0 0.0001170
 392.5 0.0001190
 395.0 0.0001340
 397.5 0.0001700
 400.0 0.0002230
 402.5 0.0002750
 405.0 0.0003160
 407.5 0.0003450
 410.0 0.0003650
 412.5 0.0003770
 415.0 0.0003850
 417.5 0.0003910
 420.0 0.0004000
 422.5 0.0004120
 425.0 0.0004310
 427.5 0.0004610
 430.0 0.0005130
 432.5 0.0005870
 435.0 0.0006590
 437.5 0.0007110
 440.0 0.0007450
 442.5 0.0007870
 445.0 0.0008500
 447.5 0.0009260
 450.0 0.0009930
 452.5 0.0010460
 455.0 0.0010950
 457.5 0.0011510
 460.0 0.0012060
 462.5 0.0012440
 465.0 0.0012610
 467.5 0.0012740
 470.0 0.0012920
 472.5 0.0013100
 475.0 0.0013190
 477.5 0.0013260
 480.0 0.0013370
 482.5 0.0013510
 485.0 0.0013700
 487.5 0.0013980
 490.0 0.0014390
 492.5 0.0014780
 495.0 0.0014900
 497.5 0.0014700
 500.0 0.0014830
 502.5 0.0014660
 505.0 0.0014600
 507.5 0.0014640
 510.0 0.0014530
 512.5 0.0014100
 515.0 0.0013780
 517.5 0.0013880
 520.0 0.0014350
 522.5 0.0015280
 525.0 0.0016570
 527.5 0.0017620
 530.0 0.0018590
 532.5 0.0019370
 535.0 0.0019860
 537.5 0.0020170
 540.0 0.0020250
 542.5 0.0020250
 545.0 0.0020230
 547.5 0.0020300
 550.0 0.0020680
 552.5 0.0021030
 555.0 0.0021320
 557.5 0.0021460
 560.0 0.0021460
 562.5 0.0021360
 565.0 0.0021480
 567.5 0.0021760
 570.0 0.0022120
 572.5 0.0022620
 575.0 0.0023060
 577.5 0.0023620
 580.0 0.0023830
 582.5 0.0023720
 585.0 0.0023330
 587.5 0.0022870
 590.0 0.0022620
 592.5 0.0022780
 595.0 0.0023250
 597.5 0.0023970
 600.0 0.0024620
 602.5 0.0025370
 605.0 0.0026040
 607.5 0.0026330
 610.0 0.0026180
 612.5 0.0025610
 615.0 0.0024770
 617.5 0.0023700
 620.0 0.0022740
 622.5 0.0022240
 625.0 0.0022240
 627.5 0.0022760
 630.0 0.0023660
 632.5 0.0024770
 635.0 0.0025630
 637.5 0.0026280
 640.0 0.0026820
 642.5 0.0027340
 645.0 0.0027590
 647.5 0.0027670
 650.0 0.0027290
 652.5 0.0027210
 655.0 0.0027370
 657.5 0.0027570
 660.0 0.0027690
 662.5 0.0027850
 665.0 0.0027850
 667.5 0.0027520
 670.0 0.0027140
 672.5 0.0026920
 675.0 0.0026770
 677.5 0.0026790
 680.0 0.0027010
 682.5 0.0027310
 685.0 0.0027590
 687.5 0.0027900
 690.0 0.0028290
 692.5 0.0028630
 695.0 0.0028710
 697.5 0.0028730
 700.0 0.0028650
 702.5 0.0028260
 705.0 0.0027750
 707.5 0.0026920
 710.0 0.0026010
 712.5 0.0025350
 715.0 0.0025030
 717.5 0.0025210
 720.0 0.0025800
 722.5 0.0026500
 725.0 0.0027060
 727.5 0.0027470
 730.0 0.0027770
 732.5 0.0028180
 735.0 0.0028340
 737.5 0.0028630
 740.0 0.0029130
 742.5 0.0029320
 745.0 0.0029320
 747.5 0.0029590
 750.0 0.0029950
 752.5 0.0030140
 755.0 0.0029870
 757.5 0.0029700
 760.0 0.0029840
 762.5 0.0029760
 765.0 0.0030010
 767.5 0.0029870
 770.0 0.0029870
 772.5 0.0029730
 775.0 0.0029570
 777.5 0.0029810
 780.0 0.0030060
 782.5 0.0030120
 785.0 0.0029920
 787.5 0.0029570
 790.0 0.0029210
 792.5 0.0029160
 795.0 0.0029160
 797.5 0.0029320
 800.0 0.0029590
 802.5 0.0029400
 805.0 0.0029160
 807.5 0.0029110
 810.0 0.0028950
 812.5 0.0029160
 815.0 0.0029350
 817.5 0.0029350
 820.0 0.0029320
 822.5 0.0029380
 825.0 0.0029540
 827.5 0.0029510
 830.0 0.0029320
 832.5 0.0029080
 835.0 0.0028970
 837.5 0.0028810
 840.0 0.0028970
 842.5 0.0029000
 845.0 0.0029000
 847.5 0.0028710
 850.0 0.0028370
 852.5 0.0028310
 855.0 0.0028440
 857.5 0.0028730
 860.0 0.0029110
 862.5 0.0029300
 865.0 0.0029000
 867.5 0.0028810
 870.0 0.0029380
 872.5 0.0029680
 875.0 0.0029680
 877.5 0.0029590
 880.0 0.0029840
 882.5 0.0029730
 885.0 0.0029730
 887.5 0.0029350
 890.0 0.0029400
 892.5 0.0028970
 895.0 0.0028890
 897.5 0.0028890
 900.0 0.0028730
 902.5 0.0028340
 905.0 0.0028080
 907.5 0.0027950
 910.0 0.0027800
 912.5 0.0027390
 915.0 0.0027190
 917.5 0.0027010
 920.0 0.0026570
 922.5 0.0026350
 925.0 0.0026400
 927.5 0.0026990
 930.0 0.0027160
 932.5 0.0026840
 935.0 0.0026740
 937.5 0.0026670
 940.0 0.0026500
 942.5 0.0026350
 945.0 0.0026640
 947.5 0.0026740
 950.0 0.0026670
 952.5 0.0026890
 955.0 0.0027060
 957.5 0.0027090
 960.0 0.0026770
 962.5 0.0026670
 965.0 0.0026330
 967.5 0.0026300
 970.0 0.0026230
 972.5 0.0026280
 975.0 0.0026350
 977.5 0.0026590
 980.0 0.0026740
 982.5 0.0026940
 985.0 0.0027190
 987.5 0.0027240
 990.0 0.0027190
 992.5 0.0027190
 995.0 0.0027160
 997.5 0.0027370
1000.0 0.0027160
1002.5 0.0027110
1005.0 0.0027290
1007.5 0.0027420
1010.0 0.0027470
1012.5 0.0027620
1015.0 0.0027520
1017.5 0.0027420
1020.0 0.0027370
1022.5 0.0027260
1025.0 0.0027290
1027.5 0.0027090
1030.0 0.0027110
1032.5 0.0027010
1035.0 0.0027060
1037.5 0.0026890
1040.0 0.0026960
1042.5 0.0027160
1045.0 0.0027110
1047.5 0.0027090
1050.0 0.0026990
1052.5 0.0026870
1055.0 0.0026720
1057.5 0.0026920
1060.0 0.0026790
1062.5 0.0026740
1065.0 0.0026840
1067.5 0.0026720
1070.0 0.0026640
1072.5 0.0026550
1075.0 0.0026550
1077.5 0.0026300
1080.0 0.0025920

# nm  Flux(W/m2/m) for star HR 3705 from file: table6.dat
 320.0 0.0000270
 322.5 0.0000270
 325.0 0.0000320
 327.5 0.0000430
 330.0 0.0000530
 332.5 0.0000570
 335.0 0.0000550
 337.5 0.0000570
 340.0 0.0000670
 342.5 0.0000730
 345.0 0.0000710
 347.5 0.0000740
 350.0 0.0000810
 352.5 0.0000910
 355.0 0.0000950
 357.5 0.0000790
 360.0 0.0000750
 362.5 0.0000970
 365.0 0.0001280
 367.5 0.0001460
 370.0 0.0001360
 372.5 0.0001050
 375.0 0.0000990
 377.5 0.0001230
 380.0 0.0001240
 382.5 0.0001040
 385.0 0.0001030
 387.5 0.0001160
 390.0 0.0001290
 392.5 0.0001130
 395.0 0.0001060
 397.5 0.0001470
 400.0 0.0002360
 402.5 0.0002930
 405.0 0.0003150
 407.5 0.0003490
 410.0 0.0003770
 412.5 0.0003790
 415.0 0.0003790
 417.5 0.0003940
 420.0 0.0004010
 422.5 0.0003980
 425.0 0.0004330
 427.5 0.0004540
 430.0 0.0004720
 432.5 0.0005800
 435.0 0.0007050
 437.5 0.0007320
 440.0 0.0007210
 442.5 0.0007700
 445.0 0.0008370
 447.5 0.0009280
 450.0 0.0010270
 452.5 0.0010450
 455.0 0.0010730
 457.5 0.0011490
 460.0 0.0012220
 462.5 0.0012780
 465.0 0.0012580
 467.5 0.0012570
 470.0 0.0012880
 472.5 0.0013280
 475.0 0.0013350
 477.5 0.0013010
 480.0 0.0013280
 482.5 0.0013720
 485.0 0.0013650
 487.5 0.0013650
 490.0 0.0014370
 492.5 0.0015090
 495.0 0.0015280
 497.5 0.0014780
 500.0 0.0014150
 502.5 0.0014060
 505.0 0.0014510
 507.5 0.0014490
 510.0 0.0014340
 512.5 0.0014160
 515.0 0.0013650
 517.5 0.0012710
 520.0 0.0013270
 522.5 0.0015070
 525.0 0.0016110
 527.5 0.0016970
 530.0 0.0018450
 532.5 0.0019040
 535.0 0.0019770
 537.5 0.0020230
 540.0 0.0019860
 542.5 0.0020140
 545.0 0.0020100
 547.5 0.0019700
 550.0 0.0019880
 552.5 0.0020590
 555.0 0.0021400
 557.5 0.0021420
 560.0 0.0020970
 562.5 0.0020740
 565.0 0.0020820
 567.5 0.0021340
 570.0 0.0021700
 572.5 0.0022260
 575.0 0.0022870
 577.5 0.0022950
 580.0 0.0023270
 582.5 0.0023900
 585.0 0.0023810
 587.5 0.0022550
 590.0 0.0021380
 592.5 0.0021980
 595.0 0.0022850
 597.5 0.0023330
 600.0 0.0023720
 602.5 0.0024550
 605.0 0.0025680
 607.5 0.0026010
 610.0 0.0025890
 612.5 0.0025610
 615.0 0.0024910
 617.5 0.0023590
 620.0 0.0022490
 622.5 0.0021200
 625.0 0.0020700
 627.5 0.0021740
 630.0 0.0023100
 632.5 0.0024250
 635.0 0.0025000
 637.5 0.0025750
 640.0 0.0026400
 642.5 0.0026770
 645.0 0.0027340
 647.5 0.0027240
 650.0 0.0026280
 652.5 0.0026790
 655.0 0.0027260
 657.5 0.0026740
 660.0 0.0027040
 662.5 0.0027440
 665.0 0.0027640
 667.5 0.0027370
 670.0 0.0026720
 672.5 0.0026110
 675.0 0.0025940
 677.5 0.0026300
 680.0 0.0026570
 682.5 0.0027040
 685.0 0.0027160
 687.5 0.0027240
 690.0 0.0028050
 692.5 0.0028290
 695.0 0.0028340
 697.5 0.0028600
 700.0 0.0028730
 702.5 0.0028760
 705.0 0.0028290
 707.5 0.0027160
 710.0 0.0025870
 712.5 0.0024680
 715.0 0.0024320
 717.5 0.0024550
 720.0 0.0024730
 722.5 0.0025680
 725.0 0.0026740
 727.5 0.0027010
 730.0 0.0027160
 732.5 0.0027620
 735.0 0.0027870

