# nm  Flux(W/m2/m) for star HR 3803 from file: table5.dat
 320.0 0.
 322.5 0.
 325.0 0.
 327.5 0.
 330.0 0.
 332.5 0.0000740
 335.0 0.0000810
 337.5 0.0000760
 340.0 0.0000750
 342.5 0.0000760
 345.0 0.0000780
 347.5 0.0000830
 350.0 0.0000880
 352.5 0.0000910
 355.0 0.0000890
 357.5 0.0000870
 360.0 0.0000970
 362.5 0.0001190
 365.0 0.0001420
 367.5 0.0001480
 370.0 0.0001340
 372.5 0.0001170
 375.0 0.0001120
 377.5 0.0001150
 380.0 0.0001140
 382.5 0.0001100
 385.0 0.0001130
 387.5 0.0001210
 390.0 0.0001250
 392.5 0.0001260
 395.0 0.0001480
 397.5 0.0002010
 400.0 0.0002690
 402.5 0.0003240
 405.0 0.0003600
 407.5 0.0003810
 410.0 0.0003950
 412.5 0.0004000
 415.0 0.0004050
 417.5 0.0004140
 420.0 0.0004310
 422.5 0.0004490
 425.0 0.0004740
 427.5 0.0005160
 430.0 0.0005880
 432.5 0.0006710
 435.0 0.0007310
 437.5 0.0007630
 440.0 0.0007940
 442.5 0.0008530
 445.0 0.0009320
 447.5 0.0010060
 450.0 0.0010610
 452.5 0.0011050
 455.0 0.0011590
 457.5 0.0012210
 460.0 0.0012740
 462.5 0.0012990
 465.0 0.0013070
 467.5 0.0013220
 470.0 0.0013420
 472.5 0.0013540
 475.0 0.0013560
 477.5 0.0013640
 480.0 0.0013820
 482.5 0.0014010
 485.0 0.0014260
 487.5 0.0014670
 490.0 0.0015150
 492.5 0.0015390
 495.0 0.0015160
 497.5 0.0014720
 500.0 0.0014670
 502.5 0.0014780
 505.0 0.0014660
 507.5 0.0014510
 510.0 0.0014100
 512.5 0.0013600
 515.0 0.0013910
 517.5 0.0014020
 520.0 0.0014960
 522.5 0.0016340
 525.0 0.0017820
 527.5 0.0018180
 530.0 0.0019110
 532.5 0.0019880
 535.0 0.0020660
 537.5 0.0019860
 540.0 0.0020190
 542.5 0.0020230
 545.0 0.0020120
 547.5 0.0020230
 550.0 0.0021050
 552.5 0.0021010
 555.0 0.0021520
 557.5 0.0021400
 560.0 0.0021180
 562.5 0.0021130
 565.0 0.0021320
 567.5 0.0022330
 570.0 0.0022370
 572.5 0.0022700
 575.0 0.0023380
 577.5 0.0023720
 580.0 0.0023880
 582.5 0.0023440
 585.0 0.0022850
 587.5 0.0022430
 590.0 0.0022390
 592.5 0.0022970
 595.0 0.0023490
 597.5 0.0024230
 600.0 0.0024640
 602.5 0.0025700
 605.0 0.0025970
 607.5 0.0026230
 610.0 0.0025700
 612.5 0.0024890
 615.0 0.0023860
 617.5 0.0022950
 620.0 0.0022120
 622.5 0.0021960
 625.0 0.0022100
 627.5 0.0022930
 630.0 0.0023900
 632.5 0.0024840
 635.0 0.0025280
 637.5 0.0025800
 640.0 0.0026090
 642.5 0.0026940
 645.0 0.0026670
 647.5 0.0027090
 650.0 0.0026280
 652.5 0.0026330
 655.0 0.0026840
 657.5 0.0027290
 660.0 0.0027190
 662.5 0.0027670
 665.0 0.0027290
 667.5 0.0026990
 670.0 0.0027040
 672.5 0.0026960
 675.0 0.0026380
 677.5 0.0026420
 680.0 0.0026740
 682.5 0.0026960
 685.0 0.0027570
 687.5 0.0027640
 690.0 0.0028110
 692.5 0.0028130
 695.0 0.0028180
 697.5 0.0028470
 700.0 0.0028180
 702.5 0.0027620
 705.0 0.0026890
 707.5 0.0026110
 710.0 0.0025140
 712.5 0.0024730
 715.0 0.0024550
 717.5 0.0025400
 720.0 0.0025850
 722.5 0.0026620
 725.0 0.0027090
 727.5 0.0027420
 730.0 0.0027520
 732.5 0.0028160
 735.0 0.0028030
 737.5 0.0028440
 740.0 0.0028650
 742.5 0.0029160
 745.0 0.0029130
 747.5 0.0029210
 750.0 0.0029130
 752.5 0.0029870
 755.0 0.0029870
 757.5 0.0029790
 760.0 0.0029570
 762.5 0.0030030
 765.0 0.0029920
 767.5 0.0029130
 770.0 0.0029130
 772.5 0.0028870
 775.0 0.0029320
 777.5 0.0029210
 780.0 0.0029320
 782.5 0.0029870
 785.0 0.0029650
 787.5 0.0029190
 790.0 0.0028130
 792.5 0.0027980
 795.0 0.0028420
 797.5 0.0028390
 800.0 0.0029160
 802.5 0.0028340
 805.0 0.0028420
 807.5 0.0028000
 810.0 0.0028210
 812.5 0.0028440
 815.0 0.0028210
 817.5 0.0029030
 820.0 0.0029620
 822.5 0.0029190
 825.0 0.0029620
 827.5 0.0029050
 830.0 0.0029210
 832.5 0.0028420
 835.0 0.0028470
 837.5 0.0028180
 840.0 0.0028630
 842.5 0.0028290
 845.0 0.0028630
 847.5 0.0028030
 850.0 0.0027010
 852.5 0.0027390
 855.0 0.0027800
 857.5 0.0028650
 860.0 0.0028730
 862.5 0.0028420
 865.0 0.0027750
 867.5 0.0028080
 870.0 0.0028920
 872.5 0.0029110
 875.0 0.0029240
 877.5 0.0028890
 880.0 0.0028730
 882.5 0.0028600
 885.0 0.0029870
 887.5 0.0029840
 890.0 0.0028550
 892.5 0.0027310
 895.0 0.0027340
 897.5 0.0027260
 900.0 0.0027240
 902.5 0.0027340
 905.0 0.0027750
 907.5 0.0027800
 910.0 0.0026940
 912.5 0.0026040
 915.0 0.0026350
 917.5 0.0025870
 920.0 0.0025970
 922.5 0.0026280
 925.0 0.0026380
 927.5 0.0026870
 930.0 0.0025970
 932.5 0.0025210
 935.0 0.0025420
 937.5 0.0025050
 940.0 0.0025420
 942.5 0.0025730
 945.0 0.0024750
 947.5 0.0025660
 950.0 0.0026230
 952.5 0.0025970
 955.0 0.0026160
 957.5 0.0026040
 960.0 0.0025730
 962.5 0.0025680
 965.0 0.0025370
 967.5 0.0025210
 970.0 0.0025030
 972.5 0.0025190
 975.0 0.0025630
 977.5 0.0025730
 980.0 0.0025780
 982.5 0.0026570
 985.0 0.0026670
 987.5 0.0026690
 990.0 0.0026570
 992.5 0.0026640
 995.0 0.0026620
 997.5 0.0026470
1000.0 0.0026330
1002.5 0.0025970
1005.0 0.0026740
1007.5 0.0026770
1010.0 0.0027040
1012.5 0.0026570
1015.0 0.0026550
1017.5 0.0026770
1020.0 0.0026160
1022.5 0.0027090
1025.0 0.0027260
1027.5 0.0026670
1030.0 0.0027110
1032.5 0.0026250
1035.0 0.0026590
1037.5 0.0027240
1040.0 0.0027160
1042.5 0.0026570
1045.0 0.0026990
1047.5 0.0027520
1050.0 0.0027750
1052.5 0.0027290
1055.0 0.0027060
1057.5 0.0027190
1060.0 0.0027140
1062.5 0.0026990
1065.0 0.0027040
1067.5 0.0027390
1070.0 0.0027950
1072.5 0.0026820
1075.0 0.0026130
1077.5 0.0025920
1080.0 0.0024620

# nm  Flux(W/m2/m) for star HR 3803 from file: table6.dat
 320.0 0.
 322.5 0.
 325.0 0.
 327.5 0.
 330.0 0.
 332.5 0.
 335.0 0.0000810
 337.5 0.0000790
 340.0 0.0000690
 342.5 0.0000770
 345.0 0.0000750
 347.5 0.0000830
 350.0 0.0000840
 352.5 0.0001010
 355.0 0.0000970
 357.5 0.0000680
 360.0 0.0000840
 362.5 0.0001150
 365.0 0.0001540
 367.5 0.0001810
 370.0 0.0001380
 372.5 0.0000890
 375.0 0.0000970
 377.5 0.0001390
 380.0 0.0001210
 382.5 0.0000930
 385.0 0.0001020
 387.5 0.0001280
 390.0 0.0001480
 392.5 0.0001110
 395.0 0.0001020
 397.5 0.0001750
 400.0 0.0003100
 402.5 0.0003460
 405.0 0.0003450
 407.5 0.0003900
 410.0 0.0004180
 412.5 0.0003870
 415.0 0.0003970
 417.5 0.0004190
 420.0 0.0004250
 422.5 0.0004360
 425.0 0.0004930
 427.5 0.0004770
 430.0 0.0005330
 432.5 0.0007280
 435.0 0.0007910
 437.5 0.0007290
 440.0 0.0007610
 442.5 0.0008500
 445.0 0.0009160
 447.5 0.0010500
 450.0 0.0010830
 452.5 0.0010630
 455.0 0.0011580
 457.5 0.0012180
 460.0 0.0013130
 462.5 0.0013300
 465.0 0.0012760
 467.5 0.0013010
 470.0 0.0013600
 472.5 0.0013920
 475.0 0.0013350
 477.5 0.0013230
 480.0 0.0014110
 482.5 0.0014220
 485.0 0.0013780
 487.5 0.0014470
 490.0 0.0015490
 492.5 0.0015850
 495.0 0.0015490
 497.5 0.0014560
 500.0 0.0013730
 502.5 0.0014530
 505.0 0.0015180
 507.5 0.0014830
 510.0 0.0014370
 512.5 0.0014270
 515.0 0.0012970
 517.5 0.0012310
 520.0 0.0014490
 522.5 0.0016400
 525.0 0.0016500
 527.5 0.0017570
 530.0 0.0019200
 532.5 0.0018860
 535.0 0.0019990
 537.5 0.0020010
 540.0 0.0019460
 542.5 0.0020420
 545.0 0.0019730
 547.5 0.0019410
 550.0 0.0020040
 552.5 0.0021030
 555.0 0.0021620
 557.5 0.0021220
 560.0 0.0020840
 562.5 0.0020840
 565.0 0.0020910
 567.5 0.0021300
 570.0 0.0021620
 572.5 0.0022080
 575.0 0.0022720
 577.5 0.0022870
 580.0 0.0023040
 582.5 0.0023210
 585.0 0.0023460
 587.5 0.0021480
 590.0 0.0020460
 592.5 0.0022410
 595.0 0.0023270
 597.5 0.0023920
 600.0 0.0023510
 602.5 0.0025100
 605.0 0.0026180
 607.5 0.0026210
 610.0 0.0025630
 612.5 0.0025470
 615.0 0.0024300
 617.5 0.0022850
 620.0 0.0021960
 622.5 0.0020840
 625.0 0.0020910
 627.5 0.0022240
 630.0 0.0023380
 632.5 0.0024590
 635.0 0.0024640
 637.5 0.0025660
 640.0 0.0026110
 642.5 0.0026470
 645.0 0.0027140
 647.5 0.0026210
 650.0 0.0025330
 652.5 0.0026740
 655.0 0.0025850
 657.5 0.0025970
 660.0 0.0027290
 662.5 0.0027390
 665.0 0.0026840
 667.5 0.0026500
 670.0 0.0025990
 672.5 0.0025540
 675.0 0.0025490
 677.5 0.0025850
 680.0 0.0026160
 682.5 0.0026720
 685.0 0.0027420
 687.5 0.0025890
 690.0 0.0028050
 692.5 0.0027490
 695.0 0.0027620
 697.5 0.0028180
 700.0 0.0027900
 702.5 0.0027440
 705.0 0.0027340
 707.5 0.0026300
 710.0 0.0024960
 712.5 0.0023860
 715.0 0.0024460
 717.5 0.0023940
 720.0 0.0022970
 722.5 0.0025780
 725.0 0.0026990
 727.5 0.0026570
 730.0 0.0025940
 732.5 0.0027370
 735.0 0.0027980

