# nm  Flux(W/m2/m) for star HR 3845 from file: table5.dat
 320.0 0.0004430
 322.5 0.0004670
 325.0 0.0005060
 327.5 0.0005520
 330.0 0.0005870
 332.5 0.0005980
 335.0 0.0000670
 337.5 0.0000690
 340.0 0.0000720
 342.5 0.0000740
 345.0 0.0000760
 347.5 0.0000800
 350.0 0.0000850
 352.5 0.0000870
 355.0 0.0000820
 357.5 0.0000800
 360.0 0.0000900
 362.5 0.0001140
 365.0 0.0001390
 367.5 0.0001470
 370.0 0.0001340
 372.5 0.0001160
 375.0 0.0001060
 377.5 0.0001050
 380.0 0.0000990
 382.5 0.0000910
 385.0 0.0000910
 387.5 0.0000990
 390.0 0.0001070
 392.5 0.0001150
 395.0 0.0001400
 397.5 0.0001850
 400.0 0.0002360
 402.5 0.0002710
 405.0 0.0002900
 407.5 0.0002980
 410.0 0.0003000
 412.5 0.0002950
 415.0 0.0002920
 417.5 0.0003000
 420.0 0.0003190
 422.5 0.0003390
 425.0 0.0003530
 427.5 0.0003710
 430.0 0.0004040
 432.5 0.0004470
 435.0 0.0004800
 437.5 0.0004960
 440.0 0.0005100
 442.5 0.0005380
 445.0 0.0005770
 447.5 0.0006140
 450.0 0.0006400
 452.5 0.0006580
 455.0 0.0006770
 457.5 0.0007010
 460.0 0.0007200
 462.5 0.0007300
 465.0 0.0007360
 467.5 0.0007460
 470.0 0.0007620
 472.5 0.0007780
 475.0 0.0007920
 477.5 0.0008050
 480.0 0.0008110
 482.5 0.0008100
 485.0 0.0008080
 487.5 0.0008160
 490.0 0.0008330
 492.5 0.0008480
 495.0 0.0008490
 497.5 0.0008360
 500.0 0.0008230
 502.5 0.0008210
 505.0 0.0008270
 507.5 0.0008290
 510.0 0.0008120
 512.5 0.0007830
 515.0 0.0007630
 517.5 0.0007710
 520.0 0.0008060
 522.5 0.0008500
 525.0 0.0008890
 527.5 0.0009200
 530.0 0.0009510
 532.5 0.0009750
 535.0 0.0009900
 537.5 0.0009950
 540.0 0.0009970
 542.5 0.0010020
 545.0 0.0010090
 547.5 0.0010200
 550.0 0.0010350
 552.5 0.0010500
 555.0 0.0010610
 557.5 0.0010600
 560.0 0.0010530
 562.5 0.0010470
 565.0 0.0010450
 567.5 0.0010500
 570.0 0.0010600
 572.5 0.0010750
 575.0 0.0010890
 577.5 0.0011020
 580.0 0.0011130
 582.5 0.0011180
 585.0 0.0011150
 587.5 0.0011110
 590.0 0.0011190
 592.5 0.0011420
 595.0 0.0011560
 597.5 0.0011590
 600.0 0.0011520
 602.5 0.0011670
 605.0 0.0011670
 607.5 0.0011590
 610.0 0.0011370
 612.5 0.0011240
 615.0 0.0011160
 617.5 0.0011120
 620.0 0.0010970
 622.5 0.0010900
 625.0 0.0010880
 627.5 0.0010930
 630.0 0.0011040
 632.5 0.0011060
 635.0 0.0011120
 637.5 0.0011320
 640.0 0.0011320
 642.5 0.0011360
 645.0 0.0011470
 647.5 0.0011460
 650.0 0.0011210
 652.5 0.0011260
 655.0 0.0011320
 657.5 0.0011380
 660.0 0.0011450
 662.5 0.0011590
 665.0 0.0011580
 667.5 0.0011530
 670.0 0.0011500
 672.5 0.0011460
 675.0 0.0011520
 677.5 0.0011500
 680.0 0.0011560
 682.5 0.0011480
 685.0 0.0011490
 687.5 0.0011410
 690.0 0.0011420
 692.5 0.0011440
 695.0 0.0011300
 697.5 0.0011040
 700.0 0.0010950
 702.5 0.0010850
 705.0 0.0010860
 707.5 0.0010850
 710.0 0.0010740
 712.5 0.0010760
 715.0 0.0010640
 717.5 0.0010530
 720.0 0.0010620
 722.5 0.0010650
 725.0 0.0010650
 727.5 0.0010600
 730.0 0.0010530
 732.5 0.0010490
 735.0 0.0010470
 737.5 0.0010450
 740.0 0.0010400
 742.5 0.0010620
 745.0 0.0010370
 747.5 0.0010360
 750.0 0.0010270
 752.5 0.0010090
 755.0 0.0010410
 757.5 0.0010130
 760.0 0.0010750
 762.5 0.0011130
 765.0 0.0010820
 767.5 0.0010790
 770.0 0.0010730
 772.5 0.0010800
 775.0 0.0010860
 777.5 0.0010590
 780.0 0.0010560
 782.5 0.0010350
 785.0 0.0010350
 787.5 0.0010200
 790.0 0.0009870
 792.5 0.0009970
 795.0 0.0009940
 797.5 0.0010340
 800.0 0.0010180
 802.5 0.0009930
 805.0 0.0009800
 807.5 0.0009720
 810.0 0.0009820
 812.5 0.0009800
 815.0 0.0010000
 817.5 0.0009890
 820.0 0.0009920
 822.5 0.0009940
 825.0 0.0009930
 827.5 0.0009600
 830.0 0.0009570
 832.5 0.0009660
 835.0 0.0009730
 837.5 0.0009870
 840.0 0.0009760
 842.5 0.0009770
 845.0 0.0009580
 847.5 0.0009670
 850.0 0.0009510
 852.5 0.0009500
 855.0 0.0009540
 857.5 0.0009780
 860.0 0.0009740
 862.5 0.0009760
 865.0 0.0009520
 867.5 0.0009800
 870.0 0.0009940
 872.5 0.0009930
 875.0 0.0009740
 877.5 0.0009850
 880.0 0.0010070
 882.5 0.0009940
 885.0 0.0009940
 887.5 0.0009830
 890.0 0.0009670
 892.5 0.0009350
 895.0 0.0009320
 897.5 0.0009250
 900.0 0.0009370
 902.5 0.0009150
 905.0 0.0009120
 907.5 0.0009290
 910.0 0.0008810
 912.5 0.0008710
 915.0 0.0008900
 917.5 0.0008570
 920.0 0.0008570
 922.5 0.0008680
 925.0 0.0008780
 927.5 0.0008850
 930.0 0.0008970
 932.5 0.0008620
 935.0 0.0008440
 937.5 0.0008120
 940.0 0.0008380
 942.5 0.0008390
 945.0 0.0008500
 947.5 0.0008580
 950.0 0.0008640
 952.5 0.0008640
 955.0 0.0008670
 957.5 0.0008520
 960.0 0.0008460
 962.5 0.0008400
 965.0 0.0008230
 967.5 0.0008250
 970.0 0.0008390
 972.5 0.0008180
 975.0 0.0008170
 977.5 0.0008350
 980.0 0.0008360
 982.5 0.0008650
 985.0 0.0008660
 987.5 0.0008690
 990.0 0.0008650
 992.5 0.0008460
 995.0 0.0008700
 997.5 0.0008700
1000.0 0.0008580
1002.5 0.0008800
1005.0 0.0008690
1007.5 0.0008630
1010.0 0.0008750
1012.5 0.0008650
1015.0 0.0008470
1017.5 0.0008440
1020.0 0.0008380
1022.5 0.0008460
1025.0 0.0008710
1027.5 0.0008500
1030.0 0.0008360
1032.5 0.0008330
1035.0 0.0008450
1037.5 0.0008530
1040.0 0.0008600
1042.5 0.0008650
1045.0 0.0008690
1047.5 0.0008370
1050.0 0.0008390
1052.5 0.0008370
1055.0 0.0008360
1057.5 0.0008530
1060.0 0.0008370
1062.5 0.0008430
1065.0 0.0008490
1067.5 0.0008430
1070.0 0.0008390
1072.5 0.0008300
1075.0 0.0008360
1077.5 0.0008010
1080.0 0.0008230

# nm  Flux(W/m2/m) for star HR 3845 from file: table6.dat
 320.0 
 322.5 
 325.0 
 327.5 
 330.0 
 332.5 0.0000740
 335.0 0.0000700
 337.5 0.0000570
 340.0 0.0000780
 342.5 0.0000770
 345.0 0.0000720
 347.5 0.0000760
 350.0 0.0000860
 352.5 0.0001000
 355.0 0.0000860
 357.5 0.0000600
 360.0 0.0000770
 362.5 0.0001100
 365.0 0.0001500
 367.5 0.0001830
 370.0 0.0001390
 372.5 0.0000890
 375.0 0.0000940
 377.5 0.0001270
 380.0 0.0001040
 382.5 0.0000750
 385.0 0.0000790
 387.5 0.0001040
 390.0 0.0001240
 392.5 0.0001010
 395.0 0.0001030
 397.5 0.0001750
 400.0 0.0002730
 402.5 0.0002850
 405.0 0.0002790
 407.5 0.0003080
 410.0 0.0003170
 412.5 0.0002860
 415.0 0.0002800
 417.5 0.0002950
 420.0 0.0003110
 422.5 0.0003490
 425.0 0.0003700
 427.5 0.0003440
 430.0 0.0003690
 432.5 0.0004770
 435.0 0.0005170
 437.5 0.0004780
 440.0 0.0004890
 442.5 0.0005410
 445.0 0.0005690
 447.5 0.0006290
 450.0 0.0006590
 452.5 0.0006460
 455.0 0.0006650
 457.5 0.0007050
 460.0 0.0007390
 462.5 0.0007370
 465.0 0.0007220
 467.5 0.0007390
 470.0 0.0007660
 472.5 0.0007860
 475.0 0.0007890
 477.5 0.0007990
 480.0 0.0008270
 482.5 0.0008230
 485.0 0.0007830
 487.5 0.0008050
 490.0 0.0008400
 492.5 0.0008570
 495.0 0.0008710
 497.5 0.0008360
 500.0 0.0008050
 502.5 0.0008110
 505.0 0.0008330
 507.5 0.0008480
 510.0 0.0008250
 512.5 0.0007840
 515.0 0.0007370
 517.5 0.0007280
 520.0 0.0008110
 522.5 0.0008780
 525.0 0.0008770
 527.5 0.0009100
 530.0 0.0009790
 532.5 0.0009660
 535.0 0.0010010
 537.5 0.0010110
 540.0 0.0009770
 542.5 0.0010020
 545.0 0.0010190
 547.5 0.0010080
 550.0 0.0010270
 552.5 0.0010600
 555.0 0.0010750
 557.5 0.0010620
 560.0 0.0010470
 562.5 0.0010510
 565.0 0.0010370
 567.5 0.0010470
 570.0 0.0010580
 572.5 0.0010700
 575.0 0.0010990
 577.5 0.0011100
 580.0 0.0010960
 582.5 0.0011310
 585.0 0.0011430
 587.5 0.0010780
 590.0 0.0010860
 592.5 0.0011690
 595.0 0.0011750
 597.5 0.0011680
 600.0 0.0011120
 602.5 0.0011770
 605.0 0.0011970
 607.5 0.0011770
 610.0 0.0011490
 612.5 0.0011210
 615.0 0.0011010
 617.5 0.0011130
 620.0 0.0011210
 622.5 0.0011020
 625.0 0.0010650
 627.5 0.0010770
 630.0 0.0010960
 632.5 0.0011280
 635.0 0.0011210
 637.5 0.0011420
 640.0 0.0011510
 642.5 0.0011560
 645.0 0.0011430
 647.5 0.0011250
 650.0 0.0011200
 652.5 0.0011630
 655.0 0.0011240
 657.5 0.0011250
 660.0 0.0011760
 662.5 0.0011680
 665.0 0.0011580
 667.5 0.0011660
 670.0 0.0011450
 672.5 0.0011430
 675.0 0.0011440
 677.5 0.0011500
 680.0 0.0011600
 682.5 0.0011640
 685.0 0.0011670
 687.5 0.0010880
 690.0 0.0011840
 692.5 0.0011560
 695.0 0.0011310
 697.5 0.0011150
 700.0 0.0010890
 702.5 0.0010740
 705.0 0.0010860
 707.5 0.0010790
 710.0 0.0010670
 712.5 0.0010680
 715.0 0.0010750
 717.5 0.0010320
 720.0 0.0009990
 722.5 0.0010750
 725.0 0.0010650
 727.5 0.0010330
 730.0 0.0010260
 732.5 0.0010450
 735.0 0.0010380

