# nm  Flux(W/m2/m) for star HR 3873 from file: table5.dat
 320.0 0.0012930
 322.5 0.0013060
 325.0 0.0013230
 327.5 0.0013510
 330.0 0.0013740
 332.5 0.0013870
 335.0 0.0005950
 337.5 0.0006000
 340.0 0.0006230
 342.5 0.0006520
 345.0 0.0006730
 347.5 0.0006890
 350.0 0.0007070
 352.5 0.0007200
 355.0 0.0007230
 357.5 0.0007200
 360.0 0.0007380
 362.5 0.0007880
 365.0 0.0008650
 367.5 0.0009420
 370.0 0.0009950
 372.5 0.0010200
 375.0 0.0010270
 377.5 0.0010140
 380.0 0.0009680
 382.5 0.0009070
 385.0 0.0008730
 387.5 0.0008810
 390.0 0.0009000
 392.5 0.0009000
 395.0 0.0009340
 397.5 0.0010540
 400.0 0.0012450
 402.5 0.0014200
 405.0 0.0015260
 407.5 0.0015730
 410.0 0.0015950
 412.5 0.0016070
 415.0 0.0016100
 417.5 0.0016140
 420.0 0.0016340
 422.5 0.0016660
 425.0 0.0016810
 427.5 0.0016720
 430.0 0.0016640
 432.5 0.0016980
 435.0 0.0017680
 437.5 0.0018430
 440.0 0.0018970
 442.5 0.0019410
 445.0 0.0019920
 447.5 0.0020460
 450.0 0.0020870
 452.5 0.0021050
 455.0 0.0021110
 457.5 0.0021300
 460.0 0.0021640
 462.5 0.0021960
 465.0 0.0022120
 467.5 0.0022180
 470.0 0.0022330
 472.5 0.0022570
 475.0 0.0022910
 477.5 0.0023230
 480.0 0.0023330
 482.5 0.0023120
 485.0 0.0022680
 487.5 0.0022330
 490.0 0.0022370
 492.5 0.0022640
 495.0 0.0022850
 497.5 0.0022780
 500.0 0.0023120
 502.5 0.0022990
 505.0 0.0023120
 507.5 0.0023290
 510.0 0.0023330
 512.5 0.0022970
 515.0 0.0022640
 517.5 0.0022490
 520.0 0.0022350
 522.5 0.0022430
 525.0 0.0022740
 527.5 0.0022930
 530.0 0.0023210
 532.5 0.0023440
 535.0 0.0023530
 537.5 0.0023620
 540.0 0.0023570
 542.5 0.0023530
 545.0 0.0023440
 547.5 0.0023530
 550.0 0.0023680
 552.5 0.0023620
 555.0 0.0023490
 557.5 0.0023490
 560.0 0.0023400
 562.5 0.0023060
 565.0 0.0023040
 567.5 0.0023080
 570.0 0.0023010
 572.5 0.0023100
 575.0 0.0023230
 577.5 0.0023330
 580.0 0.0023120
 582.5 0.0023120
 585.0 0.0023010
 587.5 0.0022970
 590.0 0.0022970
 592.5 0.0023010
 595.0 0.0023010
 597.5 0.0023040
 600.0 0.0022970
 602.5 0.0022950
 605.0 0.0022930
 607.5 0.0022800
 610.0 0.0022550
 612.5 0.0022260
 615.0 0.0022000
 617.5 0.0021840
 620.0 0.0021780
 622.5 0.0021780
 625.0 0.0021720
 627.5 0.0021620
 630.0 0.0021540
 632.5 0.0021660
 635.0 0.0021680
 637.5 0.0021660
 640.0 0.0021580
 642.5 0.0021500
 645.0 0.0021420
 647.5 0.0021420
 650.0 0.0020870
 652.5 0.0020570
 655.0 0.0020490
 657.5 0.0020530
 660.0 0.0020610
 662.5 0.0020800
 665.0 0.0021010
 667.5 0.0021050
 670.0 0.0020990
 672.5 0.0020850
 675.0 0.0020740
 677.5 0.0020550
 680.0 0.0020400
 682.5 0.0020270
 685.0 0.0020030
 687.5 0.0019860
 690.0 0.0019770
 692.5 0.0019720
 695.0 0.0019500
 697.5 0.0019210
 700.0 0.0019050
 702.5 0.0018810
 705.0 0.0018790
 707.5 0.0018850
 710.0 0.0018710
 712.5 0.0018540
 715.0 0.0018230
 717.5 0.0017930
 720.0 0.0017770
 722.5 0.0017700
 725.0 0.0017590
 727.5 0.0017470
 730.0 0.0017440
 732.5 0.0017430
 735.0 0.0017220
 737.5 0.0017120
 740.0 0.0017270
 742.5 0.0017160
 745.0 0.0017060
 747.5 0.0017010
 750.0 0.0017030
 752.5 0.0016980
 755.0 0.0016760
 757.5 0.0016720
 760.0 0.0016810
 762.5 0.0016830
 765.0 0.0016900
 767.5 0.0016810
 770.0 0.0016730
 772.5 0.0016640
 775.0 0.0016460
 777.5 0.0016460
 780.0 0.0016580
 782.5 0.0016500
 785.0 0.0016410
 787.5 0.0016250
 790.0 0.0016010
 792.5 0.0015910
 795.0 0.0015880
 797.5 0.0015790
 800.0 0.0015760
 802.5 0.0015560
 805.0 0.0015390
 807.5 0.0015370
 810.0 0.0015290
 812.5 0.0015250
 815.0 0.0015300
 817.5 0.0015220
 820.0 0.0015080
 822.5 0.0014900
 825.0 0.0014980
 827.5 0.0014940
 830.0 0.0014860
 832.5 0.0014820
 835.0 0.0014790
 837.5 0.0014710
 840.0 0.0014710
 842.5 0.0014670
 845.0 0.0014590
 847.5 0.0014240
 850.0 0.0013960
 852.5 0.0013910
 855.0 0.0013870
 857.5 0.0013890
 860.0 0.0013940
 862.5 0.0014050
 865.0 0.0013910
 867.5 0.0013800
 870.0 0.0013970
 872.5 0.0014020
 875.0 0.0013980
 877.5 0.0013930
 880.0 0.0014000
 882.5 0.0013820
 885.0 0.0013700
 887.5 0.0013440
 890.0 0.0013480
 892.5 0.0013300
 895.0 0.0013230
 897.5 0.0013230
 900.0 0.0013060
 902.5 0.0012800
 905.0 0.0012610
 907.5 0.0012460
 910.0 0.0012390
 912.5 0.0012310
 915.0 0.0012200
 917.5 0.0012100
 920.0 0.0011800
 922.5 0.0011720
 925.0 0.0011680
 927.5 0.0011920
 930.0 0.0012080
 932.5 0.0011920
 935.0 0.0011820
 937.5 0.0011790
 940.0 0.0011670
 942.5 0.0011500
 945.0 0.0011660
 947.5 0.0011670
 950.0 0.0011520
 952.5 0.0011560
 955.0 0.0011610
 957.5 0.0011530
 960.0 0.0011450
 962.5 0.0011420
 965.0 0.0011290
 967.5 0.0011250
 970.0 0.0011270
 972.5 0.0011280
 975.0 0.0011310
 977.5 0.0011270
 980.0 0.0011200
 982.5 0.0011240
 985.0 0.0011270
 987.5 0.0011270
 990.0 0.0011210
 992.5 0.0011160
 995.0 0.0011110
 997.5 0.0011120
1000.0 0.0011010
1002.5 0.0011010
1005.0 0.0010970
1007.5 0.0011010
1010.0 0.0011000
1012.5 0.0011050
1015.0 0.0011030
1017.5 0.0010870
1020.0 0.0010850
1022.5 0.0010800
1025.0 0.0010770
1027.5 0.0010580
1030.0 0.0010560
1032.5 0.0010490
1035.0 0.0010520
1037.5 0.0010490
1040.0 0.0010430
1042.5 0.0010430
1045.0 0.0010490
1047.5 0.0010390
1050.0 0.0010290
1052.5 0.0010110
1055.0 0.0010110
1057.5 0.0010180
1060.0 0.0010130
1062.5 0.0010050
1065.0 0.0010030
1067.5 0.0009960
1070.0 0.0009940
1072.5 0.0009840
1075.0 0.0009830
1077.5 0.0009770
1080.0 0.0009490

# nm  Flux(W/m2/m) for star HR 3873 from file: table6.dat
 320.0 0.0004480
 322.5 0.0004450
 325.0 0.0004920
 327.5 0.0005640
 330.0 0.0006150
 332.5 0.0006170
 335.0 0.0005810
 337.5 0.0005680
 340.0 0.0006220
 342.5 0.0006720
 345.0 0.0006780
 347.5 0.0006770
 350.0 0.0007010
 352.5 0.0007390
 355.0 0.0007470
 357.5 0.0006950
 360.0 0.0007010
 362.5 0.0007680
 365.0 0.0008650
 367.5 0.0009620
 370.0 0.0010330
 372.5 0.0010310
 375.0 0.0010080
 377.5 0.0010530
 380.0 0.0010200
 382.5 0.0008750
 385.0 0.0007900
 387.5 0.0008620
 390.0 0.0009980
 392.5 0.0008930
 395.0 0.0008080
 397.5 0.0009520
 400.0 0.0013000
 402.5 0.0015180
 405.0 0.0015550
 407.5 0.0015660
 410.0 0.0016040
 412.5 0.0016200
 415.0 0.0016140
 417.5 0.0015940
 420.0 0.0016100
 422.5 0.0016730
 425.0 0.0017280
 427.5 0.0017010
 430.0 0.0015820
 432.5 0.0016460
 435.0 0.0018030
 437.5 0.0018740
 440.0 0.0018850
 442.5 0.0019430
 445.0 0.0019770
 447.5 0.0020460
 450.0 0.0021320
 452.5 0.0021160
 455.0 0.0020840
 457.5 0.0021110
 460.0 0.0021640
 462.5 0.0022260
 465.0 0.0022200
 467.5 0.0022020
 470.0 0.0022180
 472.5 0.0022590
 475.0 0.0022890
 477.5 0.0023250
 480.0 0.0023680
 482.5 0.0023590
 485.0 0.0022490
 487.5 0.0021700
 490.0 0.0022300
 492.5 0.0022700
 495.0 0.0023120
 497.5 0.0023080
 500.0 0.0022390
 502.5 0.0022140
 505.0 0.0022910
 507.5 0.0023270
 510.0 0.0023210
 512.5 0.0022800
 515.0 0.0022220
 517.5 0.0021840
 520.0 0.0021960
 522.5 0.0022240
 525.0 0.0022120
 527.5 0.0022120
 530.0 0.0022890
 532.5 0.0023180
 535.0 0.0023420
 537.5 0.0023510
 540.0 0.0023140
 542.5 0.0023060
 545.0 0.0023270
 547.5 0.0023120
 550.0 0.0023040
 552.5 0.0023210
 555.0 0.0023360
 557.5 0.0023060
 560.0 0.0022760
 562.5 0.0022740
 565.0 0.0022620
 567.5 0.0022510
 570.0 0.0022430
 572.5 0.0022720
 575.0 0.0022950
 577.5 0.0022760
 580.0 0.0022510
 582.5 0.0022550
 585.0 0.0022660
 587.5 0.0022620
 590.0 0.0022390
 592.5 0.0022590
 595.0 0.0022740
 597.5 0.0022640
 600.0 0.0022390
 602.5 0.0022300
 605.0 0.0022530
 607.5 0.0022530
 610.0 0.0022080
 612.5 0.0021660
 615.0 0.0021180
 617.5 0.0021050
 620.0 0.0021420
 622.5 0.0021340
 625.0 0.0021050
 627.5 0.0021070
 630.0 0.0021070
 632.5 0.0021110
 635.0 0.0021180
 637.5 0.0021340
 640.0 0.0021420
 642.5 0.0021090
 645.0 0.0020950
 647.5 0.0020870
 650.0 0.0020380
 652.5 0.0020360
 655.0 0.0019990
 657.5 0.0019550
 660.0 0.0020030
 662.5 0.0020460
 665.0 0.0020720
 667.5 0.0020740
 670.0 0.0020550
 672.5 0.0020420
 675.0 0.0020340
 677.5 0.0020230
 680.0 0.0020120
 682.5 0.0020040
 685.0 0.0019860
 687.5 0.0019500
 690.0 0.0019620
 692.5 0.0019590
 695.0 0.0019410
 697.5 0.0019210
 700.0 0.0018790
 702.5 0.0018550
 705.0 0.0018620
 707.5 0.0018780
 710.0 0.0018850
 712.5 0.0018500
 715.0 0.0018050
 717.5 0.0017540
 720.0 0.0017090
 722.5 0.0017110
 725.0 0.0017360
 727.5 0.0017280
 730.0 0.0017160
 732.5 0.0017280
 735.0 0.0017190

