# nm  Flux(W/m2/m) for star HR 402 from file: table5.dat
 320.0 0.0001110
 322.5 0.0001170
 325.0 0.0001330
 327.5 0.0001540
 330.0 0.0001720
 332.5 0.0001770
 335.0 0.0001760
 337.5 0.0001760
 340.0 0.0001820
 342.5 0.0001890
 345.0 0.0001930
 347.5 0.0002000
 350.0 0.0002080
 352.5 0.0002100
 355.0 0.0002020
 357.5 0.0001970
 360.0 0.0002140
 362.5 0.0002530
 365.0 0.0002960
 367.5 0.0003180
 370.0 0.0003100
 372.5 0.0002870
 375.0 0.0002700
 377.5 0.0002580
 380.0 0.0002360
 382.5 0.0002080
 385.0 0.0002030
 387.5 0.0002260
 390.0 0.0002570
 392.5 0.0002770
 395.0 0.0003170
 397.5 0.0003950
 400.0 0.0004930
 402.5 0.0005680
 405.0 0.0006050
 407.5 0.0006200
 410.0 0.0006200
 412.5 0.0006040
 415.0 0.0005860
 417.5 0.0005850
 420.0 0.0006060
 422.5 0.0006320
 425.0 0.0006430
 427.5 0.0006490
 430.0 0.0006700
 432.5 0.0007160
 435.0 0.0007640
 437.5 0.0007990
 440.0 0.0008260
 442.5 0.0008650
 445.0 0.0009150
 447.5 0.0009620
 450.0 0.0009980
 452.5 0.0010190
 455.0 0.0010340
 457.5 0.0010480
 460.0 0.0010620
 462.5 0.0010670
 465.0 0.0010630
 467.5 0.0010650
 470.0 0.0010810
 472.5 0.0011090
 475.0 0.0011390
 477.5 0.0011580
 480.0 0.0011630
 482.5 0.0011520
 485.0 0.0011380
 487.5 0.0011320
 490.0 0.0011440
 492.5 0.0011620
 495.0 0.0011740
 497.5 0.0011710
 500.0 0.0011590
 502.5 0.0011510
 505.0 0.0011530
 507.5 0.0011580
 510.0 0.0011750
 512.5 0.0011360
 515.0 0.0011010
 517.5 0.0011150
 520.0 0.0011390
 522.5 0.0011630
 525.0 0.0011960
 527.5 0.0012310
 530.0 0.0012590
 532.5 0.0012750
 535.0 0.0012940
 537.5 0.0012970
 540.0 0.0012800
 542.5 0.0012860
 545.0 0.0012910
 547.5 0.0012930
 550.0 0.0013030
 552.5 0.0013060
 555.0 0.0013130
 557.5 0.0013070
 560.0 0.0013090
 562.5 0.0013180
 565.0 0.0013220
 567.5 0.0013150
 570.0 0.0013220
 572.5 0.0013370
 575.0 0.0013380
 577.5 0.0013600
 580.0 0.0013730
 582.5 0.0013820
 585.0 0.0013770
 587.5 0.0013640
 590.0 0.0013680
 592.5 0.0013690
 595.0 0.0013800
 597.5 0.0013820
 600.0 0.0013800
 602.5 0.0013870
 605.0 0.0013930
 607.5 0.0013780
 610.0 0.0013590
 612.5 0.0013430
 615.0 0.0013300
 617.5 0.0013270
 620.0 0.0013210
 622.5 0.0013220
 625.0 0.0013170
 627.5 0.0013090
 630.0 0.0013110
 632.5 0.0013120
 635.0 0.0013240
 637.5 0.0013300
 640.0 0.0013320
 642.5 0.0013330
 645.0 0.0013300
 647.5 0.0013220
 650.0 0.0012780
 652.5 0.0012650
 655.0 0.0012620
 657.5 0.0012640
 660.0 0.0012750
 662.5 0.0012920
 665.0 0.0012970
 667.5 0.0012970
 670.0 0.0012950
 672.5 0.0012910
 675.0 0.0012920
 677.5 0.0012910
 680.0 0.0012910
 682.5 0.0012850
 685.0 0.0012720
 687.5 0.0012730
 690.0 0.0012740
 692.5 0.0012620
 695.0 0.0012470
 697.5 0.0012270
 700.0 0.0012160
 702.5 0.0012080
 705.0 0.0012100
 707.5 0.0012130
 710.0 0.0012010
 712.5 0.0011840
 715.0 0.0011780
 717.5 0.0011600
 720.0 0.0011470
 722.5 0.0011470
 725.0 0.0011470
 727.5 0.0011420
 730.0 0.0011340
 732.5 0.0011320
 735.0 0.0011390
 737.5 0.0011480
 740.0 0.0011240
 742.5 0.0011410
 745.0 0.0011390
 747.5 0.0011410
 750.0 0.0011570
 752.5 0.0011520
 755.0 0.0011420
 757.5 0.0011480
 760.0 0.0011580
 762.5 0.0011490
 765.0 0.0011400
 767.5 0.0011390
 770.0 0.0011340
 772.5 0.0011890
 775.0 0.0011570
 777.5 0.0011420
 780.0 0.0011440
 782.5 0.0011290
 785.0 0.0011210
 787.5 0.0011110
 790.0 0.0010760
 792.5 0.0010650
 795.0 0.0010740
 797.5 0.0010730
 800.0 0.0010720
 802.5 0.0010700
 805.0 0.0010590
 807.5 0.0010530
 810.0 0.0010180
 812.5 0.0010040
 815.0 0.0010140
 817.5 0.0010120
 820.0 0.0010040
 822.5 0.0010170
 825.0 0.0010300
 827.5 0.0010290
 830.0 0.0010170
 832.5 0.0010040
 835.0 0.0010120
 837.5 0.0010020
 840.0 0.0010190
 842.5 0.0010270
 845.0 0.0010290
 847.5 0.0010250
 850.0 0.0009920
 852.5 0.0009850
 855.0 0.0009980
 857.5 0.0010030
 860.0 0.0010110
 862.5 0.0010240
 865.0 0.0010060
 867.5 0.0010060
 870.0 0.0010290
 872.5 0.0010340
 875.0 0.0010260
 877.5 0.0010160
 880.0 0.0010080
 882.5 0.0010110
 885.0 0.0010110
 887.5 0.0010090
 890.0 0.0009930
 892.5 0.0009510
 895.0 0.0009420
 897.5 0.0009350
 900.0 0.0009280
 902.5 0.0009310
 905.0 0.0009270
 907.5 0.0009200
 910.0 0.0008990
 912.5 0.0008730
 915.0 0.0008690
 917.5 0.0008610
 920.0 0.0008600
 922.5 0.0008600
 925.0 0.0008680
 927.5 0.0008610
 930.0 0.0008560
 932.5 0.0008570
 935.0 0.0008690
 937.5 0.0008730
 940.0 0.0008570
 942.5 0.0008500
 945.0 0.0008260
 947.5 0.0008440
 950.0 0.0008560
 952.5 0.0008480
 955.0 0.0008510
 957.5 0.0008470
 960.0 0.0008260
 962.5 0.0008140
 965.0 0.0008100
 967.5 0.0008060
 970.0 0.0008070
 972.5 0.0008070
 975.0 0.0008030
 977.5 0.0008110
 980.0 0.0008250
 982.5 0.0008250
 985.0 0.0008400
 987.5 0.0008330
 990.0 0.0008280
 992.5 0.0008290
 995.0 0.0008330
 997.5 0.0008260
1000.0 0.0008260
1002.5 0.0008280
1005.0 0.0008350
1007.5 0.0008410
1010.0 0.0008230
1012.5 0.0008220
1015.0 0.0008270
1017.5 0.0008210
1020.0 0.0008220
1022.5 0.0008210
1025.0 0.0008170
1027.5 0.0008180
1030.0 0.0008110
1032.5 0.0008090
1035.0 0.0008040
1037.5 0.0008020
1040.0 0.0008050
1042.5 0.0008140
1045.0 0.0008090
1047.5 0.0008020
1050.0 0.0007990
1052.5 0.0007930
1055.0 0.0008000
1057.5 0.0007980
1060.0 0.0007860
1062.5 0.0007920
1065.0 0.0007970
1067.5 0.0007960
1070.0 0.0007980
1072.5 0.0007910
1075.0 0.0007830
1077.5 0.0007710
1080.0 0.0007730

# nm  Flux(W/m2/m) for star HR 402 from file: table6.dat
 320.0 0.0001150
 322.5 0.0001100
 325.0 0.0001190
 327.5 0.0001560
 330.0 0.0001950
 332.5 0.0001820
 335.0 0.0001680
 337.5 0.0001670
 340.0 0.0001830
 342.5 0.0002000
 345.0 0.0001880
 347.5 0.0001900
 350.0 0.0002110
 352.5 0.0002280
 355.0 0.0002120
 357.5 0.0001640
 360.0 0.0001890
 362.5 0.0002540
 365.0 0.0003110
 367.5 0.0003510
 370.0 0.0003360
 372.5 0.0002640
 375.0 0.0002390
 377.5 0.0002940
 380.0 0.0002620
 382.5 0.0001760
 385.0 0.0001560
 387.5 0.0002160
 390.0 0.0003150
 392.5 0.0002700
 395.0 0.0002400
 397.5 0.0003630
 400.0 0.0005520
 402.5 0.0006160
 405.0 0.0005830
 407.5 0.0006250
 410.0 0.0006650
 412.5 0.0005950
 415.0 0.0005620
 417.5 0.0005660
 420.0 0.0005960
 422.5 0.0006500
 425.0 0.0006740
 427.5 0.0006290
 430.0 0.0006100
 432.5 0.0007300
 435.0 0.0008070
 437.5 0.0007900
 440.0 0.0008030
 442.5 0.0008660
 445.0 0.0009120
 447.5 0.0009680
 450.0 0.0010230
 452.5 0.0010200
 455.0 0.0010270
 457.5 0.0010420
 460.0 0.0010730
 462.5 0.0010850
 465.0 0.0010550
 467.5 0.0010410
 470.0 0.0010740
 472.5 0.0011110
 475.0 0.0011470
 477.5 0.0011650
 480.0 0.0011760
 482.5 0.0011690
 485.0 0.0011210
 487.5 0.0011080
 490.0 0.0011470
 492.5 0.0011670
 495.0 0.0011880
 497.5 0.0011840
 500.0 0.0011560
 502.5 0.0011300
 505.0 0.0011510
 507.5 0.0011760
 510.0 0.0011640
 512.5 0.0011290
 515.0 0.0010860
 517.5 0.0010670
 520.0 0.0011170
 522.5 0.0011730
 525.0 0.0011920
 527.5 0.0012000
 530.0 0.0012490
 532.5 0.0012620
 535.0 0.0012840
 537.5 0.0012850
 540.0 0.0012530
 542.5 0.0012460
 545.0 0.0012660
 547.5 0.0012730
 550.0 0.0012970
 552.5 0.0013100
 555.0 0.0013090
 557.5 0.0012860
 560.0 0.0013000
 562.5 0.0013040
 565.0 0.0013000
 567.5 0.0013030
 570.0 0.0013060
 572.5 0.0013190
 575.0 0.0013120
 577.5 0.0013580
 580.0 0.0013740
 582.5 0.0013960
 585.0 0.0013890
 587.5 0.0013550
 590.0 0.0013290
 592.5 0.0013690
 595.0 0.0013940
 597.5 0.0014060
 600.0 0.0013720
 602.5 0.0013750
 605.0 0.0013960
 607.5 0.0013800
 610.0 0.0013580
 612.5 0.0013390
 615.0 0.0013220
 617.5 0.0013210
 620.0 0.0013320
 622.5 0.0013330
 625.0 0.0013030
 627.5 0.0013100
 630.0 0.0013120
 632.5 0.0013170
 635.0 0.0013330
 637.5 0.0013440
 640.0 0.0013390
 642.5 0.0013380
 645.0 0.0013380
 647.5 0.0013340
 650.0 0.0012780
 652.5 0.0012990
 655.0 0.0012730
 657.5 0.0012690
 660.0 0.0013160
 662.5 0.0013300
 665.0 0.0013370
 667.5 0.0013240
 670.0 0.0012970
 672.5 0.0012870
 675.0 0.0012990
 677.5 0.0013070
 680.0 0.0012990
 682.5 0.0012860
 685.0 0.0012820
 687.5 0.0012470
 690.0 0.0013150
 692.5 0.0012910
 695.0 0.0012590
 697.5 0.0012300
 700.0 0.0012120
 702.5 0.0012020
 705.0 0.0012180
 707.5 0.0012080
 710.0 0.0011960
 712.5 0.0011920
 715.0 0.0011880
 717.5 0.0011520
 720.0 0.0011240
 722.5 0.0011450
 725.0 0.0011460
 727.5 0.0011400
 730.0 0.0011300
 732.5 0.0011390
 735.0 0.0011140

