# nm  Flux(W/m2/m) for star HR 4050 from file: table5.dat
 320.0 
 322.5 
 325.0 
 327.5 
 330.0 
 332.5 
 335.0 0.0000680
 337.5 0.0000680
 340.0 0.0000700
 342.5 0.0000730
 345.0 0.0000750
 347.5 0.0000780
 350.0 0.0000820
 352.5 0.0000840
 355.0 0.0000810
 357.5 0.0000790
 360.0 0.0000870
 362.5 0.0001110
 365.0 0.0001350
 367.5 0.0001450
 370.0 0.0001360
 372.5 0.0001230
 375.0 0.0001160
 377.5 0.0001140
 380.0 0.0001090
 382.5 0.0001030
 385.0 0.0001040
 387.5 0.0001120
 390.0 0.0001190
 392.5 0.0001240
 395.0 0.0001480
 397.5 0.0001960
 400.0 0.0002530
 402.5 0.0002930
 405.0 0.0003120
 407.5 0.0003180
 410.0 0.0003170
 412.5 0.0003090
 415.0 0.0003030
 417.5 0.0003150
 420.0 0.0003490
 422.5 0.0003900
 425.0 0.0004220
 427.5 0.0004520
 430.0 0.0004970
 432.5 0.0005540
 435.0 0.0005940
 437.5 0.0006090
 440.0 0.0006210
 442.5 0.0006550
 445.0 0.0007090
 447.5 0.0007630
 450.0 0.0008040
 452.5 0.0008330
 455.0 0.0008720
 457.5 0.0009210
 460.0 0.0009680
 462.5 0.0009910
 465.0 0.0009940
 467.5 0.0010030
 470.0 0.0010290
 472.5 0.0010710
 475.0 0.0011160
 477.5 0.0011520
 480.0 0.0011670
 482.5 0.0011620
 485.0 0.0011520
 487.5 0.0011630
 490.0 0.0011970
 492.5 0.0012270
 495.0 0.0012310
 497.5 0.0012130
 500.0 0.0012300
 502.5 0.0012880
 505.0 0.0012890
 507.5 0.0013160
 510.0 0.0012810
 512.5 0.0012390
 515.0 0.0012110
 517.5 0.0012220
 520.0 0.0012940
 522.5 0.0013090
 525.0 0.0014140
 527.5 0.0014440
 530.0 0.0015690
 532.5 0.0015790
 535.0 0.0015910
 537.5 0.0016040
 540.0 0.0016070
 542.5 0.0015750
 545.0 0.0016220
 547.5 0.0016500
 550.0 0.0016890
 552.5 0.0017000
 555.0 0.0017220
 557.5 0.0017310
 560.0 0.0017160
 562.5 0.0017390
 565.0 0.0017270
 567.5 0.0017600
 570.0 0.0018160
 572.5 0.0018350
 575.0 0.0018760
 577.5 0.0019040
 580.0 0.0019070
 582.5 0.0018790
 585.0 0.0018690
 587.5 0.0018910
 590.0 0.0018710
 592.5 0.0019230
 595.0 0.0019680
 597.5 0.0019930
 600.0 0.0019790
 602.5 0.0020080
 605.0 0.0020400
 607.5 0.0020040
 610.0 0.0019950
 612.5 0.0019550
 615.0 0.0019300
 617.5 0.0019200
 620.0 0.0018970
 622.5 0.0018590
 625.0 0.0018400
 627.5 0.0018550
 630.0 0.0019180
 632.5 0.0019230
 635.0 0.0019530
 637.5 0.0019620
 640.0 0.0019810
 642.5 0.0020140
 645.0 0.0020290
 647.5 0.0020300
 650.0 0.0019620
 652.5 0.0019810
 655.0 0.0019880
 657.5 0.0020400
 660.0 0.0020780
 662.5 0.0021010
 665.0 0.0021240
 667.5 0.0021300
 670.0 0.0021200
 672.5 0.0021340
 675.0 0.0021220
 677.5 0.0021400
 680.0 0.0021300
 682.5 0.0021220
 685.0 0.0021300
 687.5 0.0021050
 690.0 0.0020910
 692.5 0.0020460
 695.0 0.0020170
 697.5 0.0019790
 700.0 0.0020040
 702.5 0.0019920
 705.0 0.0019920
 707.5 0.0019460
 710.0 0.0019320
 712.5 0.0019250
 715.0 0.0019020
 717.5 0.0019250
 720.0 0.0019360
 722.5 0.0018930
 725.0 0.0019230
 727.5 0.0018930
 730.0 0.0018860
 732.5 0.0019070
 735.0 0.0019280
 737.5 0.0019200
 740.0 0.0019570
 742.5 0.0019820
 745.0 0.0019480
 747.5 0.0020030
 750.0 0.0019610
 752.5 0.0020250
 755.0 0.0020590
 757.5 0.0020550
 760.0 0.0020680
 762.5 0.0020910
 765.0 0.0020490
 767.5 0.0020530
 770.0 0.0020550
 772.5 0.0020250
 775.0 0.0020950
 777.5 0.0021110
 780.0 0.0021240
 782.5 0.0020910
 785.0 0.0020700
 787.5 0.0019660
 790.0 0.0018830
 792.5 0.0018690
 795.0 0.0018690
 797.5 0.0018980
 800.0 0.0019160
 802.5 0.0018930
 805.0 0.0018370
 807.5 0.0018450
 810.0 0.0018210
 812.5 0.0017960
 815.0 0.0018550
 817.5 0.0018330
 820.0 0.0018850
 822.5 0.0019070
 825.0 0.0019210
 827.5 0.0018980
 830.0 0.0018740
 832.5 0.0018500
 835.0 0.0018280
 837.5 0.0018540
 840.0 0.0019070
 842.5 0.0019140
 845.0 0.0019000
 847.5 0.0018860
 850.0 0.0017980
 852.5 0.0018100
 855.0 0.0018640
 857.5 0.0018690
 860.0 0.0019160
 862.5 0.0019210
 865.0 0.0018500
 867.5 0.0018740
 870.0 0.0019320
 872.5 0.0019770
 875.0 0.0019930
 877.5 0.0019620
 880.0 0.0019340
 882.5 0.0019720
 885.0 0.0020300
 887.5 0.0020270
 890.0 0.0019820
 892.5 0.0018880
 895.0 0.0018980
 897.5 0.0018600
 900.0 0.0018710
 902.5 0.0018830
 905.0 0.0018540
 907.5 0.0018480
 910.0 0.0017820
 912.5 0.0016920
 915.0 0.0016500
 917.5 0.0016170
 920.0 0.0016130
 922.5 0.0016230
 925.0 0.0016610
 927.5 0.0017110
 930.0 0.0017250
 932.5 0.0016760
 935.0 0.0016200
 937.5 0.0015820
 940.0 0.0015920
 942.5 0.0015730
 945.0 0.0015460
 947.5 0.0015910
 950.0 0.0016530
 952.5 0.0016860
 955.0 0.0016920
 957.5 0.0016600
 960.0 0.0016350
 962.5 0.0016490
 965.0 0.0016320
 967.5 0.0016460
 970.0 0.0016070
 972.5 0.0016110
 975.0 0.0016310
 977.5 0.0016350
 980.0 0.0016980
 982.5 0.0017270
 985.0 0.0017430
 987.5 0.0017430
 990.0 0.0017440
 992.5 0.0017540
 995.0 0.0017820
 997.5 0.0017600
1000.0 0.0017620
1002.5 0.0017310
1005.0 0.0017590
1007.5 0.0017550
1010.0 0.0017910
1012.5 0.0017670
1015.0 0.0018180
1017.5 0.0017800
1020.0 0.0018300
1022.5 0.0018010
1025.0 0.0018380
1027.5 0.0017650
1030.0 0.0018400
1032.5 0.0018250
1035.0 0.0017390
1037.5 0.0018160
1040.0 0.0017800
1042.5 0.0018250
1045.0 0.0017950
1047.5 0.0018780
1050.0 0.0018060
1052.5 0.0018030
1055.0 0.0017910
1057.5 0.0017980
1060.0 0.0018480
1062.5 0.0017640
1065.0 0.0017910
1067.5 0.0018130
1070.0 0.0018200
1072.5 0.0017910
1075.0 0.0017640
1077.5 0.0017730
1080.0 0.0016840

# nm  Flux(W/m2/m) for star HR 4050 from file: table6.dat
 320.0 0.
 322.5 0.
 325.0 0.
 327.5 0.
 330.0 0.
 332.5 0.0000730
 335.0 0.0000720
 337.5 0.0000570
 340.0 0.0000730
 342.5 0.0000770
 345.0 0.0000740
 347.5 0.0000740
 350.0 0.0000790
 352.5 0.0000930
 355.0 0.0000890
 357.5 0.0000620
 360.0 0.0000710
 362.5 0.0001090
 365.0 0.0001430
 367.5 0.0001770
 370.0 0.0001430
 372.5 0.0000970
 375.0 0.0001070
 377.5 0.0001360
 380.0 0.0001110
 382.5 0.0000890
 385.0 0.0000920
 387.5 0.0001150
 390.0 0.0001400
 392.5 0.0001100
 395.0 0.0001070
 397.5 0.0001760
 400.0 0.0002980
 402.5 0.0003160
 405.0 0.0002960
 407.5 0.0003240
 410.0 0.0003400
 412.5 0.0003020
 415.0 0.0002880
 417.5 0.0002950
 420.0 0.0003300
 422.5 0.0004110
 425.0 0.0004530
 427.5 0.0004200
 430.0 0.0004460
 432.5 0.0005960
 435.0 0.0006500
 437.5 0.0005860
 440.0 0.0005880
 442.5 0.0006520
 445.0 0.0006960
 447.5 0.0007840
 450.0 0.0008330
 452.5 0.0008080
 455.0 0.0008530
 457.5 0.0009180
 460.0 0.0010010
 462.5 0.0010240
 465.0 0.0009730
 467.5 0.0009770
 470.0 0.0010240
 472.5 0.0010730
 475.0 0.0011130
 477.5 0.0011620
 480.0 0.0012020
 482.5 0.0011760
 485.0 0.0011090
 487.5 0.0011410
 490.0 0.0012070
 492.5 0.0012390
 495.0 0.0012790
 497.5 0.0012100
 500.0 0.0011420
 502.5 0.0012120
 505.0 0.0012710
 507.5 0.0012690
 510.0 0.0012310
 512.5 0.0011930
 515.0 0.0011280
 517.5 0.0011320
 520.0 0.0012210
 522.5 0.0012670
 525.0 0.0012710
 527.5 0.0013720
 530.0 0.0015040
 532.5 0.0015160
 535.0 0.0015790
 537.5 0.0015560
 540.0 0.0014870
 542.5 0.0015650
 545.0 0.0015980
 547.5 0.0015660
 550.0 0.0015940
 552.5 0.0016490
 555.0 0.0016830
 557.5 0.0016780
 560.0 0.0016700
 562.5 0.0016830
 565.0 0.0016630
 567.5 0.0016830
 570.0 0.0016900
 572.5 0.0017410
 575.0 0.0018050
 577.5 0.0018000
 580.0 0.0018010
 582.5 0.0018850
 585.0 0.0019070
 587.5 0.0017250
 590.0 0.0016970
 592.5 0.0019040
 595.0 0.0019590
 597.5 0.0019730
 600.0 0.0018740
 602.5 0.0019750
 605.0 0.0020270
 607.5 0.0020060
 610.0 0.0019250
 612.5 0.0018540
 615.0 0.0018250
 617.5 0.0018740
 620.0 0.0018570
 622.5 0.0017670
 625.0 0.0017490
 627.5 0.0018010
 630.0 0.0018260
 632.5 0.0018710
 635.0 0.0018600
 637.5 0.0018970
 640.0 0.0019180
 642.5 0.0019680
 645.0 0.0020010
 647.5 0.0019340
 650.0 0.0018720
 652.5 0.0019790
 655.0 0.0018850
 657.5 0.0019050
 660.0 0.0020300
 662.5 0.0020190
 665.0 0.0020300
 667.5 0.0020230
 670.0 0.0020140
 672.5 0.0020270
 675.0 0.0020300
 677.5 0.0020190
 680.0 0.0020230
 682.5 0.0020590
 685.0 0.0020610
 687.5 0.0019530
 690.0 0.0021500
 692.5 0.0020120
 695.0 0.0019020
 697.5 0.0019280
 700.0 0.0019320
 702.5 0.0019020
 705.0 0.0019640
 707.5 0.0019620
 710.0 0.0018420
 712.5 0.0018110
 715.0 0.0018900
 717.5 0.0018330
 720.0 0.0017950
 722.5 0.0019050
 725.0 0.0018950
 727.5 0.0018540
 730.0 0.0018060
 732.5 0.0018620
 735.0 0.0018850

