# nm  Flux(W/m2/m) for star HR 4232 from file: table5.dat
 320.0 0.0000620
 322.5 0.0000830
 325.0 0.0001020
 327.5 0.0001220
 330.0 0.0001360
 332.5 0.0001410
 335.0 0.0001420
 337.5 0.0001470
 340.0 0.0001560
 342.5 0.0001630
 345.0 0.0001690
 347.5 0.0001760
 350.0 0.0001860
 352.5 0.0001890
 355.0 0.0001840
 357.5 0.0001830
 360.0 0.0002040
 362.5 0.0002480
 365.0 0.0002920
 367.5 0.0003100
 370.0 0.0002950
 372.5 0.0002670
 375.0 0.0002500
 377.5 0.0002400
 380.0 0.0002230
 382.5 0.0002040
 385.0 0.0002030
 387.5 0.0002220
 390.0 0.0002450
 392.5 0.0002670
 395.0 0.0003170
 397.5 0.0004070
 400.0 0.0005130
 402.5 0.0005920
 405.0 0.0006360
 407.5 0.0006560
 410.0 0.0006620
 412.5 0.0006540
 415.0 0.0006440
 417.5 0.0006530
 420.0 0.0006850
 422.5 0.0007230
 425.0 0.0007500
 427.5 0.0007750
 430.0 0.0008230
 432.5 0.0008970
 435.0 0.0009650
 437.5 0.0010100
 440.0 0.0010520
 442.5 0.0011140
 445.0 0.0011930
 447.5 0.0012720
 450.0 0.0013300
 452.5 0.0013690
 455.0 0.0014050
 457.5 0.0014440
 460.0 0.0014820
 462.5 0.0015050
 465.0 0.0015120
 467.5 0.0015210
 470.0 0.0015420
 472.5 0.0015750
 475.0 0.0016140
 477.5 0.0016520
 480.0 0.0016720
 482.5 0.0016730
 485.0 0.0016660
 487.5 0.0016690
 490.0 0.0016920
 492.5 0.0017170
 495.0 0.0017250
 497.5 0.0017110
 500.0 0.0017280
 502.5 0.0017090
 505.0 0.0016920
 507.5 0.0016870
 510.0 0.0016690
 512.5 0.0016280
 515.0 0.0015980
 517.5 0.0016160
 520.0 0.0016530
 522.5 0.0017050
 525.0 0.0017830
 527.5 0.0018470
 530.0 0.0019120
 532.5 0.0019660
 535.0 0.0019860
 537.5 0.0019990
 540.0 0.0019990
 542.5 0.0020010
 545.0 0.0020100
 547.5 0.0020320
 550.0 0.0020660
 552.5 0.0020800
 555.0 0.0020950
 557.5 0.0021010
 560.0 0.0021110
 562.5 0.0020990
 565.0 0.0021070
 567.5 0.0021130
 570.0 0.0021200
 572.5 0.0021460
 575.0 0.0021620
 577.5 0.0021880
 580.0 0.0022060
 582.5 0.0022100
 585.0 0.0022120
 587.5 0.0022080
 590.0 0.0022060
 592.5 0.0022240
 595.0 0.0022390
 597.5 0.0022530
 600.0 0.0022590
 602.5 0.0022720
 605.0 0.0022760
 607.5 0.0022760
 610.0 0.0022550
 612.5 0.0022260
 615.0 0.0022080
 617.5 0.0021940
 620.0 0.0021740
 622.5 0.0021640
 625.0 0.0021480
 627.5 0.0021380
 630.0 0.0021460
 632.5 0.0021800
 635.0 0.0022020
 637.5 0.0022180
 640.0 0.0022300
 642.5 0.0022430
 645.0 0.0022490
 647.5 0.0022470
 650.0 0.0021840
 652.5 0.0021660
 655.0 0.0021640
 657.5 0.0021760
 660.0 0.0021940
 662.5 0.0022120
 665.0 0.0022300
 667.5 0.0022330
 670.0 0.0022430
 672.5 0.0022450
 675.0 0.0022470
 677.5 0.0022430
 680.0 0.0022430
 682.5 0.0022280
 685.0 0.0022200
 687.5 0.0022200
 690.0 0.0022000
 692.5 0.0021820
 695.0 0.0021580
 697.5 0.0021220
 700.0 0.0021200
 702.5 0.0020990
 705.0 0.0021030
 707.5 0.0020990
 710.0 0.0020840
 712.5 0.0020630
 715.0 0.0020400
 717.5 0.0020190
 720.0 0.0020170
 722.5 0.0020060
 725.0 0.0020080
 727.5 0.0020060
 730.0 0.0019970
 732.5 0.0019990
 735.0 0.0019900
 737.5 0.0019900
 740.0 0.0020100
 742.5 0.0020250
 745.0 0.0020270
 747.5 0.0020340
 750.0 0.0020510
 752.5 0.0020570
 755.0 0.0020400
 757.5 0.0020440
 760.0 0.0020700
 762.5 0.0020760
 765.0 0.0020780
 767.5 0.0020910
 770.0 0.0020970
 772.5 0.0020990
 775.0 0.0020850
 777.5 0.0020820
 780.0 0.0020950
 782.5 0.0020890
 785.0 0.0020720
 787.5 0.0020360
 790.0 0.0019820
 792.5 0.0019660
 795.0 0.0019570
 797.5 0.0019550
 800.0 0.0019610
 802.5 0.0019500
 805.0 0.0019280
 807.5 0.0019140
 810.0 0.0018980
 812.5 0.0018910
 815.0 0.0018910
 817.5 0.0018980
 820.0 0.0018950
 822.5 0.0018970
 825.0 0.0019070
 827.5 0.0019110
 830.0 0.0018910
 832.5 0.0018880
 835.0 0.0018860
 837.5 0.0018790
 840.0 0.0018880
 842.5 0.0019050
 845.0 0.0019020
 847.5 0.0018830
 850.0 0.0018570
 852.5 0.0018570
 855.0 0.0018480
 857.5 0.0018720
 860.0 0.0018860
 862.5 0.0019020
 865.0 0.0018790
 867.5 0.0018720
 870.0 0.0018980
 872.5 0.0019050
 875.0 0.0019040
 877.5 0.0018910
 880.0 0.0019020
 882.5 0.0018910
 885.0 0.0018860
 887.5 0.0018600
 890.0 0.0018600
 892.5 0.0018310
 895.0 0.0018250
 897.5 0.0018210
 900.0 0.0018000
 902.5 0.0017680
 905.0 0.0017600
 907.5 0.0017440
 910.0 0.0017230
 912.5 0.0016940
 915.0 0.0016730
 917.5 0.0016520
 920.0 0.0016220
 922.5 0.0016160
 925.0 0.0016250
 927.5 0.0017570
 930.0 0.0017200
 932.5 0.0016370
 935.0 0.0016140
 937.5 0.0016080
 940.0 0.0015830
 942.5 0.0015700
 945.0 0.0015850
 947.5 0.0015950
 950.0 0.0015880
 952.5 0.0015980
 955.0 0.0016110
 957.5 0.0016100
 960.0 0.0015980
 962.5 0.0016000
 965.0 0.0015890
 967.5 0.0015890
 970.0 0.0015940
 972.5 0.0016040
 975.0 0.0016160
 977.5 0.0016280
 980.0 0.0016160
 982.5 0.0016190
 985.0 0.0016310
 987.5 0.0016440
 990.0 0.0016410
 992.5 0.0016430
 995.0 0.0016400
 997.5 0.0016430
1000.0 0.0016310
1002.5 0.0016280
1005.0 0.0016320
1007.5 0.0016370
1010.0 0.0016320
1012.5 0.0016400
1015.0 0.0016410
1017.5 0.0016310
1020.0 0.0016350
1022.5 0.0016260
1025.0 0.0016260
1027.5 0.0016100
1030.0 0.0016050
1032.5 0.0015940
1035.0 0.0016010
1037.5 0.0015970
1040.0 0.0016030
1042.5 0.0015980
1045.0 0.0016010
1047.5 0.0015940
1050.0 0.0015760
1052.5 0.0015720
1055.0 0.0015550
1057.5 0.0015720
1060.0 0.0015620
1062.5 0.0015620
1065.0 0.0015630
1067.5 0.0015620
1070.0 0.0015620
1072.5 0.0015300
1075.0 0.0015300
1077.5 0.0015140
1080.0 0.0014930

# nm  Flux(W/m2/m) for star HR 4232 from file: table6.dat
 320.0 0.0000620
 322.5 0.0000750
 325.0 0.0000920
 327.5 0.0001350
 330.0 0.0001460
 332.5 0.0001460
 335.0 0.0001350
 337.5 0.0001350
 340.0 0.0001660
 342.5 0.0001720
 345.0 0.0001600
 347.5 0.0001690
 350.0 0.0001900
 352.5 0.0002080
 355.0 0.0001870
 357.5 0.0001510
 360.0 0.0001840
 362.5 0.0002440
 365.0 0.0003100
 367.5 0.0003560
 370.0 0.0003140
 372.5 0.0002300
 375.0 0.0002270
 377.5 0.0002770
 380.0 0.0002380
 382.5 0.0001720
 385.0 0.0001680
 387.5 0.0002270
 390.0 0.0002830
 392.5 0.0002440
 395.0 0.0002470
 397.5 0.0003820
 400.0 0.0005770
 402.5 0.0006280
 405.0 0.0006190
 407.5 0.0006680
 410.0 0.0006920
 412.5 0.0006490
 415.0 0.0006250
 417.5 0.0006320
 420.0 0.0006710
 422.5 0.0007410
 425.0 0.0007840
 427.5 0.0007440
 430.0 0.0007520
 432.5 0.0009320
 435.0 0.0010220
 437.5 0.0009870
 440.0 0.0010220
 442.5 0.0011100
 445.0 0.0011800
 447.5 0.0012990
 450.0 0.0013610
 452.5 0.0013560
 455.0 0.0013980
 457.5 0.0014360
 460.0 0.0015020
 462.5 0.0015290
 465.0 0.0015050
 467.5 0.0015020
 470.0 0.0015300
 472.5 0.0015760
 475.0 0.0016140
 477.5 0.0016520
 480.0 0.0017030
 482.5 0.0016950
 485.0 0.0016350
 487.5 0.0016460
 490.0 0.0016970
 492.5 0.0017220
 495.0 0.0017620
 497.5 0.0017230
 500.0 0.0016550
 502.5 0.0016730
 505.0 0.0017080
 507.5 0.0017010
 510.0 0.0016730
 512.5 0.0016290
 515.0 0.0015460
 517.5 0.0015390
 520.0 0.0016550
 522.5 0.0017430
 525.0 0.0017510
 527.5 0.0018350
 530.0 0.0019570
 532.5 0.0019700
 535.0 0.0020250
 537.5 0.0020160
 540.0 0.0019680
 542.5 0.0020040
 545.0 0.0020250
 547.5 0.0020210
 550.0 0.0020490
 552.5 0.0020840
 555.0 0.0021010
 557.5 0.0020760
 560.0 0.0020850
 562.5 0.0020970
 565.0 0.0020800
 567.5 0.0020870
 570.0 0.0020820
 572.5 0.0021260
 575.0 0.0021600
 577.5 0.0021520
 580.0 0.0021920
 582.5 0.0022300
 585.0 0.0022350
 587.5 0.0021980
 590.0 0.0021640
 592.5 0.0022280
 595.0 0.0022720
 597.5 0.0022760
 600.0 0.0022220
 602.5 0.0022590
 605.0 0.0022970
 607.5 0.0022800
 610.0 0.0022330
 612.5 0.0021980
 615.0 0.0021780
 617.5 0.0021920
 620.0 0.0022060
 622.5 0.0021620
 625.0 0.0021180
 627.5 0.0021380
 630.0 0.0021420
 632.5 0.0021640
 635.0 0.0021880
 637.5 0.0022240
 640.0 0.0022200
 642.5 0.0022220
 645.0 0.0022590
 647.5 0.0022510
 650.0 0.0021840
 652.5 0.0021900
 655.0 0.0021820
 657.5 0.0021820
 660.0 0.0022260
 662.5 0.0022450
 665.0 0.0022490
 667.5 0.0022470
 670.0 0.0022470
 672.5 0.0022370
 675.0 0.0022570
 677.5 0.0022640
 680.0 0.0022530
 682.5 0.0022620
 685.0 0.0022260
 687.5 0.0021760
 690.0 0.0022590
 692.5 0.0022000
 695.0 0.0021500
 697.5 0.0021320
 700.0 0.0021050
 702.5 0.0020840
 705.0 0.0021200
 707.5 0.0021030
 710.0 0.0020800
 712.5 0.0020640
 715.0 0.0020680
 717.5 0.0019730
 720.0 0.0019140
 722.5 0.0019900
 725.0 0.0020040
 727.5 0.0019880
 730.0 0.0019640
 732.5 0.0020080
 735.0 0.0019680

