# nm  Flux(W/m2/m) for star HR 4335 from file: table5.dat
 320.0 0.0001370
 322.5 0.0001520
 325.0 0.0001760
 327.5 0.0002030
 330.0 0.0002220
 332.5 0.0002280
 335.0 0.0002280
 337.5 0.0002310
 340.0 0.0002390
 342.5 0.0002480
 345.0 0.0002570
 347.5 0.0002680
 350.0 0.0002790
 352.5 0.0002800
 355.0 0.0002720
 357.5 0.0002720
 360.0 0.0003020
 362.5 0.0003590
 365.0 0.0004200
 367.5 0.0004500
 370.0 0.0004390
 372.5 0.0004070
 375.0 0.0003790
 377.5 0.0003570
 380.0 0.0003260
 382.5 0.0002950
 385.0 0.0002900
 387.5 0.0003180
 390.0 0.0003540
 392.5 0.0003860
 395.0 0.0004500
 397.5 0.0005610
 400.0 0.0006940
 402.5 0.0007970
 405.0 0.0008530
 407.5 0.0008750
 410.0 0.0008770
 412.5 0.0008610
 415.0 0.0008430
 417.5 0.0008480
 420.0 0.0008890
 422.5 0.0009460
 425.0 0.0009880
 427.5 0.0010160
 430.0 0.0010600
 432.5 0.0011380
 435.0 0.0012230
 437.5 0.0012880
 440.0 0.0013370
 442.5 0.0014000
 445.0 0.0014850
 447.5 0.0015730
 450.0 0.0016440
 452.5 0.0016870
 455.0 0.0017220
 457.5 0.0017620
 460.0 0.0018050
 462.5 0.0018370
 465.0 0.0018480
 467.5 0.0018550
 470.0 0.0018790
 472.5 0.0019210
 475.0 0.0019700
 477.5 0.0020140
 480.0 0.0020380
 482.5 0.0020320
 485.0 0.0020120
 487.5 0.0019970
 490.0 0.0020060
 492.5 0.0020300
 495.0 0.0020490
 497.5 0.0020460
 500.0 0.0020340
 502.5 0.0020290
 505.0 0.0020380
 507.5 0.0020440
 510.0 0.0020470
 512.5 0.0020040
 515.0 0.0019660
 517.5 0.0019730
 520.0 0.0020060
 522.5 0.0020490
 525.0 0.0021180
 527.5 0.0021940
 530.0 0.0022430
 532.5 0.0022990
 535.0 0.0023230
 537.5 0.0023330
 540.0 0.0023310
 542.5 0.0023380
 545.0 0.0023380
 547.5 0.0023420
 550.0 0.0023700
 552.5 0.0023830
 555.0 0.0023830
 557.5 0.0023750
 560.0 0.0023640
 562.5 0.0023620
 565.0 0.0023590
 567.5 0.0023660
 570.0 0.0023900
 572.5 0.0024030
 575.0 0.0024190
 577.5 0.0024460
 580.0 0.0024570
 582.5 0.0024590
 585.0 0.0024590
 587.5 0.0024480
 590.0 0.0024520
 592.5 0.0024800
 595.0 0.0024930
 597.5 0.0025070
 600.0 0.0025050
 602.5 0.0025190
 605.0 0.0025190
 607.5 0.0025100
 610.0 0.0024730
 612.5 0.0024460
 615.0 0.0024230
 617.5 0.0024080
 620.0 0.0023970
 622.5 0.0023860
 625.0 0.0023680
 627.5 0.0023570
 630.0 0.0023590
 632.5 0.0023880
 635.0 0.0023990
 637.5 0.0024120
 640.0 0.0024170
 642.5 0.0024120
 645.0 0.0024190
 647.5 0.0024190
 650.0 0.0023920
 652.5 0.0023900
 655.0 0.0023940
 657.5 0.0024080
 660.0 0.0024230
 662.5 0.0024480
 665.0 0.0024620
 667.5 0.0024550
 670.0 0.0024520
 672.5 0.0024430
 675.0 0.0024300
 677.5 0.0024210
 680.0 0.0024030
 682.5 0.0023940
 685.0 0.0023830
 687.5 0.0023660
 690.0 0.0023510
 692.5 0.0023380
 695.0 0.0022990
 697.5 0.0022700
 700.0 0.0022490
 702.5 0.0022280
 705.0 0.0022220
 707.5 0.0022120
 710.0 0.0021920
 712.5 0.0021680
 715.0 0.0021340
 717.5 0.0021090
 720.0 0.0020910
 722.5 0.0020950
 725.0 0.0020850
 727.5 0.0020720
 730.0 0.0020630
 732.5 0.0020550
 735.0 0.0020530
 737.5 0.0020490
 740.0 0.0020890
 742.5 0.0020950
 745.0 0.0020850
 747.5 0.0020890
 750.0 0.0020990
 752.5 0.0021140
 755.0 0.0021200
 757.5 0.0021130
 760.0 0.0021160
 762.5 0.0021010
 765.0 0.0021140
 767.5 0.0021070
 770.0 0.0021280
 772.5 0.0021220
 775.0 0.0021200
 777.5 0.0021400
 780.0 0.0021380
 782.5 0.0021340
 785.0 0.0021010
 787.5 0.0020630
 790.0 0.0020010
 792.5 0.0019680
 795.0 0.0019660
 797.5 0.0019680
 800.0 0.0019840
 802.5 0.0019750
 805.0 0.0019480
 807.5 0.0019340
 810.0 0.0018880
 812.5 0.0018690
 815.0 0.0018790
 817.5 0.0018690
 820.0 0.0018760
 822.5 0.0019110
 825.0 0.0019280
 827.5 0.0019360
 830.0 0.0019110
 832.5 0.0018910
 835.0 0.0018950
 837.5 0.0018880
 840.0 0.0019000
 842.5 0.0019180
 845.0 0.0019270
 847.5 0.0018930
 850.0 0.0018420
 852.5 0.0018330
 855.0 0.0018400
 857.5 0.0018720
 860.0 0.0018980
 862.5 0.0019020
 865.0 0.0018550
 867.5 0.0018430
 870.0 0.0018950
 872.5 0.0019210
 875.0 0.0019280
 877.5 0.0018910
 880.0 0.0018760
 882.5 0.0018660
 885.0 0.0018710
 887.5 0.0018790
 890.0 0.0018570
 892.5 0.0018060
 895.0 0.0017730
 897.5 0.0017520
 900.0 0.0017510
 902.5 0.0017590
 905.0 0.0017540
 907.5 0.0017360
 910.0 0.0017000
 912.5 0.0016600
 915.0 0.0016220
 917.5 0.0016000
 920.0 0.0015910
 922.5 0.0016080
 925.0 0.0016230
 927.5 0.0016170
 930.0 0.0016070
 932.5 0.0015950
 935.0 0.0016110
 937.5 0.0016250
 940.0 0.0016050
 942.5 0.0015810
 945.0 0.0015520
 947.5 0.0015790
 950.0 0.0016080
 952.5 0.0016030
 955.0 0.0016010
 957.5 0.0015970
 960.0 0.0015720
 962.5 0.0015670
 965.0 0.0015320
 967.5 0.0015220
 970.0 0.0015260
 972.5 0.0015160
 975.0 0.0015260
 977.5 0.0015500
 980.0 0.0015660
 982.5 0.0015760
 985.0 0.0015810
 987.5 0.0015780
 990.0 0.0015730
 992.5 0.0015830
 995.0 0.0015890
 997.5 0.0015630
1000.0 0.0015590
1002.5 0.0015750
1005.0 0.0015950
1007.5 0.0016170
1010.0 0.0016010
1012.5 0.0015970
1015.0 0.0015970
1017.5 0.0015940
1020.0 0.0015910
1022.5 0.0015910
1025.0 0.0015850
1027.5 0.0015830
1030.0 0.0015720
1032.5 0.0015550
1035.0 0.0015490
1037.5 0.0015520
1040.0 0.0015550
1042.5 0.0015590
1045.0 0.0015690
1047.5 0.0015520
1050.0 0.0015520
1052.5 0.0015470
1055.0 0.0015390
1057.5 0.0015260
1060.0 0.0015210
1062.5 0.0015120
1065.0 0.0015150
1067.5 0.0015210
1070.0 0.0015040
1072.5 0.0014890
1075.0 0.0014740
1077.5 0.0014510
1080.0 0.0014360

# nm  Flux(W/m2/m) for star HR 4335 from file: table6.dat
 320.0 0.0001380
 322.5 0.0001360
 325.0 0.0001690
 327.5 0.0002140
 330.0 0.0002370
 332.5 0.0002360
 335.0 0.0002190
 337.5 0.0002200
 340.0 0.0002460
 342.5 0.0002540
 345.0 0.0002500
 347.5 0.0002630
 350.0 0.0002870
 352.5 0.0003000
 355.0 0.0002730
 357.5 0.0002340
 360.0 0.0002730
 362.5 0.0003540
 365.0 0.0004430
 367.5 0.0004970
 370.0 0.0004740
 372.5 0.0003710
 375.0 0.0003520
 377.5 0.0003970
 380.0 0.0003480
 382.5 0.0002550
 385.0 0.0002360
 387.5 0.0003200
 390.0 0.0004060
 392.5 0.0003600
 395.0 0.0003690
 397.5 0.0005270
 400.0 0.0007580
 402.5 0.0008530
 405.0 0.0008460
 407.5 0.0008790
 410.0 0.0009120
 412.5 0.0008660
 415.0 0.0008140
 417.5 0.0008160
 420.0 0.0008660
 422.5 0.0009610
 425.0 0.0010350
 427.5 0.0010110
 430.0 0.0009740
 432.5 0.0011320
 435.0 0.0012940
 437.5 0.0012940
 440.0 0.0012990
 442.5 0.0013880
 445.0 0.0014760
 447.5 0.0015880
 450.0 0.0016840
 452.5 0.0016890
 455.0 0.0017080
 457.5 0.0017490
 460.0 0.0018160
 462.5 0.0018720
 465.0 0.0018500
 467.5 0.0018310
 470.0 0.0018570
 472.5 0.0019250
 475.0 0.0019750
 477.5 0.0020170
 480.0 0.0020660
 482.5 0.0020660
 485.0 0.0019900
 487.5 0.0019620
 490.0 0.0020040
 492.5 0.0020270
 495.0 0.0020780
 497.5 0.0020700
 500.0 0.0020080
 502.5 0.0020040
 505.0 0.0020530
 507.5 0.0020590
 510.0 0.0020510
 512.5 0.0020040
 515.0 0.0019270
 517.5 0.0019020
 520.0 0.0019770
 522.5 0.0020530
 525.0 0.0020610
 527.5 0.0021220
 530.0 0.0022430
 532.5 0.0022780
 535.0 0.0023330
 537.5 0.0023310
 540.0 0.0022740
 542.5 0.0022930
 545.0 0.0023230
 547.5 0.0023140
 550.0 0.0023290
 552.5 0.0023640
 555.0 0.0023830
 557.5 0.0023550
 560.0 0.0023490
 562.5 0.0023530
 565.0 0.0023460
 567.5 0.0023550
 570.0 0.0023530
 572.5 0.0024080
 575.0 0.0024280
 577.5 0.0024120
 580.0 0.0024280
 582.5 0.0024770
 585.0 0.0024820
 587.5 0.0024210
 590.0 0.0024120
 592.5 0.0024820
 595.0 0.0025230
 597.5 0.0025100
 600.0 0.0024750
 602.5 0.0025050
 605.0 0.0025330
 607.5 0.0025140
 610.0 0.0024820
 612.5 0.0024430
 615.0 0.0024030
 617.5 0.0024010
 620.0 0.0024050
 622.5 0.0023550
 625.0 0.0023270
 627.5 0.0023550
 630.0 0.0023570
 632.5 0.0023660
 635.0 0.0023900
 637.5 0.0024250
 640.0 0.0024120
 642.5 0.0023900
 645.0 0.0024080
 647.5 0.0024100
 650.0 0.0023860
 652.5 0.0024100
 655.0 0.0024550
 657.5 0.0024300
 660.0 0.0024520
 662.5 0.0024890
 665.0 0.0024980
 667.5 0.0024750
 670.0 0.0024620
 672.5 0.0024430
 675.0 0.0024280
 677.5 0.0024100
 680.0 0.0023900
 682.5 0.0023970
 685.0 0.0023590
 687.5 0.0023550
 690.0 0.0023900
 692.5 0.0023510
 695.0 0.0022970
 697.5 0.0022740
 700.0 0.0022370
 702.5 0.0022220
 705.0 0.0022390
 707.5 0.0022040
 710.0 0.0021660
 712.5 0.0021380
 715.0 0.0021300
 717.5 0.0020660
 720.0 0.0020270
 722.5 0.0020490
 725.0 0.0020630
 727.5 0.0020400
 730.0 0.0020270
 732.5 0.0020340
 735.0 0.0019750

