# nm  Flux(W/m2/m) for star HR 4392 from file: table5.dat
 320.0 0.0000386
 322.5 0.0000422
 325.0 0.0000476
 327.5 0.0000534
 330.0 0.0000572
 332.5 0.0000580
 335.0 0.0000574
 337.5 0.0000578
 340.0 0.0000603
 342.5 0.0000632
 345.0 0.0000653
 347.5 0.0000669
 350.0 0.0000683
 352.5 0.0000685
 355.0 0.0000677
 357.5 0.0000681
 360.0 0.0000739
 362.5 0.0000848
 365.0 0.0000970
 367.5 0.0001048
 370.0 0.0001060
 372.5 0.0001027
 375.0 0.0000983
 377.5 0.0000931
 380.0 0.0000852
 382.5 0.0000766
 385.0 0.0000741
 387.5 0.0000792
 390.0 0.0000873
 392.5 0.0000927
 395.0 0.0001018
 397.5 0.0001208
 400.0 0.0001478
 402.5 0.0001708
 405.0 0.0001838
 407.5 0.0001888
 410.0 0.0001895
 412.5 0.0001866
 415.0 0.0001828
 417.5 0.0001835
 420.0 0.0001911
 422.5 0.0002017
 425.0 0.0002084
 427.5 0.0002109
 430.0 0.0002152
 432.5 0.0002272
 435.0 0.0002423
 437.5 0.0002544
 440.0 0.0002623
 442.5 0.0002711
 445.0 0.0002826
 447.5 0.0002948
 450.0 0.0003042
 452.5 0.0003102
 455.0 0.0003151
 457.5 0.0003212
 460.0 0.0003269
 462.5 0.0003293
 465.0 0.0003275
 467.5 0.0003266
 470.0 0.0003296
 472.5 0.0003370
 475.0 0.0003448
 477.5 0.0003506
 480.0 0.0003519
 482.5 0.0003483
 485.0 0.0003426
 487.5 0.0003388
 490.0 0.0003410
 492.5 0.0003451
 495.0 0.0003477
 497.5 0.0003458
 500.0 0.0003445
 502.5 0.0003474
 505.0 0.0003542
 507.5 0.0003591
 510.0 0.0003578
 512.5 0.0003509
 515.0 0.0003439
 517.5 0.0003414
 520.0 0.0003432
 522.5 0.0003467
 525.0 0.0003519
 527.5 0.0003591
 530.0 0.0003691
 532.5 0.0003777
 535.0 0.0003816
 537.5 0.0003798
 540.0 0.0003767
 542.5 0.0003757
 545.0 0.0003764
 547.5 0.0003771
 550.0 0.0003774
 552.5 0.0003781
 555.0 0.0003791
 557.5 0.0003795
 560.0 0.0003784
 562.5 0.0003764
 565.0 0.0003743
 567.5 0.0003739
 570.0 0.0003764
 572.5 0.0003798
 575.0 0.0003826
 577.5 0.0003841
 580.0 0.0003855
 582.5 0.0003869
 585.0 0.0003876
 587.5 0.0003876
 590.0 0.0003876
 592.5 0.0003894
 595.0 0.0003901
 597.5 0.0003912
 600.0 0.0003862
 602.5 0.0003894
 605.0 0.0003883
 607.5 0.0003816
 610.0 0.0003784
 612.5 0.0003702
 615.0 0.0003691
 617.5 0.0003661
 620.0 0.0003668
 622.5 0.0003685
 625.0 0.0003661
 627.5 0.0003648
 630.0 0.0003688
 632.5 0.0003675
 635.0 0.0003678
 637.5 0.0003671
 640.0 0.0003624
 642.5 0.0003637
 645.0 0.0003688
 647.5 0.0003678
 650.0 0.0003695
 652.5 0.0003681
 655.0 0.0003705
 657.5 0.0003681
 660.0 0.0003726
 662.5 0.0003736
 665.0 0.0003722
 667.5 0.0003705
 670.0 0.0003675
 672.5 0.0003634
 675.0 0.0003644
 677.5 0.0003588
 680.0 0.0003555
 682.5 0.0003545
 685.0 0.0003519
 687.5 0.0003499
 690.0 0.0003451
 692.5 0.0003432
 695.0 0.0003392
 697.5 0.0003351
 700.0 0.0003308
 702.5 0.0003308
 705.0 0.0003278
 707.5 0.0003272
 710.0 0.0003215
 712.5 0.0003171
 715.0 0.0003128
 717.5 0.0003125
 720.0 0.0003125
 722.5 0.0003154
 725.0 0.0003154
 727.5 0.0003125
 730.0 0.0003065
 732.5 0.0003037
 735.0 0.0003006
 737.5 0.0002987
 740.0 0.0002903
 742.5 0.0002938
 745.0 0.0002919
 747.5 0.0002887
 750.0 0.0002876
 752.5 0.0002905
 755.0 0.0002889
 757.5 0.0002873
 760.0 0.0002970
 762.5 0.0003076
 765.0 0.0003048
 767.5 0.0002930
 770.0 0.0002940
 772.5 0.0002903
 775.0 0.0002881
 777.5 0.0002852
 780.0 0.0002895
 782.5 0.0002837
 785.0 0.0002818
 787.5 0.0002818
 790.0 0.0002714
 792.5 0.0002721
 795.0 0.0002721
 797.5 0.0002699
 800.0 0.0002737
 802.5 0.0002706
 805.0 0.0002642
 807.5 0.0002669
 810.0 0.0002667
 812.5 0.0002635
 815.0 0.0002709
 817.5 0.0002689
 820.0 0.0002682
 822.5 0.0002704
 825.0 0.0002694
 827.5 0.0002647
 830.0 0.0002601
 832.5 0.0002587
 835.0 0.0002633
 837.5 0.0002657
 840.0 0.0002645
 842.5 0.0002618
 845.0 0.0002544
 847.5 0.0002493
 850.0 0.0002484
 852.5 0.0002526
 855.0 0.0002523
 857.5 0.0002585
 860.0 0.0002580
 862.5 0.0002563
 865.0 0.0002477
 867.5 0.0002594
 870.0 0.0002664
 872.5 0.0002633
 875.0 0.0002592
 877.5 0.0002530
 880.0 0.0002559
 882.5 0.0002552
 885.0 0.0002566
 887.5 0.0002503
 890.0 0.0002421
 892.5 0.0002370
 895.0 0.0002353
 897.5 0.0002366
 900.0 0.0002338
 902.5 0.0002310
 905.0 0.0002357
 907.5 0.0002285
 910.0 0.0002255
 912.5 0.0002172
 915.0 0.0002184
 917.5 0.0002152
 920.0 0.0002144
 922.5 0.0002152
 925.0 0.0002166
 927.5 0.0002148
 930.0 0.0002148
 932.5 0.0002146
 935.0 0.0002113
 937.5 0.0002076
 940.0 0.0002082
 942.5 0.0002029
 945.0 0.0002114
 947.5 0.0002152
 950.0 0.0002134
 952.5 0.0002078
 955.0 0.0002114
 957.5 0.0002061
 960.0 0.0001997
 962.5 0.0002068
 965.0 0.0002025
 967.5 0.0002070
 970.0 0.0002023
 972.5 0.0002040
 975.0 0.0002076
 977.5 0.0002042
 980.0 0.0002089
 982.5 0.0002085
 985.0 0.0002126
 987.5 0.0002158
 990.0 0.0002150
 992.5 0.0002122
 995.0 0.0002109
 997.5 0.0002114
1000.0 0.0002105
1002.5 0.0002126
1005.0 0.0002116
1007.5 0.0002107
1010.0 0.0002174
1012.5 0.0002190
1015.0 0.0002084
1017.5 0.0001990
1020.0 0.0001982
1022.5 0.0002027
1025.0 0.0002126
1027.5 0.0001986
1030.0 0.0002017
1032.5 0.0002124
1035.0 0.0001972
1037.5 0.0002040
1040.0 0.0002044
1042.5 0.0002023
1045.0 0.0001968
1047.5 0.0001837
1050.0 0.0001864
1052.5 0.0001977
1055.0 0.0001984
1057.5 0.0001988
1060.0 0.0001860
1062.5 0.0001838
1065.0 0.0001973
1067.5 0.0001925
1070.0 0.0001920
1072.5 0.0001948
1075.0 0.0001850
1077.5 0.0001923
1080.0 0.0001957

# nm  Flux(W/m2/m) for star HR 4392 from file: table6.dat
 320.0 0.0000385
 322.5 0.0000396
 325.0 0.0000456
 327.5 0.0000564
 330.0 0.0000607
 332.5 0.0000592
 335.0 0.0000564
 337.5 0.0000541
 340.0 0.0000601
 342.5 0.0000660
 345.0 0.0000661
 347.5 0.0000645
 350.0 0.0000687
 352.5 0.0000724
 355.0 0.0000687
 357.5 0.0000606
 360.0 0.0000684
 362.5 0.0000846
 365.0 0.0001005
 367.5 0.0001109
 370.0 0.0001121
 372.5 0.0001006
 375.0 0.0000941
 377.5 0.0000993
 380.0 0.0000900
 382.5 0.0000707
 385.0 0.0000622
 387.5 0.0000735
 390.0 0.0001015
 392.5 0.0000939
 395.0 0.0000846
 397.5 0.0001069
 400.0 0.0001595
 402.5 0.0001847
 405.0 0.0001840
 407.5 0.0001885
 410.0 0.0001962
 412.5 0.0001890
 415.0 0.0001775
 417.5 0.0001764
 420.0 0.0001866
 422.5 0.0002057
 425.0 0.0002188
 427.5 0.0002113
 430.0 0.0001982
 432.5 0.0002239
 435.0 0.0002537
 437.5 0.0002587
 440.0 0.0002561
 442.5 0.0002701
 445.0 0.0002816
 447.5 0.0002959
 450.0 0.0003113
 452.5 0.0003096
 455.0 0.0003107
 457.5 0.0003221
 460.0 0.0003290
 462.5 0.0003360
 465.0 0.0003278
 467.5 0.0003194
 470.0 0.0003248
 472.5 0.0003385
 475.0 0.0003480
 477.5 0.0003512
 480.0 0.0003565
 482.5 0.0003538
 485.0 0.0003388
 487.5 0.0003296
 490.0 0.0003420
 492.5 0.0003451
 495.0 0.0003542
 497.5 0.0003487
 500.0 0.0003370
 502.5 0.0003388
 505.0 0.0003601
 507.5 0.0003664
 510.0 0.0003611
 512.5 0.0003529
 515.0 0.0003392
 517.5 0.0003333
 520.0 0.0003451
 522.5 0.0003503
 525.0 0.0003471
 527.5 0.0003529
 530.0 0.0003743
 532.5 0.0003798
 535.0 0.0003865
 537.5 0.0003862
 540.0 0.0003691
 542.5 0.0003705
 545.0 0.0003837
 547.5 0.0003767
 550.0 0.0003733
 552.5 0.0003788
 555.0 0.0003823
 557.5 0.0003777
 560.0 0.0003805
 562.5 0.0003788
 565.0 0.0003709
 567.5 0.0003715
 570.0 0.0003753
 572.5 0.0003795
 575.0 0.0003869
 577.5 0.0003834
 580.0 0.0003816
 582.5 0.0003901
 585.0 0.0003898
 587.5 0.0003865
 590.0 0.0003830
 592.5 0.0003937
 595.0 0.0003898
 597.5 0.0003901
 600.0 0.0003912
 602.5 0.0003941
 605.0 0.0004003
 607.5 0.0003930
 610.0 0.0003819
 612.5 0.0003774
 615.0 0.0003691
 617.5 0.0003661
 620.0 0.0003781
 622.5 0.0003664
 625.0 0.0003648
 627.5 0.0003753
 630.0 0.0003777
 632.5 0.0003812
 635.0 0.0003812
 637.5 0.0003812
 640.0 0.0003739
 642.5 0.0003715
 645.0 0.0003729
 647.5 0.0003729
 650.0 0.0003869
 652.5 0.0004025
 655.0 0.0003890
 657.5 0.0003844
 660.0 0.0003883
 662.5 0.0003898
 665.0 0.0003919
 667.5 0.0003926
 670.0 0.0003855
 672.5 0.0003777
 675.0 0.0003757
 677.5 0.0003664
 680.0 0.0003668
 682.5 0.0003654
 685.0 0.0003591
 687.5 0.0003658
 690.0 0.0003631
 692.5 0.0003548
 695.0 0.0003548
 697.5 0.0003471
 700.0 0.0003404
 702.5 0.0003373
 705.0 0.0003414
 707.5 0.0003382
 710.0 0.0003257
 712.5 0.0003209
 715.0 0.0003230
 717.5 0.0003236
 720.0 0.0003206
 722.5 0.0003275
 725.0 0.0003317
 727.5 0.0003221
 730.0 0.0003192
 732.5 0.0003107
 735.0 0.0003014

