# nm  Flux(W/m2/m) for star HR 442 from file: table5.dat
 320.0 0.0000460
 322.5 0.0000517
 325.0 0.0000617
 327.5 0.0000727
 330.0 0.0000796
 332.5 0.0000801
 335.0 0.0000782
 337.5 0.0000787
 340.0 0.0000829
 342.5 0.0000884
 345.0 0.0000932
 347.5 0.0000975
 350.0 0.0001004
 352.5 0.0000996
 355.0 0.0000962
 357.5 0.0000954
 360.0 0.0001037
 362.5 0.0001198
 365.0 0.0001373
 367.5 0.0001463
 370.0 0.0001449
 372.5 0.0001377
 375.0 0.0001305
 377.5 0.0001230
 380.0 0.0001119
 382.5 0.0001007
 385.0 0.0000978
 387.5 0.0001051
 390.0 0.0001157
 392.5 0.0001245
 395.0 0.0001387
 397.5 0.0001643
 400.0 0.0001970
 402.5 0.0002243
 405.0 0.0002401
 407.5 0.0002473
 410.0 0.0002505
 412.5 0.0002507
 415.0 0.0002493
 417.5 0.0002496
 420.0 0.0002544
 422.5 0.0002606
 425.0 0.0002635
 427.5 0.0002638
 430.0 0.0002692
 432.5 0.0002844
 435.0 0.0003031
 437.5 0.0003180
 440.0 0.0003287
 442.5 0.0003410
 445.0 0.0003581
 447.5 0.0003767
 450.0 0.0003916
 452.5 0.0004007
 455.0 0.0004063
 457.5 0.0004119
 460.0 0.0004176
 462.5 0.0004207
 465.0 0.0004207
 467.5 0.0004215
 470.0 0.0004262
 472.5 0.0004345
 475.0 0.0004422
 477.5 0.0004479
 480.0 0.0004500
 482.5 0.0004479
 485.0 0.0004434
 487.5 0.0004410
 490.0 0.0004434
 492.5 0.0004487
 495.0 0.0004525
 497.5 0.0004512
 500.0 0.0004479
 502.5 0.0004455
 505.0 0.0004459
 507.5 0.0004467
 510.0 0.0004596
 512.5 0.0004471
 515.0 0.0004345
 517.5 0.0004278
 520.0 0.0004406
 522.5 0.0004584
 525.0 0.0004584
 527.5 0.0004643
 530.0 0.0004699
 532.5 0.0004786
 535.0 0.0004826
 537.5 0.0004957
 540.0 0.0004902
 542.5 0.0004871
 545.0 0.0004862
 547.5 0.0004839
 550.0 0.0004911
 552.5 0.0004948
 555.0 0.0004934
 557.5 0.0004929
 560.0 0.0004857
 562.5 0.0004902
 565.0 0.0004884
 567.5 0.0004871
 570.0 0.0004916
 572.5 0.0004934
 575.0 0.0004929
 577.5 0.0005035
 580.0 0.0005049
 582.5 0.0005049
 585.0 0.0005049
 587.5 0.0004975
 590.0 0.0005003
 592.5 0.0005030
 595.0 0.0005030
 597.5 0.0005054
 600.0 0.0005040
 602.5 0.0005054
 605.0 0.0005072
 607.5 0.0005054
 610.0 0.0004980
 612.5 0.0004948
 615.0 0.0004902
 617.5 0.0004866
 620.0 0.0004831
 622.5 0.0004791
 625.0 0.0004773
 627.5 0.0004786
 630.0 0.0004760
 632.5 0.0004857
 635.0 0.0004871
 637.5 0.0004862
 640.0 0.0004875
 642.5 0.0004889
 645.0 0.0004844
 647.5 0.0004782
 650.0 0.0004677
 652.5 0.0004588
 655.0 0.0004575
 657.5 0.0004554
 660.0 0.0004588
 662.5 0.0004634
 665.0 0.0004690
 667.5 0.0004716
 670.0 0.0004712
 672.5 0.0004708
 675.0 0.0004742
 677.5 0.0004742
 680.0 0.0004703
 682.5 0.0004660
 685.0 0.0004634
 687.5 0.0004600
 690.0 0.0004588
 692.5 0.0004588
 695.0 0.0004554
 697.5 0.0004504
 700.0 0.0004479
 702.5 0.0004438
 705.0 0.0004463
 707.5 0.0004455
 710.0 0.0004385
 712.5 0.0004313
 715.0 0.0004262
 717.5 0.0004207
 720.0 0.0004169
 722.5 0.0004180
 725.0 0.0004173
 727.5 0.0004104
 730.0 0.0004059
 732.5 0.0004033
 735.0 0.0004025
 737.5 0.0003992
 740.0 0.0004014
 742.5 0.0004059
 745.0 0.0004036
 747.5 0.0004066
 750.0 0.0004096
 752.5 0.0004014
 755.0 0.0004066
 757.5 0.0004040
 760.0 0.0004108
 762.5 0.0004040
 765.0 0.0004130
 767.5 0.0004081
 770.0 0.0004044
 772.5 0.0004130
 775.0 0.0004044
 777.5 0.0004051
 780.0 0.0004014
 782.5 0.0003996
 785.0 0.0003963
 787.5 0.0003858
 790.0 0.0003812
 792.5 0.0003798
 795.0 0.0003757
 797.5 0.0003750
 800.0 0.0003777
 802.5 0.0003802
 805.0 0.0003719
 807.5 0.0003719
 810.0 0.0003681
 812.5 0.0003617
 815.0 0.0003581
 817.5 0.0003588
 820.0 0.0003591
 822.5 0.0003621
 825.0 0.0003695
 827.5 0.0003715
 830.0 0.0003641
 832.5 0.0003624
 835.0 0.0003624
 837.5 0.0003548
 840.0 0.0003568
 842.5 0.0003581
 845.0 0.0003614
 847.5 0.0003542
 850.0 0.0003503
 852.5 0.0003467
 855.0 0.0003464
 857.5 0.0003474
 860.0 0.0003516
 862.5 0.0003542
 865.0 0.0003516
 867.5 0.0003458
 870.0 0.0003516
 872.5 0.0003558
 875.0 0.0003522
 877.5 0.0003471
 880.0 0.0003445
 882.5 0.0003420
 885.0 0.0003442
 887.5 0.0003445
 890.0 0.0003432
 892.5 0.0003354
 895.0 0.0003336
 897.5 0.0003293
 900.0 0.0003227
 902.5 0.0003224
 905.0 0.0003224
 907.5 0.0003233
 910.0 0.0003177
 912.5 0.0003180
 915.0 0.0003102
 917.5 0.0003014
 920.0 0.0002992
 922.5 0.0003065
 925.0 0.0003079
 927.5 0.0003062
 930.0 0.0003073
 932.5 0.0003102
 935.0 0.0003139
 937.5 0.0003148
 940.0 0.0003130
 942.5 0.0003042
 945.0 0.0003017
 947.5 0.0003054
 950.0 0.0003110
 952.5 0.0003076
 955.0 0.0003039
 957.5 0.0003012
 960.0 0.0002990
 962.5 0.0003001
 965.0 0.0002924
 967.5 0.0002892
 970.0 0.0002881
 972.5 0.0002863
 975.0 0.0002876
 977.5 0.0002876
 980.0 0.0002938
 982.5 0.0002921
 985.0 0.0002962
 987.5 0.0002965
 990.0 0.0002895
 992.5 0.0002957
 995.0 0.0002927
 997.5 0.0002905
1000.0 0.0002884
1002.5 0.0002921
1005.0 0.0002962
1007.5 0.0003014
1010.0 0.0002946
1012.5 0.0002932
1015.0 0.0002951
1017.5 0.0002962
1020.0 0.0002935
1022.5 0.0002940
1025.0 0.0002876
1027.5 0.0002889
1030.0 0.0002908
1032.5 0.0002884
1035.0 0.0002829
1037.5 0.0002818
1040.0 0.0002860
1042.5 0.0002868
1045.0 0.0002808
1047.5 0.0002818
1050.0 0.0002858
1052.5 0.0002803
1055.0 0.0002793
1057.5 0.0002775
1060.0 0.0002721
1062.5 0.0002739
1065.0 0.0002742
1067.5 0.0002749
1070.0 0.0002706
1072.5 0.0002694
1075.0 0.0002692
1077.5 0.0002664
1080.0 0.0002616

# nm  Flux(W/m2/m) for star HR 442 from file: table6.dat
 320.0 0.0000437
 322.5 0.0000451
 325.0 0.0000601
 327.5 0.0000773
 330.0 0.0000868
 332.5 0.0000836
 335.0 0.0000737
 337.5 0.0000718
 340.0 0.0000852
 342.5 0.0000913
 345.0 0.0000906
 347.5 0.0000975
 350.0 0.0001043
 352.5 0.0001043
 355.0 0.0000961
 357.5 0.0000850
 360.0 0.0000945
 362.5 0.0001186
 365.0 0.0001459
 367.5 0.0001569
 370.0 0.0001523
 372.5 0.0001313
 375.0 0.0001246
 377.5 0.0001335
 380.0 0.0001182
 382.5 0.0000898
 385.0 0.0000814
 387.5 0.0001043
 390.0 0.0001293
 392.5 0.0001220
 395.0 0.0001195
 397.5 0.0001530
 400.0 0.0002101
 402.5 0.0002383
 405.0 0.0002410
 407.5 0.0002480
 410.0 0.0002547
 412.5 0.0002526
 415.0 0.0002482
 417.5 0.0002441
 420.0 0.0002507
 422.5 0.0002635
 425.0 0.0002737
 427.5 0.0002625
 430.0 0.0002475
 432.5 0.0002813
 435.0 0.0003192
 437.5 0.0003200
 440.0 0.0003215
 442.5 0.0003404
 445.0 0.0003532
 447.5 0.0003788
 450.0 0.0004025
 452.5 0.0004025
 455.0 0.0004025
 457.5 0.0004108
 460.0 0.0004211
 462.5 0.0004258
 465.0 0.0004196
 467.5 0.0004157
 470.0 0.0004219
 472.5 0.0004373
 475.0 0.0004450
 477.5 0.0004483
 480.0 0.0004529
 482.5 0.0004550
 485.0 0.0004397
 487.5 0.0004325
 490.0 0.0004434
 492.5 0.0004492
 495.0 0.0004579
 497.5 0.0004562
 500.0 0.0004442
 502.5 0.0004401
 505.0 0.0004463
 507.5 0.0004512
 510.0 0.0004487
 512.5 0.0004377
 515.0 0.0004274
 517.5 0.0004274
 520.0 0.0004414
 522.5 0.0004537
 525.0 0.0004562
 527.5 0.0004617
 530.0 0.0004729
 532.5 0.0004782
 535.0 0.0004893
 537.5 0.0004920
 540.0 0.0004853
 542.5 0.0004871
 545.0 0.0004907
 547.5 0.0004880
 550.0 0.0004862
 552.5 0.0004866
 555.0 0.0004916
 557.5 0.0004889
 560.0 0.0004862
 562.5 0.0004839
 565.0 0.0004835
 567.5 0.0004857
 570.0 0.0004826
 572.5 0.0004939
 575.0 0.0004966
 577.5 0.0004948
 580.0 0.0004970
 582.5 0.0004993
 585.0 0.0004998
 587.5 0.0004948
 590.0 0.0004907
 592.5 0.0004975
 595.0 0.0005003
 597.5 0.0005035
 600.0 0.0004961
 602.5 0.0004984
 605.0 0.0005086
 607.5 0.0005091
 610.0 0.0005026
 612.5 0.0004939
 615.0 0.0004826
 617.5 0.0004756
 620.0 0.0004782
 622.5 0.0004764
 625.0 0.0004682
 627.5 0.0004738
 630.0 0.0004703
 632.5 0.0004725
 635.0 0.0004853
 637.5 0.0004839
 640.0 0.0004773
 642.5 0.0004853
 645.0 0.0004902
 647.5 0.0004835
 650.0 0.0004677
 652.5 0.0004712
 655.0 0.0004622
 657.5 0.0004504
 660.0 0.0004592
 662.5 0.0004699
 665.0 0.0004769
 667.5 0.0004751
 670.0 0.0004652
 672.5 0.0004690
 675.0 0.0004747
 677.5 0.0004742
 680.0 0.0004769
 682.5 0.0004699
 685.0 0.0004656
 687.5 0.0004630
 690.0 0.0004639
 692.5 0.0004600
 695.0 0.0004605
 697.5 0.0004571
 700.0 0.0004459
 702.5 0.0004418
 705.0 0.0004550
 707.5 0.0004529
 710.0 0.0004406
 712.5 0.0004309
 715.0 0.0004282
 717.5 0.0004203
 720.0 0.0004089
 722.5 0.0004165
 725.0 0.0004246
 727.5 0.0004100
 730.0 0.0003974
 732.5 0.0003996
 735.0 0.0004033

