# nm  Flux(W/m2/m) for star HR 4450 from file: table6.dat
 320.0 0.0001870
 322.5 0.0001800
 325.0 0.0001970
 327.5 0.0002770
 330.0 0.0003020
 332.5 0.0002900
 335.0 0.0002700
 337.5 0.0002490
 340.0 0.0002930
 342.5 0.0003220
 345.0 0.0002920
 347.5 0.0002940
 350.0 0.0003180
 352.5 0.0003540
 355.0 0.0003170
 357.5 0.0002390
 360.0 0.0003010
 362.5 0.0004020
 365.0 0.0004860
 367.5 0.0005380
 370.0 0.0004850
 372.5 0.0003880
 375.0 0.0003820
 377.5 0.0004440
 380.0 0.0003570
 382.5 0.0002570
 385.0 0.0002370
 387.5 0.0003390
 390.0 0.0004850
 392.5 0.0003930
 395.0 0.0003510
 397.5 0.0005490
 400.0 0.0008260
 402.5 0.0008120
 405.0 0.0007710
 407.5 0.0008210
 410.0 0.0008440
 412.5 0.0007700
 415.0 0.0007400
 417.5 0.0007410
 420.0 0.0008020
 422.5 0.0008890
 425.0 0.0009150
 427.5 0.0008190
 430.0 0.0007990
 432.5 0.0009870
 435.0 0.0010500
 437.5 0.0009900
 440.0 0.0010280
 442.5 0.0010890
 445.0 0.0011170
 447.5 0.0011930
 450.0 0.0012080
 452.5 0.0011740
 455.0 0.0012060
 457.5 0.0012430
 460.0 0.0012800
 462.5 0.0012910
 465.0 0.0012430
 467.5 0.0012440
 470.0 0.0012790
 472.5 0.0013160
 475.0 0.0013400
 477.5 0.0013780
 480.0 0.0014000
 482.5 0.0013600
 485.0 0.0012680
 487.5 0.0012970
 490.0 0.0013450
 492.5 0.0013600
 495.0 0.0013980
 497.5 0.0013420
 500.0 0.0012620
 502.5 0.0013000
 505.0 0.0013650
 507.5 0.0013930
 510.0 0.0013550
 512.5 0.0013300
 515.0 0.0012600
 517.5 0.0012310
 520.0 0.0013130
 522.5 0.0013490
 525.0 0.0013180
 527.5 0.0013390
 530.0 0.0014160
 532.5 0.0014130
 535.0 0.0014470
 537.5 0.0014440
 540.0 0.0013870
 542.5 0.0013970
 545.0 0.0014400
 547.5 0.0014050
 550.0 0.0014180
 552.5 0.0014470
 555.0 0.0014370
 557.5 0.0014190
 560.0 0.0014200
 562.5 0.0014230
 565.0 0.0013920
 567.5 0.0013960
 570.0 0.0014010
 572.5 0.0014340
 575.0 0.0014450
 577.5 0.0014400
 580.0 0.0014320
 582.5 0.0014230
 585.0 0.0014390
 587.5 0.0014000
 590.0 0.0013930
 592.5 0.0014670
 595.0 0.0014740
 597.5 0.0014740
 600.0 0.0014200
 602.5 0.0014620
 605.0 0.0014590
 607.5 0.0014570
 610.0 0.0014340
 612.5 0.0014020
 615.0 0.0013640
 617.5 0.0013720
 620.0 0.0013940
 622.5 0.0013800
 625.0 0.0013490
 627.5 0.0013450
 630.0 0.0013370
 632.5 0.0013640
 635.0 0.0013700
 637.5 0.0013740
 640.0 0.0013290
 642.5 0.0013560
 645.0 0.0013800
 647.5 0.0013490
 650.0 0.0013210
 652.5 0.0013540
 655.0 0.0012920
 657.5 0.0013030
 660.0 0.0013540
 662.5 0.0013420
 665.0 0.0013490
 667.5 0.0013540
 670.0 0.0013190
 672.5 0.0013070
 675.0 0.0013160
 677.5 0.0013180
 680.0 0.0013060
 682.5 0.0013010
 685.0 0.0013300
 687.5 0.0012600
 690.0 0.0013380
 692.5 0.0012720
 695.0 0.0012350
 697.5 0.0012390
 700.0 0.0012280
 702.5 0.0011900
 705.0 0.0012160
 707.5 0.0012070
 710.0 0.0011840
 712.5 0.0011770
 715.0 0.0012170
 717.5 0.0011410
 720.0 0.0010710
 722.5 0.0011810
 725.0 0.0011870
 727.5 0.0011280
 730.0 0.0011000
 732.5 0.0011420
 735.0 0.0011370

