# nm  Flux(W/m2/m) for star HR 4656 from file: table5.dat
 320.0 0.0113700
 322.5 0.0111800
 325.0 0.0110300
 327.5 0.0108900
 330.0 0.0107100
 332.5 0.0105200
 335.0 0.0103200
 337.5 0.0101700
 340.0 0.0100200
 342.5 0.0098700
 345.0 0.0097000
 347.5 0.0095200
 350.0 0.0093300
 352.5 0.0091600
 355.0 0.0089600
 357.5 0.0087600
 360.0 0.0085600
 362.5 0.0083900
 365.0 0.0082000
 367.5 0.0079900
 370.0 0.0077800
 372.5 0.0077100
 375.0 0.0077200
 377.5 0.0077600
 380.0 0.0077900
 382.5 0.0078300
 385.0 0.0078900
 387.5 0.0079400
 390.0 0.0079400
 392.5 0.0078500
 395.0 0.0076500
 397.5 0.0074700
 400.0 0.0074000
 402.5 0.0073500
 405.0 0.0072300
 407.5 0.0069600
 410.0 0.0067300
 412.5 0.0066600
 415.0 0.0066900
 417.5 0.0067200
 420.0 0.0066500
 422.5 0.0065300
 425.0 0.0064000
 427.5 0.0062000
 430.0 0.0059300
 432.5 0.0056700
 435.0 0.0055500
 437.5 0.0055500
 440.0 0.0055500
 442.5 0.0054800
 445.0 0.0053400
 447.5 0.0052300
 450.0 0.0051700
 452.5 0.0051100
 455.0 0.0050300
 457.5 0.0049200
 460.0 0.0048300
 462.5 0.0047500
 465.0 0.0046900
 467.5 0.0046300
 470.0 0.0045800
 472.5 0.0045200
 475.0 0.0044500
 477.5 0.0043600
 480.0 0.0042000
 482.5 0.0040200
 485.0 0.0038700
 487.5 0.0038200
 490.0 0.0038300
 492.5 0.0038300
 495.0 0.0037900
 497.5 0.0037300
 500.0 0.0037300
 502.5 0.0036900
 505.0 0.0036100
 507.5 0.0035700
 510.0 0.0035200
 512.5 0.0033900
 515.0 0.0033900
 517.5 0.0033600
 520.0 0.0033100
 522.5 0.0032600
 525.0 0.0031900
 527.5 0.0030900
 530.0 0.0031300
 532.5 0.0031000
 535.0 0.0030500
 537.5 0.0029700
 540.0 0.0029100
 542.5 0.0028500
 545.0 0.0028600
 547.5 0.0027500
 550.0 0.0027800
 552.5 0.0026500
 555.0 0.0026100
 557.5 0.0025500
 560.0 0.0025500
 562.5 0.0024500
 565.0 0.0024200
 567.5 0.0023900
 570.0 0.0023800
 572.5 0.0023400
 575.0 0.0023000
 577.5 0.0022600
 580.0 0.0022200
 582.5 0.0021900
 585.0 0.0021600
 587.5 0.0021200
 590.0 0.0021200
 592.5 0.0021000
 595.0 0.0020400
 597.5 0.0020300
 600.0 0.0019900
 602.5 0.0020000
 605.0 0.0019600
 607.5 0.0019500
 610.0 0.0019000
 612.5 0.0018600
 615.0 0.0018300
 617.5 0.0018300
 620.0 0.0017800
 622.5 0.0017700
 625.0 0.0017300
 627.5 0.0017000
 630.0 0.0017100
 632.5 0.0016600
 635.0 0.0016300
 637.5 0.0016000
 640.0 0.0015900
 642.5 0.0015700
 645.0 0.0015400
 647.5 0.0015500
 650.0 0.0014400
 652.5 0.0014100
 655.0 0.0013900
 657.5 0.0013900
 660.0 0.0014100
 662.5 0.0014300
 665.0 0.0014000
 667.5 0.0013800
 670.0 0.0013700
 672.5 0.0013500
 675.0 0.0013300
 677.5 0.0013000
 680.0 0.0012800
 682.5 0.0012800
 685.0 0.0012500
 687.5 0.0012300
 690.0 0.0012100
 692.5 0.0012000
 695.0 0.0011800
 697.5 0.0011600
 700.0 0.0011500
 702.5 0.0011400
 705.0 0.0011200
 707.5 0.0010900
 710.0 0.0010800
 712.5 0.0010700
 715.0 0.0010500
 717.5 0.0010300
 720.0 0.0010100
 722.5 0.0010000
 725.0 0.0009800
 727.5 0.0009700
 730.0 0.0009600
 732.5 0.0009500
 735.0 0.0009400
 737.5 0.0009200
 740.0 0.0009200
 742.5 0.0009200
 745.0 0.0008900
 747.5 0.0008800
 750.0 0.0008800
 752.5 0.0008800
 755.0 0.0008700
 757.5 0.0008600
 760.0 0.0008600
 762.5 0.0008500
 765.0 0.0008400
 767.5 0.0008200
 770.0 0.0008200
 772.5 0.0007800
 775.0 0.0007900
 777.5 0.0007800
 780.0 0.0007600
 782.5 0.0007700
 785.0 0.0007600
 787.5 0.0007500
 790.0 0.0007300
 792.5 0.0007200
 795.0 0.0007200
 797.5 0.0007200
 800.0 0.0007100
 802.5 0.0006900
 805.0 0.0006800
 807.5 0.0006900
 810.0 0.0006700
 812.5 0.0006600
 815.0 0.0006600
 817.5 0.0006500
 820.0 0.0006600
 822.5 0.0006500
 825.0 0.0006400
 827.5 0.0006300
 830.0 0.0006300
 832.5 0.0006200
 835.0 0.0006200
 837.5 0.0006200
 840.0 0.0006000
 842.5 0.0005900
 845.0 0.0006000
 847.5 0.0005900
 850.0 0.0005700
 852.5 0.0005700
 855.0 0.0005600
 857.5 0.0005700
 860.0 0.0005600
 862.5 0.0005600
 865.0 0.0005400
 867.5 0.0005500
 870.0 0.0005600
 872.5 0.0005400
 875.0 0.0005300
 877.5 0.0005200
 880.0 0.0005100
 882.5 0.0005000
 885.0 0.0005100
 887.5 0.0005100
 890.0 0.0005000
 892.5 0.0004800
 895.0 0.0004800
 897.5 0.0004500
 900.0 0.0004500
 902.5 0.0004400
 905.0 0.0004500
 907.5 0.0004500
 910.0 0.0004400
 912.5 0.0004400
 915.0 0.0004300
 917.5 0.0004200
 920.0 0.0004100
 922.5 0.0004100
 925.0 0.0004100
 927.5 0.0004400
 930.0 0.0004200
 932.5 0.0004200
 935.0 0.0004200
 937.5 0.0004000
 940.0 0.0004100
 942.5 0.0004000
 945.0 0.0003900
 947.5 0.0003700
 950.0 0.0003700
 952.5 0.0003600
 955.0 0.0003600
 957.5 0.0003700
 960.0 0.0003600
 962.5 0.0003700
 965.0 0.0003600
 967.5 0.0003600
 970.0 0.0003600
 972.5 0.0003600
 975.0 0.0003600
 977.5 0.0003600
 980.0 0.0003500
 982.5 0.0003500
 985.0 0.0003500
 987.5 0.0003600
 990.0 0.0003500
 992.5 0.0003500
 995.0 0.0003500
 997.5 0.0003400
1000.0 0.0003300
1002.5 0.0003200
1005.0 0.0003100
1007.5 0.0003300
1010.0 0.0003200
1012.5 0.0003300
1015.0 0.0003200
1017.5 0.0003200
1020.0 0.0003300
1022.5 0.0003200
1025.0 0.0003100
1027.5 0.0003200
1030.0 0.0003300
1032.5 0.0003200
1035.0 0.0003100
1037.5 0.0003200
1040.0 0.0003000
1042.5 0.0003100
1045.0 0.0003100
1047.5 0.0003000
1050.0 0.0003000
1052.5 0.0002800
1055.0 0.0002700
1057.5 0.0002800
1060.0 0.0002800
1062.5 0.0002700
1065.0 0.0002900
1067.5 0.0002900
1070.0 0.0002700
1072.5 0.0002800
1075.0 0.0002900
1077.5 0.0002900
1080.0 0.0002600

# nm  Flux(W/m2/m) for star HR 4656 from file: table6.dat
 320.0 0.0112200
 322.5 0.0111900
 325.0 0.0109600
 327.5 0.0110700
 330.0 0.0106100
 332.5 0.0105500
 335.0 0.0103200
 337.5 0.0101000
 340.0 0.0100400
 342.5 0.0099600
 345.0 0.0096100
 347.5 0.0095900
 350.0 0.0092800
 352.5 0.0091700
 355.0 0.0089900
 357.5 0.0087800
 360.0 0.0085000
 362.5 0.0083300
 365.0 0.0082800
 367.5 0.0081100
 370.0 0.0075100
 372.5 0.0076300
 375.0 0.0077600
 377.5 0.0078200
 380.0 0.0077800
 382.5 0.0076400
 385.0 0.0081300
 387.5 0.0078800
 390.0 0.0078400
 392.5 0.0082500
 395.0 0.0075300
 397.5 0.0072400
 400.0 0.0074600
 402.5 0.0073100
 405.0 0.0075500
 407.5 0.0069900
 410.0 0.0063400
 412.5 0.0065900
 415.0 0.0068300
 417.5 0.0067800
 420.0 0.0066600
 422.5 0.0065300
 425.0 0.0064000
 427.5 0.0063100
 430.0 0.0060800
 432.5 0.0053900
 435.0 0.0053600
 437.5 0.0056900
 440.0 0.0056300
 442.5 0.0055300
 445.0 0.0052900
 447.5 0.0051500
 450.0 0.0051900
 452.5 0.0051700
 455.0 0.0050200
 457.5 0.0049100
 460.0 0.0048100
 462.5 0.0047600
 465.0 0.0046800
 467.5 0.0046100
 470.0 0.0045800
 472.5 0.0045300
 475.0 0.0044700
 477.5 0.0043800
 480.0 0.0042900
 482.5 0.0040400
 485.0 0.0036500
 487.5 0.0037900
 490.0 0.0039200
 492.5 0.0038300
 495.0 0.0038200
 497.5 0.0037300
 500.0 0.0036500
 502.5 0.0036400
 505.0 0.0035700
 507.5 0.0035900
 510.0 0.0034700
 512.5 0.0033900
 515.0 0.0033700
 517.5 0.0033200
 520.0 0.0032900
 522.5 0.0032100
 525.0 0.0031600
 527.5 0.0031200
 530.0 0.0030700
 532.5 0.0030300
 535.0 0.0030000
 537.5 0.0029600
 540.0 0.0029100
 542.5 0.0028800
 545.0 0.0028100
 547.5 0.0027700
 550.0 0.0027600
 552.5 0.0027000
 555.0 0.0026200
 557.5 0.0026100
 560.0 0.0025800
 562.5 0.0025200
 565.0 0.0024400
 567.5 0.0023900
 570.0 0.0023700
 572.5 0.0023300
 575.0 0.0023200
 577.5 0.0023000
 580.0 0.0022100
 582.5 0.0020600
 585.0 0.0020500
 587.5 0.0021200
 590.0 0.0020800
 592.5 0.0021000
 595.0 0.0020800
 597.5 0.0020400
 600.0 0.0019600
 602.5 0.0019800
 605.0 0.0019400
 607.5 0.0019400
 610.0 0.0019000
 612.5 0.0018500
 615.0 0.0018100
 617.5 0.0017900
 620.0 0.0017800
 622.5 0.0017800
 625.0 0.0017400
 627.5 0.0016600
 630.0 0.0016500
 632.5 0.0016600
 635.0 0.0016300
 637.5 0.0016100
 640.0 0.0015700
 642.5 0.0015800
 645.0 0.0015500
 647.5 0.0015300
 650.0 0.0014900
 652.5 0.0014600
 655.0 0.0013300
 657.5 0.0013100
 660.0 0.0014300
 662.5 0.0014300
 665.0 0.0014100
 667.5 0.0013600
 670.0 0.0013300
 672.5 0.0013300
 675.0 0.0013100
 677.5 0.0012900
 680.0 0.0012700
 682.5 0.0012500
 685.0 0.0012800
 687.5 0.0012000
 690.0 0.0012400
 692.5 0.0011800
 695.0 0.0011900
 697.5 0.0011900
 700.0 0.0011500
 702.5 0.0011100
 705.0 0.0010900
 707.5 0.0010600
 710.0 0.0010500
 712.5 0.0010400
 715.0 0.0010600
 717.5 0.0010300
 720.0 0.0009700
 722.5 0.0010000
 725.0 0.0010000
 727.5 0.0009600
 730.0 0.0009400
 732.5 0.0009600
 735.0 0.0009500

