# nm  Flux(W/m2/m) for star HR 4700 from file: table5.dat
 320.0 0.
 322.5 0.
 325.0 0.
 327.5 0.
 330.0 0.
 332.5 0.
 335.0 0.0000620
 337.5 0.0000650
 340.0 0.0000700
 342.5 0.0000710
 345.0 0.0000710
 347.5 0.0000730
 350.0 0.0000790
 352.5 0.0000830
 355.0 0.0000810
 357.5 0.0000770
 360.0 0.0000830
 362.5 0.0001040
 365.0 0.0001280
 367.5 0.0001360
 370.0 0.0001240
 372.5 0.0001070
 375.0 0.0000990
 377.5 0.0001000
 380.0 0.0000970
 382.5 0.0000910
 385.0 0.0000920
 387.5 0.0001000
 390.0 0.0001090
 392.5 0.0001160
 395.0 0.0001390
 397.5 0.0001850
 400.0 0.0002390
 402.5 0.0002830
 405.0 0.0003090
 407.5 0.0003220
 410.0 0.0003260
 412.5 0.0003220
 415.0 0.0003210
 417.5 0.0003310
 420.0 0.0003540
 422.5 0.0003800
 425.0 0.0004010
 427.5 0.0004260
 430.0 0.0004700
 432.5 0.0005260
 435.0 0.0005680
 437.5 0.0005870
 440.0 0.0006030
 442.5 0.0006370
 445.0 0.0006890
 447.5 0.0007420
 450.0 0.0007810
 452.5 0.0008050
 455.0 0.0008320
 457.5 0.0008660
 460.0 0.0009000
 462.5 0.0009190
 465.0 0.0009250
 467.5 0.0009320
 470.0 0.0009460
 472.5 0.0009650
 475.0 0.0009830
 477.5 0.0009990
 480.0 0.0010070
 482.5 0.0010080
 485.0 0.0010070
 487.5 0.0010190
 490.0 0.0010430
 492.5 0.0010660
 495.0 0.0010700
 497.5 0.0010520
 500.0 0.0011060
 502.5 0.0011030
 505.0 0.0010550
 507.5 0.0011030
 510.0 0.0010690
 512.5 0.0010190
 515.0 0.0009830
 517.5 0.0010380
 520.0 0.0010490
 522.5 0.0011180
 525.0 0.0011780
 527.5 0.0012460
 530.0 0.0013060
 532.5 0.0013660
 535.0 0.0013120
 537.5 0.0013510
 540.0 0.0013540
 542.5 0.0013350
 545.0 0.0013510
 547.5 0.0013690
 550.0 0.0013880
 552.5 0.0014050
 555.0 0.0014090
 557.5 0.0014100
 560.0 0.0014300
 562.5 0.0014090
 565.0 0.0014130
 567.5 0.0014520
 570.0 0.0014620
 572.5 0.0014620
 575.0 0.0014940
 577.5 0.0015020
 580.0 0.0015220
 582.5 0.0015230
 585.0 0.0015140
 587.5 0.0015260
 590.0 0.0015050
 592.5 0.0015500
 595.0 0.0015850
 597.5 0.0015890
 600.0 0.0015940
 602.5 0.0016200
 605.0 0.0016220
 607.5 0.0015970
 610.0 0.0015720
 612.5 0.0015530
 615.0 0.0015330
 617.5 0.0015250
 620.0 0.0014970
 622.5 0.0014900
 625.0 0.0014940
 627.5 0.0015140
 630.0 0.0015290
 632.5 0.0015620
 635.0 0.0015600
 637.5 0.0015690
 640.0 0.0015970
 642.5 0.0015950
 645.0 0.0016310
 647.5 0.0016290
 650.0 0.0016140
 652.5 0.0016030
 655.0 0.0016230
 657.5 0.0016230
 660.0 0.0016400
 662.5 0.0016760
 665.0 0.0016580
 667.5 0.0016840
 670.0 0.0016690
 672.5 0.0016600
 675.0 0.0016570
 677.5 0.0016400
 680.0 0.0016580
 682.5 0.0016690
 685.0 0.0016780
 687.5 0.0016640
 690.0 0.0016170
 692.5 0.0016410
 695.0 0.0016080
 697.5 0.0015970
 700.0 0.0015780
 702.5 0.0015810
 705.0 0.0015660
 707.5 0.0015590
 710.0 0.0015370
 712.5 0.0015350
 715.0 0.0015040
 717.5 0.0015290
 720.0 0.0015050
 722.5 0.0015140
 725.0 0.0015320
 727.5 0.0015190
 730.0 0.0015040
 732.5 0.0015230
 735.0 0.0015040
 737.5 0.0015180
 740.0 0.0015450
 742.5 0.0015570
 745.0 0.0015300
 747.5 0.0015660
 750.0 0.0015450
 752.5 0.0016170
 755.0 0.0016570
 757.5 0.0016440
 760.0 0.0016260
 762.5 0.0016070
 765.0 0.0016010
 767.5 0.0015820
 770.0 0.0016040
 772.5 0.0015140
 775.0 0.0015820
 777.5 0.0016100
 780.0 0.0016040
 782.5 0.0016170
 785.0 0.0015920
 787.5 0.0015530
 790.0 0.0015180
 792.5 0.0015070
 795.0 0.0015090
 797.5 0.0015180
 800.0 0.0015300
 802.5 0.0014830
 805.0 0.0014680
 807.5 0.0015070
 810.0 0.0014860
 812.5 0.0014520
 815.0 0.0014620
 817.5 0.0014940
 820.0 0.0015190
 822.5 0.0015300
 825.0 0.0015260
 827.5 0.0015190
 830.0 0.0014630
 832.5 0.0014740
 835.0 0.0014660
 837.5 0.0014760
 840.0 0.0014720
 842.5 0.0015150
 845.0 0.0015010
 847.5 0.0014670
 850.0 0.0014150
 852.5 0.0014230
 855.0 0.0014430
 857.5 0.0014640
 860.0 0.0014740
 862.5 0.0014970
 865.0 0.0014180
 867.5 0.0014410
 870.0 0.0015040
 872.5 0.0015180
 875.0 0.0015190
 877.5 0.0014820
 880.0 0.0014750
 882.5 0.0014910
 885.0 0.0015020
 887.5 0.0015470
 890.0 0.0014790
 892.5 0.0014260
 895.0 0.0014300
 897.5 0.0013830
 900.0 0.0013930
 902.5 0.0013890
 905.0 0.0013790
 907.5 0.0013980
 910.0 0.0013540
 912.5 0.0013370
 915.0 0.0013330
 917.5 0.0013060
 920.0 0.0012980
 922.5 0.0013420
 925.0 0.0013720
 927.5 0.0013530
 930.0 0.0013800
 932.5 0.0012790
 935.0 0.0012260
 937.5 0.0012270
 940.0 0.0012430
 942.5 0.0012420
 945.0 0.0012460
 947.5 0.0012470
 950.0 0.0012790
 952.5 0.0013030
 955.0 0.0012680
 957.5 0.0013280
 960.0 0.0012810
 962.5 0.0012370
 965.0 0.0012490
 967.5 0.0012660
 970.0 0.0012890
 972.5 0.0012950
 975.0 0.0012990
 977.5 0.0012860
 980.0 0.0013160
 982.5 0.0013190
 985.0 0.0012980
 987.5 0.0013440
 990.0 0.0013290
 992.5 0.0013270
 995.0 0.0013660
 997.5 0.0013450
1000.0 0.0013350
1002.5 0.0013400
1005.0 0.0013400
1007.5 0.0013460
1010.0 0.0013390
1012.5 0.0013730
1015.0 0.0013720
1017.5 0.0013240
1020.0 0.0013390
1022.5 0.0013210
1025.0 0.0013690
1027.5 0.0013230
1030.0 0.0013300
1032.5 0.0013660
1035.0 0.0013510
1037.5 0.0013420
1040.0 0.0013460
1042.5 0.0013590
1045.0 0.0013230
1047.5 0.0013380
1050.0 0.0013540
1052.5 0.0013040
1055.0 0.0013240
1057.5 0.0013330
1060.0 0.0013110
1062.5 0.0013340
1065.0 0.0012930
1067.5 0.0013010
1070.0 0.0012880
1072.5 0.0013050
1075.0 0.0012860
1077.5 0.0012530
1080.0 0.0012580

# nm  Flux(W/m2/m) for star HR 4700 from file: table6.dat
 320.0 0.
 322.5 0.
 325.0 0.
 327.5 0.
 330.0 0.
 332.5 0.
 335.0 0.0000620
 337.5 0.0000540
 340.0 0.0000790
 342.5 0.0000780
 345.0 0.0000650
 347.5 0.0000660
 350.0 0.0000770
 352.5 0.0000940
 355.0 0.0000940
 357.5 0.0000580
 360.0 0.0000660
 362.5 0.0001020
 365.0 0.0001380
 367.5 0.0001690
 370.0 0.0001310
 372.5 0.0000820
 375.0 0.0000820
 377.5 0.0001240
 380.0 0.0001050
 382.5 0.0000750
 385.0 0.0000820
 387.5 0.0001020
 390.0 0.0001280
 392.5 0.0001030
 395.0 0.0001010
 397.5 0.0001740
 400.0 0.0002670
 402.5 0.0003010
 405.0 0.0003000
 407.5 0.0003340
 410.0 0.0003420
 412.5 0.0003140
 415.0 0.0003100
 417.5 0.0003220
 420.0 0.0003440
 422.5 0.0003890
 425.0 0.0004230
 427.5 0.0003960
 430.0 0.0004250
 432.5 0.0005640
 435.0 0.0006140
 437.5 0.0005690
 440.0 0.0005750
 442.5 0.0006330
 445.0 0.0006770
 447.5 0.0007620
 450.0 0.0008090
 452.5 0.0007890
 455.0 0.0008170
 457.5 0.0008600
 460.0 0.0009280
 462.5 0.0009380
 465.0 0.0009110
 467.5 0.0009180
 470.0 0.0009510
 472.5 0.0009730
 475.0 0.0009760
 477.5 0.0009970
 480.0 0.0010260
 482.5 0.0010190
 485.0 0.0009810
 487.5 0.0010080
 490.0 0.0010470
 492.5 0.0010720
 495.0 0.0011110
 497.5 0.0010560
 500.0 0.0009950
 502.5 0.0010190
 505.0 0.0010520
 507.5 0.0010480
 510.0 0.0010140
 512.5 0.0009920
 515.0 0.0009160
 517.5 0.0008900
 520.0 0.0009980
 522.5 0.0011020
 525.0 0.0011110
 527.5 0.0011510
 530.0 0.0012610
 532.5 0.0012540
 535.0 0.0013070
 537.5 0.0013110
 540.0 0.0012640
 542.5 0.0013170
 545.0 0.0013190
 547.5 0.0013050
 550.0 0.0013340
 552.5 0.0013700
 555.0 0.0013940
 557.5 0.0013800
 560.0 0.0013630
 562.5 0.0013800
 565.0 0.0013790
 567.5 0.0013890
 570.0 0.0013820
 572.5 0.0014180
 575.0 0.0014680
 577.5 0.0014350
 580.0 0.0014640
 582.5 0.0015280
 585.0 0.0015020
 587.5 0.0014310
 590.0 0.0014060
 592.5 0.0015210
 595.0 0.0015500
 597.5 0.0015720
 600.0 0.0015110
 602.5 0.0015660
 605.0 0.0016070
 607.5 0.0016070
 610.0 0.0015500
 612.5 0.0015020
 615.0 0.0014780
 617.5 0.0015150
 620.0 0.0015070
 622.5 0.0014490
 625.0 0.0014150
 627.5 0.0014470
 630.0 0.0014760
 632.5 0.0015140
 635.0 0.0015110
 637.5 0.0015460
 640.0 0.0015470
 642.5 0.0015650
 645.0 0.0015850
 647.5 0.0015630
 650.0 0.0015420
 652.5 0.0016230
 655.0 0.0015570
 657.5 0.0015360
 660.0 0.0015940
 662.5 0.0016000
 665.0 0.0015910
 667.5 0.0016160
 670.0 0.0015890
 672.5 0.0015620
 675.0 0.0015810
 677.5 0.0015950
 680.0 0.0016000
 682.5 0.0015950
 685.0 0.0016170
 687.5 0.0015260
 690.0 0.0016520
 692.5 0.0016000
 695.0 0.0015670
 697.5 0.0015620
 700.0 0.0015390
 702.5 0.0015120
 705.0 0.0015290
 707.5 0.0015090
 710.0 0.0014820
 712.5 0.0014710
 715.0 0.0014940
 717.5 0.0014400
 720.0 0.0013830
 722.5 0.0014910
 725.0 0.0015260
 727.5 0.0015000
 730.0 0.0014640
 732.5 0.0014710
 735.0 0.0014240

