# nm  Flux(W/m2/m) for star HR 4825 from file: table5.dat
 320.0 0.0018860
 322.5 0.0019000
 325.0 0.0019480
 327.5 0.0020270
 330.0 0.0020970
 332.5 0.0021360
 335.0 0.0021500
 337.5 0.0021720
 340.0 0.0022060
 342.5 0.0022300
 345.0 0.0022300
 347.5 0.0022330
 350.0 0.0022450
 352.5 0.0022680
 355.0 0.0022720
 357.5 0.0022530
 360.0 0.0022490
 362.5 0.0022850
 365.0 0.0023330
 367.5 0.0023640
 370.0 0.0023830
 372.5 0.0024570
 375.0 0.0025970
 377.5 0.0027640
 380.0 0.0029210
 382.5 0.0030480
 385.0 0.0031540
 387.5 0.0031770
 390.0 0.0031220
 392.5 0.0030540
 395.0 0.0031190
 397.5 0.0033670
 400.0 0.0036710
 402.5 0.0038050
 405.0 0.0037360
 407.5 0.0035940
 410.0 0.0035710
 412.5 0.0036810
 415.0 0.0037980
 417.5 0.0038480
 420.0 0.0038440
 422.5 0.0038260
 425.0 0.0037600
 427.5 0.0036010
 430.0 0.0034260
 432.5 0.0033570
 435.0 0.0034480
 437.5 0.0035940
 440.0 0.0036780
 442.5 0.0036850
 445.0 0.0036680
 447.5 0.0036640
 450.0 0.0036510
 452.5 0.0036340
 455.0 0.0036110
 457.5 0.0036040
 460.0 0.0036040
 462.5 0.0035970
 465.0 0.0035880
 467.5 0.0035810
 470.0 0.0035780
 472.5 0.0035680
 475.0 0.0035550
 477.5 0.0035060
 480.0 0.0033820
 482.5 0.0032060
 485.0 0.0030900
 487.5 0.0031220
 490.0 0.0032360
 492.5 0.0033270
 495.0 0.0033390
 497.5 0.0033050
 500.0 0.0032660
 502.5 0.0032450
 505.0 0.0032450
 507.5 0.0032540
 510.0 0.0031970
 512.5 0.0031540
 515.0 0.0031190
 517.5 0.0030850
 520.0 0.0030650
 522.5 0.0030480
 525.0 0.0030480
 527.5 0.0030480
 530.0 0.0030260
 532.5 0.0030120
 535.0 0.0030090
 537.5 0.0029870
 540.0 0.0029650
 542.5 0.0029430
 545.0 0.0029300
 547.5 0.0029270
 550.0 0.0029110
 552.5 0.0028680
 555.0 0.0028500
 557.5 0.0028210
 560.0 0.0027900
 562.5 0.0027440
 565.0 0.0027190
 567.5 0.0027060
 570.0 0.0027010
 572.5 0.0027010
 575.0 0.0026790
 577.5 0.0026670
 580.0 0.0026280
 582.5 0.0026090
 585.0 0.0025870
 587.5 0.0025850
 590.0 0.0025780
 592.5 0.0025730
 595.0 0.0025590
 597.5 0.0025440
 600.0 0.0025280
 602.5 0.0025120
 605.0 0.0024730
 607.5 0.0024500
 610.0 0.0024390
 612.5 0.0024100
 615.0 0.0023900
 617.5 0.0023640
 620.0 0.0023550
 622.5 0.0023360
 625.0 0.0023210
 627.5 0.0023080
 630.0 0.0022890
 632.5 0.0022760
 635.0 0.0022660
 637.5 0.0022450
 640.0 0.0022220
 642.5 0.0022120
 645.0 0.0021980
 647.5 0.0021800
 650.0 0.0020840
 652.5 0.0020010
 655.0 0.0019590
 657.5 0.0019550
 660.0 0.0019880
 662.5 0.0020300
 665.0 0.0020610
 667.5 0.0020530
 670.0 0.0020340
 672.5 0.0020140
 675.0 0.0020010
 677.5 0.0019750
 680.0 0.0019610
 682.5 0.0019460
 685.0 0.0019250
 687.5 0.0019090
 690.0 0.0018930
 692.5 0.0018760
 695.0 0.0018640
 697.5 0.0018430
 700.0 0.0018230
 702.5 0.0018000
 705.0 0.0017850
 707.5 0.0017680
 710.0 0.0017520
 712.5 0.0017360
 715.0 0.0017090
 717.5 0.0016870
 720.0 0.0016750
 722.5 0.0016750
 725.0 0.0016640
 727.5 0.0016520
 730.0 0.0016380
 732.5 0.0016340
 735.0 0.0016030
 737.5 0.0015730
 740.0 0.0015590
 742.5 0.0015560
 745.0 0.0015360
 747.5 0.0015280
 750.0 0.0015260
 752.5 0.0014980
 755.0 0.0014900
 757.5 0.0014860
 760.0 0.0014900
 762.5 0.0014800
 765.0 0.0014860
 767.5 0.0014720
 770.0 0.0014640
 772.5 0.0014440
 775.0 0.0014160
 777.5 0.0014190
 780.0 0.0014200
 782.5 0.0014140
 785.0 0.0014030
 787.5 0.0013910
 790.0 0.0013640
 792.5 0.0013680
 795.0 0.0013600
 797.5 0.0013420
 800.0 0.0013480
 802.5 0.0013240
 805.0 0.0013070
 807.5 0.0013040
 810.0 0.0012870
 812.5 0.0012800
 815.0 0.0012750
 817.5 0.0012530
 820.0 0.0012390
 822.5 0.0012450
 825.0 0.0012460
 827.5 0.0012360
 830.0 0.0012300
 832.5 0.0012280
 835.0 0.0012190
 837.5 0.0012080
 840.0 0.0012010
 842.5 0.0011950
 845.0 0.0011910
 847.5 0.0011780
 850.0 0.0011660
 852.5 0.0011620
 855.0 0.0011530
 857.5 0.0011490
 860.0 0.0011400
 862.5 0.0011420
 865.0 0.0011310
 867.5 0.0011320
 870.0 0.0011260
 872.5 0.0011190
 875.0 0.0011080
 877.5 0.0010920
 880.0 0.0011020
 882.5 0.0010770
 885.0 0.0010680
 887.5 0.0010440
 890.0 0.0010520
 892.5 0.0010460
 895.0 0.0010340
 897.5 0.0010230
 900.0 0.0010030
 902.5 0.0009770
 905.0 0.0009660
 907.5 0.0009660
 910.0 0.0009690
 912.5 0.0009660
 915.0 0.0009640
 917.5 0.0009450
 920.0 0.0009180
 922.5 0.0009060
 925.0 0.0009040
 927.5 0.0009230
 930.0 0.0009380
 932.5 0.0009340
 935.0 0.0009260
 937.5 0.0009170
 940.0 0.0009120
 942.5 0.0009040
 945.0 0.0009050
 947.5 0.0008860
 950.0 0.0008650
 952.5 0.0008610
 955.0 0.0008590
 957.5 0.0008610
 960.0 0.0008540
 962.5 0.0008660
 965.0 0.0008560
 967.5 0.0008460
 970.0 0.0008500
 972.5 0.0008560
 975.0 0.0008550
 977.5 0.0008530
 980.0 0.0008510
 982.5 0.0008430
 985.0 0.0008390
 987.5 0.0008390
 990.0 0.0008290
 992.5 0.0008290
 995.0 0.0008230
 997.5 0.0008180
1000.0 0.0007880
1002.5 0.0007800
1005.0 0.0007790
1007.5 0.0007850
1010.0 0.0007850
1012.5 0.0007890
1015.0 0.0008000
1017.5 0.0007870
1020.0 0.0007860
1022.5 0.0007870
1025.0 0.0007790
1027.5 0.0007770
1030.0 0.0007690
1032.5 0.0007550
1035.0 0.0007500
1037.5 0.0007500
1040.0 0.0007620
1042.5 0.0007660
1045.0 0.0007530
1047.5 0.0007450
1050.0 0.0007370
1052.5 0.0007410
1055.0 0.0007360
1057.5 0.0007300
1060.0 0.0007170
1062.5 0.0007180
1065.0 0.0007070
1067.5 0.0006980
1070.0 0.0006960
1072.5 0.0006980
1075.0 0.0006800
1077.5 0.0006760
1080.0 0.0006600

# nm  Flux(W/m2/m) for star HR 4825 from file: table6.dat
 320.0 0.0018860
 322.5 0.0018470
 325.0 0.0019140
 327.5 0.0020420
 330.0 0.0021240
 332.5 0.0021960
 335.0 0.0021090
 337.5 0.0021300
 340.0 0.0022430
 342.5 0.0022640
 345.0 0.0022200
 347.5 0.0022280
 350.0 0.0021940
 352.5 0.0023080
 355.0 0.0023290
 357.5 0.0022220
 360.0 0.0021980
 362.5 0.0022450
 365.0 0.0023880
 367.5 0.0024280
 370.0 0.0022970
 372.5 0.0023770
 375.0 0.0025590
 377.5 0.0028550
 380.0 0.0029430
 382.5 0.0029430
 385.0 0.0033080
 387.5 0.0032300
 390.0 0.0031620
 392.5 0.0030170
 395.0 0.0027930
 397.5 0.0032720
 400.0 0.0039520
 402.5 0.0039850
 405.0 0.0038900
 407.5 0.0033600
 410.0 0.0033300
 412.5 0.0038340
 415.0 0.0038900
 417.5 0.0038300
 420.0 0.0038370
 422.5 0.0038370
 425.0 0.0038550
 427.5 0.0037150
 430.0 0.0033300
 432.5 0.0030510
 435.0 0.0034640
 437.5 0.0037460
 440.0 0.0037260
 442.5 0.0036750
 445.0 0.0036170
 447.5 0.0037020
 450.0 0.0036640
 452.5 0.0036270
 455.0 0.0035940
 457.5 0.0035940
 460.0 0.0036140
 462.5 0.0036110
 465.0 0.0035740
 467.5 0.0035710
 470.0 0.0035970
 472.5 0.0035710
 475.0 0.0035420
 477.5 0.0035320
 480.0 0.0035510
 482.5 0.0032000
 485.0 0.0027690
 487.5 0.0030870
 490.0 0.0033670
 492.5 0.0033570
 495.0 0.0033790
 497.5 0.0033020
 500.0 0.0032210
 502.5 0.0032810
 505.0 0.0032690
 507.5 0.0033270
 510.0 0.0032450
 512.5 0.0031280
 515.0 0.0030820
 517.5 0.0030730
 520.0 0.0031220
 522.5 0.0030510
 525.0 0.0029790
 527.5 0.0030310
 530.0 0.0030450
 532.5 0.0029840
 535.0 0.0030120
 537.5 0.0029870
 540.0 0.0029460
 542.5 0.0029510
 545.0 0.0029270
 547.5 0.0028970
 550.0 0.0029110
 552.5 0.0028840
 555.0 0.0028600
 557.5 0.0028080
 560.0 0.0027640
 562.5 0.0027570
 565.0 0.0026990
 567.5 0.0026670
 570.0 0.0026960
 572.5 0.0027040
 575.0 0.0026870
 577.5 0.0026770
 580.0 0.0026280
 582.5 0.0026110
 585.0 0.0026060
 587.5 0.0026060
 590.0 0.0025800
 592.5 0.0026250
 595.0 0.0026110
 597.5 0.0025800
 600.0 0.0025170
 602.5 0.0025660
 605.0 0.0024960
 607.5 0.0024910
 610.0 0.0024750
 612.5 0.0024210
 615.0 0.0023530
 617.5 0.0023640
 620.0 0.0023790
 622.5 0.0023640
 625.0 0.0023440
 627.5 0.0023100
 630.0 0.0022780
 632.5 0.0023040
 635.0 0.0022370
 637.5 0.0022490
 640.0 0.0022330
 642.5 0.0022330
 645.0 0.0022240
 647.5 0.0022020
 650.0 0.0021500
 652.5 0.0020970
 655.0 0.0017950
 657.5 0.0018260
 660.0 0.0020930
 662.5 0.0021070
 665.0 0.0020990
 667.5 0.0020720
 670.0 0.0020380
 672.5 0.0020270
 675.0 0.0019720
 677.5 0.0019640
 680.0 0.0019840
 682.5 0.0019700
 685.0 0.0019640
 687.5 0.0018330
 690.0 0.0019750
 692.5 0.0018970
 695.0 0.0018720
 697.5 0.0018760
 700.0 0.0018520
 702.5 0.0018080
 705.0 0.0017950
 707.5 0.0017820
 710.0 0.0017540
 712.5 0.0017250
 715.0 0.0017300
 717.5 0.0016950
 720.0 0.0016750
 722.5 0.0017460
 725.0 0.0017230
 727.5 0.0017080
 730.0 0.0017060
 732.5 0.0017120
 735.0 0.0016130

