# nm  Flux(W/m2/m) for star HR 4910 from file: table5.dat
 320.0 0.0000140
 322.5 0.0000160
 325.0 0.0000200
 327.5 0.0000260
 330.0 0.0000310
 332.5 0.0000350
 335.0 0.0000370
 337.5 0.0000390
 340.0 0.0000410
 342.5 0.0000440
 345.0 0.0000480
 347.5 0.0000530
 350.0 0.0000580
 352.5 0.0000630
 355.0 0.0000660
 357.5 0.0000660
 360.0 0.0000690
 362.5 0.0000790
 365.0 0.0000920
 367.5 0.0001010
 370.0 0.0001020
 372.5 0.0000980
 375.0 0.0000970
 377.5 0.0001000
 380.0 0.0001020
 382.5 0.0001020
 385.0 0.0001030
 387.5 0.0001040
 390.0 0.0001040
 392.5 0.0001030
 395.0 0.0001110
 397.5 0.0001360
 400.0 0.0001760
 402.5 0.0002170
 405.0 0.0002510
 407.5 0.0002780
 410.0 0.0002980
 412.5 0.0003140
 415.0 0.0003250
 417.5 0.0003310
 420.0 0.0003320
 422.5 0.0003330
 425.0 0.0003430
 427.5 0.0003650
 430.0 0.0004060
 432.5 0.0004600
 435.0 0.0005130
 437.5 0.0005530
 440.0 0.0005800
 442.5 0.0006080
 445.0 0.0006470
 447.5 0.0006910
 450.0 0.0007300
 452.5 0.0007610
 455.0 0.0007880
 457.5 0.0008170
 460.0 0.0008390
 462.5 0.0008520
 465.0 0.0008570
 467.5 0.0008750
 470.0 0.0009060
 472.5 0.0009290
 475.0 0.0009240
 477.5 0.0008950
 480.0 0.0008690
 482.5 0.0008630
 485.0 0.0008900
 487.5 0.0009560
 490.0 0.0010480
 492.5 0.0011140
 495.0 0.0011040
 497.5 0.0010280
 500.0 0.0009630
 502.5 0.0009590
 505.0 0.0010200
 507.5 0.0011020
 510.0 0.0012620
 512.5 0.0012370
 515.0 0.0011810
 517.5 0.0011460
 520.0 0.0011390
 522.5 0.0012170
 525.0 0.0013560
 527.5 0.0014740
 530.0 0.0015720
 532.5 0.0016600
 535.0 0.0017080
 537.5 0.0017720
 540.0 0.0017460
 542.5 0.0016760
 545.0 0.0016100
 547.5 0.0015360
 550.0 0.0015530
 552.5 0.0015890
 555.0 0.0016130
 557.5 0.0015910
 560.0 0.0015350
 562.5 0.0014980
 565.0 0.0015010
 567.5 0.0015700
 570.0 0.0016610
 572.5 0.0017200
 575.0 0.0017820
 577.5 0.0018180
 580.0 0.0018110
 582.5 0.0017550
 585.0 0.0016170
 587.5 0.0014590
 590.0 0.0013530
 592.5 0.0013390
 595.0 0.0014030
 597.5 0.0015150
 600.0 0.0016490
 602.5 0.0018080
 605.0 0.0019530
 607.5 0.0020780
 610.0 0.0021090
 612.5 0.0020360
 615.0 0.0018550
 617.5 0.0015890
 620.0 0.0013540
 622.5 0.0012840
 625.0 0.0013440
 627.5 0.0015010
 630.0 0.0016830
 632.5 0.0018740
 635.0 0.0020550
 637.5 0.0021880
 640.0 0.0023210
 642.5 0.0024250
 645.0 0.0024590
 647.5 0.0024980
 650.0 0.0024550
 652.5 0.0024570
 655.0 0.0024520
 657.5 0.0024050
 660.0 0.0023400
 662.5 0.0022550
 665.0 0.0021280
 667.5 0.0020010
 670.0 0.0019040
 672.5 0.0018670
 675.0 0.0018780
 677.5 0.0019370
 680.0 0.0020490
 682.5 0.0021560
 685.0 0.0023040
 687.5 0.0024520
 690.0 0.0026230
 692.5 0.0028160
 695.0 0.0029680
 697.5 0.0031220
 700.0 0.0031860
 702.5 0.0030650
 705.0 0.0028290
 707.5 0.0024820
 710.0 0.0021580
 712.5 0.0019660
 715.0 0.0019120
 717.5 0.0019810
 720.0 0.0021440
 722.5 0.0023770
 725.0 0.0026250
 727.5 0.0028870
 730.0 0.0031300
 732.5 0.0033420
 735.0 0.0035190
 737.5 0.0036640
 740.0 0.0039410
 742.5 0.0040070
 745.0 0.0040360
 747.5 0.0041420
 750.0 0.0042070
 752.5 0.0042190
 755.0 0.0041190
 757.5 0.0040550
 760.0 0.0039450
 762.5 0.0037530
 765.0 0.0036580
 767.5 0.0035120
 770.0 0.0034010
 772.5 0.0033200
 775.0 0.0034070
 777.5 0.0034510
 780.0 0.0035220
 782.5 0.0035650
 785.0 0.0036140
 787.5 0.0036310
 790.0 0.0036680
 792.5 0.0037290
 795.0 0.0037880
 797.5 0.0039010
 800.0 0.0039880
 802.5 0.0040360
 805.0 0.0040850
 807.5 0.0041420
 810.0 0.0040740
 812.5 0.0040810
 815.0 0.0041300
 817.5 0.0041270
 820.0 0.0041420
 822.5 0.0042150
 825.0 0.0042110
 827.5 0.0042070
 830.0 0.0042070
 832.5 0.0041110
 835.0 0.0040810
 837.5 0.0040440
 840.0 0.0039960
 842.5 0.0039480
 845.0 0.0039190
 847.5 0.0038370
 850.0 0.0038050
 852.5 0.0037950
 855.0 0.0038940
 857.5 0.0040220
 860.0 0.0040740
 862.5 0.0041380
 865.0 0.0041500
 867.5 0.0041300
 870.0 0.0043210
 872.5 0.0044140
 875.0 0.0043810
 877.5 0.0044060
 880.0 0.0044140
 882.5 0.0043970
 885.0 0.0043730
 887.5 0.0043410
 890.0 0.0041650
 892.5 0.0040550
 895.0 0.0040400
 897.5 0.0040290
 900.0 0.0040930
 902.5 0.0041340
 905.0 0.0041650
 907.5 0.0041730
 910.0 0.0041460
 912.5 0.0041000
 915.0 0.0040660
 917.5 0.0040480
 920.0 0.0040250
 922.5 0.0040590
 925.0 0.0040360
 927.5 0.0039960
 930.0 0.0039160
 932.5 0.0039120
 935.0 0.0039520
 937.5 0.0039340
 940.0 0.0039550
 942.5 0.0039260
 945.0 0.0039010
 947.5 0.0040030
 950.0 0.0041000
 952.5 0.0040960
 955.0 0.0040890
 957.5 0.0040700
 960.0 0.0040630
 962.5 0.0040590
 965.0 0.0040330
 967.5 0.0040030
 970.0 0.0040030
 972.5 0.0039920
 975.0 0.0040290
 977.5 0.0041080
 980.0 0.0041380
 982.5 0.0041690
 985.0 0.0042070
 987.5 0.0041840
 990.0 0.0041610
 992.5 0.0041530
 995.0 0.0042070
 997.5 0.0042420
1000.0 0.0042190
1002.5 0.0042070
1005.0 0.0042540
1007.5 0.0043210
1010.0 0.0042850
1012.5 0.0042740
1015.0 0.0042820
1017.5 0.0042540
1020.0 0.0042500
1022.5 0.0042540
1025.0 0.0042270
1027.5 0.0042500
1030.0 0.0042420
1032.5 0.0042270
1035.0 0.0042190
1037.5 0.0042420
1040.0 0.0042340
1042.5 0.0042420
1045.0 0.0042700
1047.5 0.0042230
1050.0 0.0042190
1052.5 0.0042230
1055.0 0.0041960
1057.5 0.0041840
1060.0 0.0042110
1062.5 0.0041800
1065.0 0.0042230
1067.5 0.0042420
1070.0 0.0042380
1072.5 0.0042150
1075.0 0.0041530
1077.5 0.0041300
1080.0 0.0040780

# nm  Flux(W/m2/m) for star HR 4910 from file: table6.dat
 320.0 0.0000130
 322.5 0.0000120
 325.0 0.0000190
 327.5 0.0000260
 330.0 0.0000330
 332.5 0.0000380
 335.0 0.0000380
 337.5 0.0000370
 340.0 0.0000400
 342.5 0.0000450
 345.0 0.0000470
 347.5 0.0000520
 350.0 0.0000570
 352.5 0.0000650
 355.0 0.0000730
 357.5 0.0000640
 360.0 0.0000600
 362.5 0.0000740
 365.0 0.0000950
 367.5 0.0001120
 370.0 0.0001100
 372.5 0.0000910
 375.0 0.0000860
 377.5 0.0001070
 380.0 0.0001090
 382.5 0.0000990
 385.0 0.0000980
 387.5 0.0001060
 390.0 0.0001140
 392.5 0.0000990
 395.0 0.0000900
 397.5 0.0001180
 400.0 0.0001830
 402.5 0.0002280
 405.0 0.0002510
 407.5 0.0002800
 410.0 0.0003070
 412.5 0.0003160
 415.0 0.0003230
 417.5 0.0003390
 420.0 0.0003390
 422.5 0.0003150
 425.0 0.0003360
 427.5 0.0003640
 430.0 0.0003780
 432.5 0.0004550
 435.0 0.0005450
 437.5 0.0005680
 440.0 0.0005660
 442.5 0.0005980
 445.0 0.0006420
 447.5 0.0006910
 450.0 0.0007520
 452.5 0.0007590
 455.0 0.0007770
 457.5 0.0008260
 460.0 0.0008450
 462.5 0.0008730
 465.0 0.0008430
 467.5 0.0008460
 470.0 0.0009040
 472.5 0.0009700
 475.0 0.0009640
 477.5 0.0008640
 480.0 0.0008510
 482.5 0.0008600
 485.0 0.0008590
 487.5 0.0009040
 490.0 0.0010500
 492.5 0.0012100
 495.0 0.0011980
 497.5 0.0009930
 500.0 0.0008840
 502.5 0.0009040
 505.0 0.0010200
 507.5 0.0011190
 510.0 0.0011820
 512.5 0.0012490
 515.0 0.0012190
 517.5 0.0009980
 520.0 0.0009380
 522.5 0.0010900
 525.0 0.0012090
 527.5 0.0013150
 530.0 0.0014740
 532.5 0.0015400
 535.0 0.0015940
 537.5 0.0016530
 540.0 0.0016780
 542.5 0.0017160
 545.0 0.0015820
 547.5 0.0013820
 550.0 0.0013720
 552.5 0.0014630
 555.0 0.0015700
 557.5 0.0015830
 560.0 0.0014820
 562.5 0.0013660
 565.0 0.0013630
 567.5 0.0014470
 570.0 0.0015520
 572.5 0.0016340
 575.0 0.0017000
 577.5 0.0017200
 580.0 0.0017800
 582.5 0.0017800
 585.0 0.0016570
 587.5 0.0014340
 590.0 0.0012390
 592.5 0.0011960
 595.0 0.0012720
 597.5 0.0013740
 600.0 0.0015070
 602.5 0.0016530
 605.0 0.0018370
 607.5 0.0019610
 610.0 0.0020360
 612.5 0.0021220
 615.0 0.0020210
 617.5 0.0016110
 620.0 0.0012940
 622.5 0.0011510
 625.0 0.0011600
 627.5 0.0013210
 630.0 0.0015320
 632.5 0.0017650
 635.0 0.0019390
 637.5 0.0020700
 640.0 0.0022160
 642.5 0.0022990
 645.0 0.0024230
 647.5 0.0024520
 650.0 0.0023210
 652.5 0.0023880
 655.0 0.0024140
 657.5 0.0023380
 660.0 0.0023250
 662.5 0.0022780
 665.0 0.0021340
 667.5 0.0019790
 670.0 0.0018550
 672.5 0.0017520
 675.0 0.0017550
 677.5 0.0018470
 680.0 0.0019270
 682.5 0.0020800
 685.0 0.0021960
 687.5 0.0022700
 690.0 0.0024710
 692.5 0.0026570
 695.0 0.0028390
 697.5 0.0030260
 700.0 0.0030990
 702.5 0.0031420
 705.0 0.0029730
 707.5 0.0024840
 710.0 0.0020840
 712.5 0.0018640
 715.0 0.0017620
 717.5 0.0018400
 720.0 0.0019520
 722.5 0.0021480
 725.0 0.0024550
 727.5 0.0027140
 730.0 0.0029350
 732.5 0.0032000
 735.0 0.0033480

