# nm  Flux(W/m2/m) for star HR 4932 from file: table5.dat
 320.0 0.0003440
 322.5 0.0003720
 325.0 0.0004150
 327.5 0.0004610
 330.0 0.0004910
 332.5 0.0004960
 335.0 0.0004910
 337.5 0.0004940
 340.0 0.0005100
 342.5 0.0005260
 345.0 0.0005390
 347.5 0.0005530
 350.0 0.0005640
 352.5 0.0005620
 355.0 0.0005490
 357.5 0.0005470
 360.0 0.0005890
 362.5 0.0006750
 365.0 0.0007760
 367.5 0.0008430
 370.0 0.0008560
 372.5 0.0008300
 375.0 0.0007910
 377.5 0.0007420
 380.0 0.0006710
 382.5 0.0006010
 385.0 0.0005860
 387.5 0.0006330
 390.0 0.0007000
 392.5 0.0007530
 395.0 0.0008380
 397.5 0.0009930
 400.0 0.0011890
 402.5 0.0013440
 405.0 0.0014240
 407.5 0.0014490
 410.0 0.0014510
 412.5 0.0014310
 415.0 0.0014060
 417.5 0.0014050
 420.0 0.0014510
 422.5 0.0015190
 425.0 0.0015670
 427.5 0.0015880
 430.0 0.0016130
 432.5 0.0016830
 435.0 0.0017770
 437.5 0.0018570
 440.0 0.0019180
 442.5 0.0019820
 445.0 0.0020630
 447.5 0.0021420
 450.0 0.0022040
 452.5 0.0022350
 455.0 0.0022570
 457.5 0.0022850
 460.0 0.0023180
 462.5 0.0023380
 465.0 0.0023380
 467.5 0.0023360
 470.0 0.0023550
 472.5 0.0023990
 475.0 0.0024520
 477.5 0.0025000
 480.0 0.0025210
 482.5 0.0025050
 485.0 0.0024660
 487.5 0.0024430
 490.0 0.0024520
 492.5 0.0024820
 495.0 0.0024980
 497.5 0.0024840
 500.0 0.0024620
 502.5 0.0024570
 505.0 0.0024800
 507.5 0.0025030
 510.0 0.0025230
 512.5 0.0024710
 515.0 0.0024210
 517.5 0.0024030
 520.0 0.0024120
 522.5 0.0024410
 525.0 0.0024730
 527.5 0.0025140
 530.0 0.0025630
 532.5 0.0026210
 535.0 0.0026380
 537.5 0.0026350
 540.0 0.0026300
 542.5 0.0026160
 545.0 0.0026230
 547.5 0.0026350
 550.0 0.0026500
 552.5 0.0026520
 555.0 0.0026520
 557.5 0.0026450
 560.0 0.0026300
 562.5 0.0026160
 565.0 0.0026060
 567.5 0.0026110
 570.0 0.0026210
 572.5 0.0026350
 575.0 0.0026470
 577.5 0.0026590
 580.0 0.0026640
 582.5 0.0026720
 585.0 0.0026670
 587.5 0.0026590
 590.0 0.0026500
 592.5 0.0026620
 595.0 0.0026740
 597.5 0.0026570
 600.0 0.0026520
 602.5 0.0026590
 605.0 0.0026550
 607.5 0.0026520
 610.0 0.0026160
 612.5 0.0025780
 615.0 0.0025590
 617.5 0.0025370
 620.0 0.0025230
 622.5 0.0025190
 625.0 0.0025000
 627.5 0.0024930
 630.0 0.0024910
 632.5 0.0025000
 635.0 0.0025070
 637.5 0.0025070
 640.0 0.0025050
 642.5 0.0025050
 645.0 0.0025070
 647.5 0.0024960
 650.0 0.0024590
 652.5 0.0024390
 655.0 0.0024390
 657.5 0.0024390
 660.0 0.0024500
 662.5 0.0024680
 665.0 0.0024820
 667.5 0.0024710
 670.0 0.0024640
 672.5 0.0024480
 675.0 0.0024410
 677.5 0.0024300
 680.0 0.0024140
 682.5 0.0023920
 685.0 0.0023700
 687.5 0.0023550
 690.0 0.0023440
 692.5 0.0023290
 695.0 0.0022990
 697.5 0.0022660
 700.0 0.0022350
 702.5 0.0022120
 705.0 0.0022040
 707.5 0.0021940
 710.0 0.0021780
 712.5 0.0021560
 715.0 0.0021240
 717.5 0.0020890
 720.0 0.0020610
 722.5 0.0020470
 725.0 0.0020420
 727.5 0.0020270
 730.0 0.0020170
 732.5 0.0020160
 735.0 0.0020080
 737.5 0.0019970
 740.0 0.0020320
 742.5 0.0020190
 745.0 0.0020060
 747.5 0.0020290
 750.0 0.0020340
 752.5 0.0020320
 755.0 0.0020160
 757.5 0.0020160
 760.0 0.0020290
 762.5 0.0020250
 765.0 0.0020300
 767.5 0.0020190
 770.0 0.0020210
 772.5 0.0020100
 775.0 0.0020100
 777.5 0.0020170
 780.0 0.0020120
 782.5 0.0020100
 785.0 0.0019950
 787.5 0.0019570
 790.0 0.0019000
 792.5 0.0018760
 795.0 0.0018660
 797.5 0.0018540
 800.0 0.0018760
 802.5 0.0018640
 805.0 0.0018420
 807.5 0.0018300
 810.0 0.0017910
 812.5 0.0017780
 815.0 0.0017620
 817.5 0.0017590
 820.0 0.0017510
 822.5 0.0017670
 825.0 0.0017910
 827.5 0.0018050
 830.0 0.0017700
 832.5 0.0017540
 835.0 0.0017730
 837.5 0.0017510
 840.0 0.0017540
 842.5 0.0017550
 845.0 0.0017730
 847.5 0.0017310
 850.0 0.0016970
 852.5 0.0016690
 855.0 0.0016860
 857.5 0.0017110
 860.0 0.0017220
 862.5 0.0017360
 865.0 0.0016920
 867.5 0.0016700
 870.0 0.0016980
 872.5 0.0017280
 875.0 0.0017220
 877.5 0.0017000
 880.0 0.0016920
 882.5 0.0016890
 885.0 0.0017000
 887.5 0.0016860
 890.0 0.0016410
 892.5 0.0016040
 895.0 0.0015820
 897.5 0.0015620
 900.0 0.0015570
 902.5 0.0015530
 905.0 0.0015420
 907.5 0.0015160
 910.0 0.0015010
 912.5 0.0014740
 915.0 0.0014510
 917.5 0.0014280
 920.0 0.0014090
 922.5 0.0014160
 925.0 0.0014280
 927.5 0.0014480
 930.0 0.0014710
 932.5 0.0014370
 935.0 0.0014180
 937.5 0.0013960
 940.0 0.0013680
 942.5 0.0013590
 945.0 0.0013580
 947.5 0.0013690
 950.0 0.0013660
 952.5 0.0013820
 955.0 0.0013820
 957.5 0.0013660
 960.0 0.0013460
 962.5 0.0013450
 965.0 0.0013400
 967.5 0.0013320
 970.0 0.0013420
 972.5 0.0013420
 975.0 0.0013460
 977.5 0.0013420
 980.0 0.0013530
 982.5 0.0013590
 985.0 0.0013550
 987.5 0.0013580
 990.0 0.0013600
 992.5 0.0013530
 995.0 0.0013650
 997.5 0.0013690
1000.0 0.0013780
1002.5 0.0013580
1005.0 0.0013610
1007.5 0.0013800
1010.0 0.0013690
1012.5 0.0013660
1015.0 0.0013600
1017.5 0.0013640
1020.0 0.0013450
1022.5 0.0013370
1025.0 0.0013370
1027.5 0.0013240
1030.0 0.0013330
1032.5 0.0013060
1035.0 0.0013190
1037.5 0.0013120
1040.0 0.0013150
1042.5 0.0013100
1045.0 0.0013040
1047.5 0.0012860
1050.0 0.0012850
1052.5 0.0012940
1055.0 0.0012820
1057.5 0.0012690
1060.0 0.0012730
1062.5 0.0012640
1065.0 0.0012710
1067.5 0.0012750
1070.0 0.0012580
1072.5 0.0012610
1075.0 0.0012570
1077.5 0.0012270
1080.0 0.0012020

# nm  Flux(W/m2/m) for star HR 4932 from file: table6.dat
 320.0 0.0003017
 322.5 0.0003192
 325.0 0.0003551
 327.5 0.0003937
 330.0 0.0005200
 332.5 0.0005110
 335.0 0.0004700
 337.5 0.0004730
 340.0 0.0005200
 342.5 0.0005380
 345.0 0.0005320
 347.5 0.0005420
 350.0 0.0005770
 352.5 0.0005920
 355.0 0.0005490
 357.5 0.0004910
 360.0 0.0005480
 362.5 0.0006660
 365.0 0.0007970
 367.5 0.0008970
 370.0 0.0009100
 372.5 0.0008070
 375.0 0.0007680
 377.5 0.0007970
 380.0 0.0007030
 382.5 0.0005400
 385.0 0.0004820
 387.5 0.0006220
 390.0 0.0007990
 392.5 0.0007320
 395.0 0.0007160
 397.5 0.0009260
 400.0 0.0012740
 402.5 0.0014390
 405.0 0.0014300
 407.5 0.0014440
 410.0 0.0014830
 412.5 0.0014520
 415.0 0.0013800
 417.5 0.0013540
 420.0 0.0014150
 422.5 0.0015420
 425.0 0.0016350
 427.5 0.0015980
 430.0 0.0015120
 432.5 0.0016550
 435.0 0.0018430
 437.5 0.0018740
 440.0 0.0018880
 442.5 0.0019810
 445.0 0.0020510
 447.5 0.0021540
 450.0 0.0022490
 452.5 0.0022410
 455.0 0.0022370
 457.5 0.0022700
 460.0 0.0023290
 462.5 0.0023790
 465.0 0.0023360
 467.5 0.0023060
 470.0 0.0023310
 472.5 0.0023990
 475.0 0.0024590
 477.5 0.0025100
 480.0 0.0025560
 482.5 0.0025490
 485.0 0.0024410
 487.5 0.0023880
 490.0 0.0024500
 492.5 0.0024870
 495.0 0.0025350
 497.5 0.0025120
 500.0 0.0024280
 502.5 0.0024120
 505.0 0.0024910
 507.5 0.0025280
 510.0 0.0025330
 512.5 0.0024800
 515.0 0.0023970
 517.5 0.0023530
 520.0 0.0023970
 522.5 0.0024390
 525.0 0.0024320
 527.5 0.0024570
 530.0 0.0025560
 532.5 0.0026110
 535.0 0.0026570
 537.5 0.0026470
 540.0 0.0025780
 542.5 0.0025870
 545.0 0.0026280
 547.5 0.0026130
 550.0 0.0026210
 552.5 0.0026470
 555.0 0.0026640
 557.5 0.0026380
 560.0 0.0026160
 562.5 0.0026090
 565.0 0.0025920
 567.5 0.0025940
 570.0 0.0025890
 572.5 0.0026330
 575.0 0.0026590
 577.5 0.0026420
 580.0 0.0026350
 582.5 0.0026770
 585.0 0.0026960
 587.5 0.0026500
 590.0 0.0026160
 592.5 0.0026720
 595.0 0.0026940
 597.5 0.0026670
 600.0 0.0026230
 602.5 0.0026350
 605.0 0.0026790
 607.5 0.0026690
 610.0 0.0026230
 612.5 0.0025850
 615.0 0.0025370
 617.5 0.0025300
 620.0 0.0025400
 622.5 0.0025050
 625.0 0.0024730
 627.5 0.0024890
 630.0 0.0024910
 632.5 0.0024960
 635.0 0.0025030
 637.5 0.0025100
 640.0 0.0025050
 642.5 0.0024980
 645.0 0.0025050
 647.5 0.0025000
 650.0 0.0024370
 652.5 0.0024410
 655.0 0.0024570
 657.5 0.0024300
 660.0 0.0024550
 662.5 0.0024910
 665.0 0.0025070
 667.5 0.0024960
 670.0 0.0024770
 672.5 0.0024480
 675.0 0.0024340
 677.5 0.0024390
 680.0 0.0024170
 682.5 0.0024030
 685.0 0.0023640
 687.5 0.0023290
 690.0 0.0023700
 692.5 0.0023440
 695.0 0.0023040
 697.5 0.0022680
 700.0 0.0022260
 702.5 0.0021980
 705.0 0.0022120
 707.5 0.0021920
 710.0 0.0021720
 712.5 0.0021520
 715.0 0.0021300
 717.5 0.0020610
 720.0 0.0020100
 722.5 0.0020400
 725.0 0.0020510
 727.5 0.0020140
 730.0 0.0019920
 732.5 0.0020160
 735.0 0.0019970

