# nm  Flux(W/m2/m) for star HR 5020 from file: table5.dat
 320.0 0.0003860
 322.5 0.0003880
 325.0 0.0004100
 327.5 0.0004470
 330.0 0.0004720
 332.5 0.0004740
 335.0 0.0004620
 337.5 0.0004610
 340.0 0.0004780
 342.5 0.0004990
 345.0 0.0005150
 347.5 0.0005310
 350.0 0.0005480
 352.5 0.0005510
 355.0 0.0005360
 357.5 0.0005280
 360.0 0.0005660
 362.5 0.0006490
 365.0 0.0007410
 367.5 0.0007910
 370.0 0.0007870
 372.5 0.0007520
 375.0 0.0007180
 377.5 0.0006840
 380.0 0.0006220
 382.5 0.0005490
 385.0 0.0005290
 387.5 0.0005740
 390.0 0.0006420
 392.5 0.0006850
 395.0 0.0007660
 397.5 0.0009280
 400.0 0.0011340
 402.5 0.0012840
 405.0 0.0013490
 407.5 0.0013600
 410.0 0.0013530
 412.5 0.0013280
 415.0 0.0013090
 417.5 0.0013190
 420.0 0.0013700
 422.5 0.0014240
 425.0 0.0014440
 427.5 0.0014430
 430.0 0.0014710
 432.5 0.0015450
 435.0 0.0016200
 437.5 0.0016690
 440.0 0.0017010
 442.5 0.0017570
 445.0 0.0018310
 447.5 0.0019020
 450.0 0.0019460
 452.5 0.0019640
 455.0 0.0019810
 457.5 0.0020160
 460.0 0.0020570
 462.5 0.0020820
 465.0 0.0020780
 467.5 0.0020760
 470.0 0.0020950
 472.5 0.0021380
 475.0 0.0021880
 477.5 0.0022260
 480.0 0.0022350
 482.5 0.0022060
 485.0 0.0021660
 487.5 0.0021480
 490.0 0.0021640
 492.5 0.0021920
 495.0 0.0022040
 497.5 0.0021880
 500.0 0.0021720
 502.5 0.0021680
 505.0 0.0021820
 507.5 0.0021980
 510.0 0.0022570
 512.5 0.0022220
 515.0 0.0021860
 517.5 0.0021760
 520.0 0.0021880
 522.5 0.0022140
 525.0 0.0022470
 527.5 0.0022620
 530.0 0.0022910
 532.5 0.0023210
 535.0 0.0023330
 537.5 0.0023310
 540.0 0.0023250
 542.5 0.0023290
 545.0 0.0023290
 547.5 0.0023440
 550.0 0.0023550
 552.5 0.0023490
 555.0 0.0023400
 557.5 0.0023290
 560.0 0.0023140
 562.5 0.0023100
 565.0 0.0022950
 567.5 0.0022850
 570.0 0.0023010
 572.5 0.0023140
 575.0 0.0023270
 577.5 0.0023310
 580.0 0.0023290
 582.5 0.0023360
 585.0 0.0023400
 587.5 0.0023250
 590.0 0.0023160
 592.5 0.0023330
 595.0 0.0023380
 597.5 0.0023360
 600.0 0.0023360
 602.5 0.0023330
 605.0 0.0023330
 607.5 0.0023250
 610.0 0.0022890
 612.5 0.0022680
 615.0 0.0022550
 617.5 0.0022370
 620.0 0.0022280
 622.5 0.0022300
 625.0 0.0021960
 627.5 0.0021760
 630.0 0.0021880
 632.5 0.0021960
 635.0 0.0022040
 637.5 0.0022120
 640.0 0.0022200
 642.5 0.0022220
 645.0 0.0022100
 647.5 0.0021960
 650.0 0.0021260
 652.5 0.0020930
 655.0 0.0020850
 657.5 0.0020910
 660.0 0.0021140
 662.5 0.0021380
 665.0 0.0021440
 667.5 0.0021460
 670.0 0.0021340
 672.5 0.0021220
 675.0 0.0021110
 677.5 0.0020930
 680.0 0.0020820
 682.5 0.0020780
 685.0 0.0020610
 687.5 0.0020440
 690.0 0.0020380
 692.5 0.0020270
 695.0 0.0020100
 697.5 0.0019820
 700.0 0.0019660
 702.5 0.0019520
 705.0 0.0019360
 707.5 0.0019270
 710.0 0.0019120
 712.5 0.0018980
 715.0 0.0018710
 717.5 0.0018450
 720.0 0.0018300
 722.5 0.0018350
 725.0 0.0018200
 727.5 0.0018100
 730.0 0.0017980
 732.5 0.0017950
 735.0 0.0017830
 737.5 0.0017730
 740.0 0.0017800
 742.5 0.0017960
 745.0 0.0017860
 747.5 0.0017850
 750.0 0.0017950
 752.5 0.0017670
 755.0 0.0017440
 757.5 0.0017470
 760.0 0.0017720
 762.5 0.0017800
 765.0 0.0017830
 767.5 0.0018110
 770.0 0.0017880
 772.5 0.0018250
 775.0 0.0017850
 777.5 0.0017670
 780.0 0.0017700
 782.5 0.0017640
 785.0 0.0017250
 787.5 0.0016980
 790.0 0.0016690
 792.5 0.0016550
 795.0 0.0016460
 797.5 0.0016440
 800.0 0.0016520
 802.5 0.0016340
 805.0 0.0016280
 807.5 0.0016050
 810.0 0.0015830
 812.5 0.0015760
 815.0 0.0015790
 817.5 0.0015760
 820.0 0.0015550
 822.5 0.0015590
 825.0 0.0015720
 827.5 0.0015750
 830.0 0.0015630
 832.5 0.0015530
 835.0 0.0015530
 837.5 0.0015600
 840.0 0.0015460
 842.5 0.0015420
 845.0 0.0015490
 847.5 0.0015110
 850.0 0.0014760
 852.5 0.0014700
 855.0 0.0014750
 857.5 0.0014900
 860.0 0.0015120
 862.5 0.0015180
 865.0 0.0014870
 867.5 0.0014680
 870.0 0.0014970
 872.5 0.0015110
 875.0 0.0014970
 877.5 0.0014720
 880.0 0.0014760
 882.5 0.0014720
 885.0 0.0014760
 887.5 0.0014530
 890.0 0.0014470
 892.5 0.0014230
 895.0 0.0014050
 897.5 0.0014030
 900.0 0.0013870
 902.5 0.0013660
 905.0 0.0013550
 907.5 0.0013610
 910.0 0.0013350
 912.5 0.0013070
 915.0 0.0012840
 917.5 0.0012620
 920.0 0.0012410
 922.5 0.0012360
 925.0 0.0012460
 927.5 0.0012510
 930.0 0.0012610
 932.5 0.0012580
 935.0 0.0012580
 937.5 0.0012460
 940.0 0.0012350
 942.5 0.0012160
 945.0 0.0012210
 947.5 0.0012250
 950.0 0.0012330
 952.5 0.0012330
 955.0 0.0012370
 957.5 0.0012410
 960.0 0.0012160
 962.5 0.0012130
 965.0 0.0011980
 967.5 0.0011980
 970.0 0.0011920
 972.5 0.0011870
 975.0 0.0011760
 977.5 0.0011890
 980.0 0.0012040
 982.5 0.0012100
 985.0 0.0012110
 987.5 0.0012110
 990.0 0.0012020
 992.5 0.0012000
 995.0 0.0012080
 997.5 0.0012040
1000.0 0.0011910
1002.5 0.0011970
1005.0 0.0012120
1007.5 0.0012090
1010.0 0.0012100
1012.5 0.0012090
1015.0 0.0012020
1017.5 0.0011890
1020.0 0.0011790
1022.5 0.0011800
1025.0 0.0011800
1027.5 0.0011620
1030.0 0.0011680
1032.5 0.0011560
1035.0 0.0011570
1037.5 0.0011510
1040.0 0.0011590
1042.5 0.0011560
1045.0 0.0011460
1047.5 0.0011390
1050.0 0.0011330
1052.5 0.0011290
1055.0 0.0011240
1057.5 0.0011160
1060.0 0.0011090
1062.5 0.0011220
1065.0 0.0011110
1067.5 0.0011050
1070.0 0.0010890
1072.5 0.0010860
1075.0 0.0010860
1077.5 0.0010640
1080.0 0.0010450

# nm  Flux(W/m2/m) for star HR 5020 from file: table6.dat
 320.0 0.0022470
 322.5 0.0023790
 325.0 0.0023530
 327.5 0.0024010
 330.0 0.0005040
 332.5 0.0004860
 335.0 0.0004490
 337.5 0.0004270
 340.0 0.0004810
 342.5 0.0005240
 345.0 0.0005070
 347.5 0.0005180
 350.0 0.0005460
 352.5 0.0005950
 355.0 0.0005590
 357.5 0.0004460
 360.0 0.0005200
 362.5 0.0006580
 365.0 0.0007650
 367.5 0.0008470
 370.0 0.0008390
 372.5 0.0007180
 375.0 0.0006700
 377.5 0.0007500
 380.0 0.0006760
 382.5 0.0004920
 385.0 0.0004130
 387.5 0.0005380
 390.0 0.0007820
 392.5 0.0006710
 395.0 0.0005980
 397.5 0.0008570
 400.0 0.0012650
 402.5 0.0013830
 405.0 0.0013340
 407.5 0.0013490
 410.0 0.0014050
 412.5 0.0013270
 415.0 0.0012690
 417.5 0.0012760
 420.0 0.0013560
 422.5 0.0014660
 425.0 0.0015150
 427.5 0.0014060
 430.0 0.0013510
 432.5 0.0015690
 435.0 0.0017170
 437.5 0.0016470
 440.0 0.0016500
 442.5 0.0017640
 445.0 0.0018230
 447.5 0.0019180
 450.0 0.0019950
 452.5 0.0019570
 455.0 0.0019530
 457.5 0.0019920
 460.0 0.0020780
 462.5 0.0021420
 465.0 0.0020630
 467.5 0.0020320
 470.0 0.0020850
 472.5 0.0021440
 475.0 0.0021900
 477.5 0.0022330
 480.0 0.0022820
 482.5 0.0022470
 485.0 0.0021090
 487.5 0.0020990
 490.0 0.0021840
 492.5 0.0021940
 495.0 0.0022300
 497.5 0.0022260
 500.0 0.0021220
 502.5 0.0021110
 505.0 0.0021920
 507.5 0.0022410
 510.0 0.0022390
 512.5 0.0022200
 515.0 0.0021400
 517.5 0.0020740
 520.0 0.0021580
 522.5 0.0022180
 525.0 0.0022120
 527.5 0.0021920
 530.0 0.0022740
 532.5 0.0023040
 535.0 0.0023420
 537.5 0.0023590
 540.0 0.0022780
 542.5 0.0022970
 545.0 0.0023420
 547.5 0.0023210
 550.0 0.0023310
 552.5 0.0023230
 555.0 0.0023100
 557.5 0.0023210
 560.0 0.0022850
 562.5 0.0022910
 565.0 0.0022700
 567.5 0.0022620
 570.0 0.0022620
 572.5 0.0023040
 575.0 0.0023680
 577.5 0.0023080
 580.0 0.0022870
 582.5 0.0023440
 585.0 0.0023810
 587.5 0.0023100
 590.0 0.0022850
 592.5 0.0023460
 595.0 0.0023640
 597.5 0.0023590
 600.0 0.0023160
 602.5 0.0022620
 605.0 0.0023360
 607.5 0.0023460
 610.0 0.0022680
 612.5 0.0022530
 615.0 0.0022280
 617.5 0.0022140
 620.0 0.0022390
 622.5 0.0022530
 625.0 0.0021960
 627.5 0.0021800
 630.0 0.0021680
 632.5 0.0021940
 635.0 0.0021940
 637.5 0.0022370
 640.0 0.0022220
 642.5 0.0021960
 645.0 0.0022080
 647.5 0.0022350
 650.0 0.0021090
 652.5 0.0021320
 655.0 0.0020800
 657.5 0.0020850
 660.0 0.0021760
 662.5 0.0021920
 665.0 0.0022120
 667.5 0.0021900
 670.0 0.0021560
 672.5 0.0021440
 675.0 0.0021420
 677.5 0.0021010
 680.0 0.0020780
 682.5 0.0020930
 685.0 0.0020840
 687.5 0.0019970
 690.0 0.0021030
 692.5 0.0020840
 695.0 0.0020060
 697.5 0.0019950
 700.0 0.0020040
 702.5 0.0019390
 705.0 0.0019250
 707.5 0.0019270
 710.0 0.0019050
 712.5 0.0018980
 715.0 0.0019070
 717.5 0.0018640
 720.0 0.0017590
 722.5 0.0018230
 725.0 0.0018570
 727.5 0.0018080
 730.0 0.0017670
 732.5 0.0017820
 735.0 0.0017750

