# nm  Flux(W/m2/m) for star HR 509 from file: table5.dat
 320.0 0.0004110
 322.5 0.0004310
 325.0 0.0004720
 327.5 0.0005350
 330.0 0.0005850
 332.5 0.0006040
 335.0 0.0006000
 337.5 0.0006030
 340.0 0.0006180
 342.5 0.0006310
 345.0 0.0006350
 347.5 0.0006450
 350.0 0.0006740
 352.5 0.0006960
 355.0 0.0007010
 357.5 0.0006740
 360.0 0.0006670
 362.5 0.0006960
 365.0 0.0007560
 367.5 0.0007940
 370.0 0.0007740
 372.5 0.0007360
 375.0 0.0007170
 377.5 0.0007200
 380.0 0.0007010
 382.5 0.0006580
 385.0 0.0006390
 387.5 0.0006540
 390.0 0.0006690
 392.5 0.0006640
 395.0 0.0006980
 397.5 0.0008050
 400.0 0.0009540
 402.5 0.0010600
 405.0 0.0011120
 407.5 0.0011330
 410.0 0.0011610
 412.5 0.0011800
 415.0 0.0011880
 417.5 0.0011800
 420.0 0.0011660
 422.5 0.0011410
 425.0 0.0011030
 427.5 0.0010730
 430.0 0.0010740
 432.5 0.0011180
 435.0 0.0011680
 437.5 0.0012090
 440.0 0.0012430
 442.5 0.0012860
 445.0 0.0013340
 447.5 0.0013770
 450.0 0.0014050
 452.5 0.0014180
 455.0 0.0014240
 457.5 0.0014360
 460.0 0.0014480
 462.5 0.0014560
 465.0 0.0014530
 467.5 0.0014520
 470.0 0.0014570
 472.5 0.0014660
 475.0 0.0014740
 477.5 0.0014740
 480.0 0.0014680
 482.5 0.0014490
 485.0 0.0014270
 487.5 0.0014130
 490.0 0.0014180
 492.5 0.0014300
 495.0 0.0014370
 497.5 0.0014300
 500.0 0.0014180
 502.5 0.0014090
 505.0 0.0014070
 507.5 0.0014100
 510.0 0.0014020
 512.5 0.0013750
 515.0 0.0013390
 517.5 0.0013120
 520.0 0.0013260
 522.5 0.0013630
 525.0 0.0013980
 527.5 0.0014200
 530.0 0.0014320
 532.5 0.0014410
 535.0 0.0014440
 537.5 0.0014390
 540.0 0.0014310
 542.5 0.0014270
 545.0 0.0014310
 547.5 0.0014370
 550.0 0.0014440
 552.5 0.0014440
 555.0 0.0014360
 557.5 0.0014280
 560.0 0.0014270
 562.5 0.0014230
 565.0 0.0014180
 567.5 0.0014110
 570.0 0.0014140
 572.5 0.0014190
 575.0 0.0014270
 577.5 0.0014320
 580.0 0.0014300
 582.5 0.0014310
 585.0 0.0014230
 587.5 0.0014130
 590.0 0.0014020
 592.5 0.0014020
 595.0 0.0014020
 597.5 0.0014000
 600.0 0.0013940
 602.5 0.0013920
 605.0 0.0013890
 607.5 0.0013830
 610.0 0.0013720
 612.5 0.0013590
 615.0 0.0013460
 617.5 0.0013390
 620.0 0.0013400
 622.5 0.0013400
 625.0 0.0013350
 627.5 0.0013270
 630.0 0.0013270
 632.5 0.0013320
 635.0 0.0013290
 637.5 0.0013240
 640.0 0.0013170
 642.5 0.0013100
 645.0 0.0013010
 647.5 0.0012870
 650.0 0.0012590
 652.5 0.0012340
 655.0 0.0012230
 657.5 0.0012290
 660.0 0.0012490
 662.5 0.0012710
 665.0 0.0012800
 667.5 0.0012740
 670.0 0.0012640
 672.5 0.0012510
 675.0 0.0012410
 677.5 0.0012330
 680.0 0.0012280
 682.5 0.0012180
 685.0 0.0012160
 687.5 0.0012150
 690.0 0.0012120
 692.5 0.0012030
 695.0 0.0011970
 697.5 0.0011820
 700.0 0.0011710
 702.5 0.0011570
 705.0 0.0011460
 707.5 0.0011410
 710.0 0.0011340
 712.5 0.0011290
 715.0 0.0011200
 717.5 0.0011040
 720.0 0.0010880
 722.5 0.0010810
 725.0 0.0010810
 727.5 0.0010790
 730.0 0.0010740
 732.5 0.0010660
 735.0 0.0010550
 737.5 0.0010480
 740.0 0.0010610
 742.5 0.0010680
 745.0 0.0010670
 747.5 0.0010650
 750.0 0.0010640
 752.5 0.0010630
 755.0 0.0010610
 757.5 0.0010600
 760.0 0.0010590
 762.5 0.0010570
 765.0 0.0010560
 767.5 0.0010550
 770.0 0.0010530
 772.5 0.0010520
 775.0 0.0010290
 777.5 0.0010340
 780.0 0.0010380
 782.5 0.0010340
 785.0 0.0010250
 787.5 0.0010190
 790.0 0.0010010
 792.5 0.0009950
 795.0 0.0010000
 797.5 0.0009810
 800.0 0.0010060
 802.5 0.0009980
 805.0 0.0009940
 807.5 0.0009840
 810.0 0.0009730
 812.5 0.0010000
 815.0 0.0009850
 817.5 0.0009660
 820.0 0.0009580
 822.5 0.0009440
 825.0 0.0009330
 827.5 0.0009490
 830.0 0.0009340
 832.5 0.0009370
 835.0 0.0009370
 837.5 0.0009390
 840.0 0.0009320
 842.5 0.0009460
 845.0 0.0009490
 847.5 0.0009260
 850.0 0.0009180
 852.5 0.0009020
 855.0 0.0009020
 857.5 0.0008950
 860.0 0.0008980
 862.5 0.0009090
 865.0 0.0008870
 867.5 0.0008880
 870.0 0.0009090
 872.5 0.0009070
 875.0 0.0008940
 877.5 0.0008760
 880.0 0.0008690
 882.5 0.0008600
 885.0 0.0008750
 887.5 0.0008560
 890.0 0.0008610
 892.5 0.0008650
 895.0 0.0008370
 897.5 0.0008220
 900.0 0.0008200
 902.5 0.0008110
 905.0 0.0008150
 907.5 0.0008080
 910.0 0.0007960
 912.5 0.0007930
 915.0 0.0007860
 917.5 0.0008030
 920.0 0.0007990
 922.5 0.0007950
 925.0 0.0007910
 927.5 0.0007870
 930.0 0.0007830
 932.5 0.0007790
 935.0 0.0007760
 937.5 0.0007710
 940.0 0.0007630
 942.5 0.0007590
 945.0 0.0007680
 947.5 0.0007380
 950.0 0.0007370
 952.5 0.0007370
 955.0 0.0007340
 957.5 0.0007340
 960.0 0.0007350
 962.5 0.0007200
 965.0 0.0007070
 967.5 0.0007220
 970.0 0.0007260
 972.5 0.0007240
 975.0 0.0007170
 977.5 0.0007140
 980.0 0.0007090
 982.5 0.0007090
 985.0 0.0007030
 987.5 0.0007110
 990.0 0.0007220
 992.5 0.0007110
 995.0 0.0007070
 997.5 0.0006990
1000.0 0.0006960
1002.5 0.0006880
1005.0 0.0006960
1007.5 0.0006890
1010.0 0.0006920
1012.5 0.0006800
1015.0 0.0006850
1017.5 0.0006900
1020.0 0.0006890
1022.5 0.0006960
1025.0 0.0007000
1027.5 0.0006780
1030.0 0.0006740
1032.5 0.0006650
1035.0 0.0006560
1037.5 0.0006620
1040.0 0.0006640
1042.5 0.0006530
1045.0 0.0006520
1047.5 0.0006560
1050.0 0.0006390
1052.5 0.0006390
1055.0 0.0006400
1057.5 0.0006560
1060.0 0.0006530
1062.5 0.0006390
1065.0 0.0006300
1067.5 0.0006660
1070.0 0.0006400
1072.5 0.0006410
1075.0 0.0006370
1077.5 0.0006260
1080.0 0.0006160

# nm  Flux(W/m2/m) for star HR 509 from file: table6.dat
 320.0 0.0004160
 322.5 0.0004350
 325.0 0.0003990
 327.5 0.0005640
 330.0 0.0006360
 332.5 0.0006170
 335.0 0.0005930
 337.5 0.0005610
 340.0 0.0006360
 342.5 0.0006710
 345.0 0.0006010
 347.5 0.0006320
 350.0 0.0006750
 352.5 0.0006900
 355.0 0.0007910
 357.5 0.0006300
 360.0 0.0006220
 362.5 0.0006630
 365.0 0.0007590
 367.5 0.0008810
 370.0 0.0008160
 372.5 0.0006850
 375.0 0.0006280
 377.5 0.0007940
 380.0 0.0007910
 382.5 0.0005780
 385.0 0.0005690
 387.5 0.0006750
 390.0 0.0007500
 392.5 0.0006460
 395.0 0.0005630
 397.5 0.0007400
 400.0 0.0010670
 402.5 0.0011240
 405.0 0.0010920
 407.5 0.0011110
 410.0 0.0011930
 412.5 0.0011770
 415.0 0.0012020
 417.5 0.0011840
 420.0 0.0011720
 422.5 0.0011480
 425.0 0.0011190
 427.5 0.0010600
 430.0 0.0009820
 432.5 0.0011310
 435.0 0.0012260
 437.5 0.0011900
 440.0 0.0012110
 442.5 0.0013070
 445.0 0.0013290
 447.5 0.0013790
 450.0 0.0014340
 452.5 0.0014190
 455.0 0.0014110
 457.5 0.0014350
 460.0 0.0014480
 462.5 0.0014800
 465.0 0.0014470
 467.5 0.0014360
 470.0 0.0014590
 472.5 0.0014670
 475.0 0.0014850
 477.5 0.0014680
 480.0 0.0014760
 482.5 0.0014760
 485.0 0.0014100
 487.5 0.0013770
 490.0 0.0014260
 492.5 0.0014340
 495.0 0.0014520
 497.5 0.0014350
 500.0 0.0014130
 502.5 0.0013960
 505.0 0.0014060
 507.5 0.0014140
 510.0 0.0014220
 512.5 0.0013980
 515.0 0.0013380
 517.5 0.0012360
 520.0 0.0013030
 522.5 0.0014050
 525.0 0.0014230
 527.5 0.0014070
 530.0 0.0014450
 532.5 0.0014430
 535.0 0.0014480
 537.5 0.0014630
 540.0 0.0014200
 542.5 0.0014130
 545.0 0.0014390
 547.5 0.0014270
 550.0 0.0014550
 552.5 0.0014370
 555.0 0.0014440
 557.5 0.0014270
 560.0 0.0014260
 562.5 0.0014220
 565.0 0.0014190
 567.5 0.0014110
 570.0 0.0014050
 572.5 0.0014150
 575.0 0.0014320
 577.5 0.0014530
 580.0 0.0014200
 582.5 0.0014230
 585.0 0.0014510
 587.5 0.0014180
 590.0 0.0013780
 592.5 0.0014110
 595.0 0.0014100
 597.5 0.0014070
 600.0 0.0013880
 602.5 0.0013930
 605.0 0.0013960
 607.5 0.0013910
 610.0 0.0013730
 612.5 0.0013580
 615.0 0.0013490
 617.5 0.0013340
 620.0 0.0013390
 622.5 0.0013500
 625.0 0.0013350
 627.5 0.0013400
 630.0 0.0013220
 632.5 0.0013340
 635.0 0.0013400
 637.5 0.0013370
 640.0 0.0013180
 642.5 0.0012880
 645.0 0.0013100
 647.5 0.0013260
 650.0 0.0012370
 652.5 0.0012250
 655.0 0.0012310
 657.5 0.0012000
 660.0 0.0012510
 662.5 0.0012970
 665.0 0.0013000
 667.5 0.0012800
 670.0 0.0012640
 672.5 0.0012440
 675.0 0.0012430
 677.5 0.0012340
 680.0 0.0012200
 682.5 0.0012160
 685.0 0.0012250
 687.5 0.0011880
 690.0 0.0012380
 692.5 0.0012060
 695.0 0.0012000
 697.5 0.0011820
 700.0 0.0011780
 702.5 0.0011520
 705.0 0.0011400
 707.5 0.0011440
 710.0 0.0011270
 712.5 0.0011290
 715.0 0.0011420
 717.5 0.0010930
 720.0 0.0010630
 722.5 0.0010830
 725.0 0.0010860
 727.5 0.0010720
 730.0 0.0010770
 732.5 0.0010760
 735.0 0.0010440

