# nm  Flux(W/m2/m) for star HR 5231 from file: table6.dat
 320.0 0.0147600
 322.5 0.0143500
 325.0 0.0140100
 327.5 0.0137800
 330.0 0.0134500
 332.5 0.0133400
 335.0 0.0130900
 337.5 0.0129900
 340.0 0.0128800
 342.5 0.0128200
 345.0 0.0124100
 347.5 0.0123100
 350.0 0.0119300
 352.5 0.0117500
 355.0 0.0115300
 357.5 0.0113400
 360.0 0.0109200
 362.5 0.0107300
 365.0 0.0106600
 367.5 0.0105800
 370.0 0.0097900
 372.5 0.0098100
 375.0 0.0099500
 377.5 0.0101000
 380.0 0.0101400
 382.5 0.0098500
 385.0 0.0104100
 387.5 0.0102600
 390.0 0.0101200
 392.5 0.0108000
 395.0 0.0099200
 397.5 0.0092900
 400.0 0.0096100
 402.5 0.0096000
 405.0 0.0098700
 407.5 0.0090400
 410.0 0.0082300
 412.5 0.0086000
 415.0 0.0088500
 417.5 0.0087900
 420.0 0.0086400
 422.5 0.0085100
 425.0 0.0083400
 427.5 0.0081700
 430.0 0.0078500
 432.5 0.0068800
 435.0 0.0068600
 437.5 0.0072800
 440.0 0.0072600
 442.5 0.0071800
 445.0 0.0067400
 447.5 0.0066400
 450.0 0.0067600
 452.5 0.0066700
 455.0 0.0065000
 457.5 0.0063600
 460.0 0.0062000
 462.5 0.0061500
 465.0 0.0060900
 467.5 0.0059600
 470.0 0.0058500
 472.5 0.0058300
 475.0 0.0057800
 477.5 0.0056400
 480.0 0.0055700
 482.5 0.0053100
 485.0 0.0047500
 487.5 0.0049300
 490.0 0.0051200
 492.5 0.0050100
 495.0 0.0050200
 497.5 0.0049300
 500.0 0.0047700
 502.5 0.0047200
 505.0 0.0046600
 507.5 0.0046900
 510.0 0.0045200
 512.5 0.0044100
 515.0 0.0043900
 517.5 0.0043700
 520.0 0.0042900
 522.5 0.0041300
 525.0 0.0040900
 527.5 0.0040300
 530.0 0.0039600
 532.5 0.0039000
 535.0 0.0038900
 537.5 0.0038200
 540.0 0.0037700
 542.5 0.0037200
 545.0 0.0036400
 547.5 0.0035700
 550.0 0.0035500
 552.5 0.0034500
 555.0 0.0033900
 557.5 0.0033900
 560.0 0.0033400
 562.5 0.0032900
 565.0 0.0031600
 567.5 0.0030600
 570.0 0.0030700
 572.5 0.0030300
 575.0 0.0029300
 577.5 0.0029200
 580.0 0.0028500
 582.5 0.0027000
 585.0 0.0027100
 587.5 0.0026600
 590.0 0.0026600
 592.5 0.0026800
 595.0 0.0026300
 597.5 0.0025900
 600.0 0.0024800
 602.5 0.0025000
 605.0 0.0024300
 607.5 0.0024400
 610.0 0.0024100
 612.5 0.0023600
 615.0 0.0023100
 617.5 0.0022700
 620.0 0.0022600
 622.5 0.0022800
 625.0 0.0022200
 627.5 0.0021200
 630.0 0.0020900
 632.5 0.0021100
 635.0 0.0020400
 637.5 0.0020400
 640.0 0.0020000
 642.5 0.0020000
 645.0 0.0019700
 647.5 0.0019200
 650.0 0.0018800
 652.5 0.0018500
 655.0 0.0016600
 657.5 0.0016900
 660.0 0.0018100
 662.5 0.0018000
 665.0 0.0017600
 667.5 0.0017000
 670.0 0.0016800
 672.5 0.0017000
 675.0 0.0016700
 677.5 0.0016400
 680.0 0.0016200
 682.5 0.0016200
 685.0 0.0016400
 687.5 0.0015000
 690.0 0.0015700
 692.5 0.0015100
 695.0 0.0014900
 697.5 0.0015000
 700.0 0.0014700
 702.5 0.0014300
 705.0 0.0014000
 707.5 0.0013900
 710.0 0.0013800
 712.5 0.0013600
 715.0 0.0013500
 717.5 0.0013100
 720.0 0.0012700
 722.5 0.0012900
 725.0 0.0012800
 727.5 0.0012500
 730.0 0.0012100
 732.5 0.0012200
 735.0 0.0011700

