# nm  Flux(W/m2/m) for star HR 5340 from file: table5.dat
 320.0 0.0014800
 322.5 0.0015700
 325.0 0.0018300
 327.5 0.0022400
 330.0 0.0026000
 332.5 0.0026700
 335.0 0.0027000
 337.5 0.0028000
 340.0 0.0031400
 342.5 0.0033700
 345.0 0.0035400
 347.5 0.0036900
 350.0 0.0039900
 352.5 0.0040200
 355.0 0.0039400
 357.5 0.0037400
 360.0 0.0042300
 362.5 0.0050200
 365.0 0.0059400
 367.5 0.0060900
 370.0 0.0055700
 372.5 0.0049200
 375.0 0.0047300
 377.5 0.0047700
 380.0 0.0044300
 382.5 0.0038500
 385.0 0.0039200
 387.5 0.0043400
 390.0 0.0048400
 392.5 0.0048400
 395.0 0.0058500
 397.5 0.0078400
 400.0 0.0103800
 402.5 0.0120900
 405.0 0.0129400
 407.5 0.0133800
 410.0 0.0134500
 412.5 0.0132700
 415.0 0.0130100
 417.5 0.0132200
 420.0 0.0138400
 422.5 0.0144500
 425.0 0.0147900
 427.5 0.0151600
 430.0 0.0162300
 432.5 0.0178200
 435.0 0.0192000
 437.5 0.0199700
 440.0 0.0207600
 442.5 0.0220800
 445.0 0.0238600
 447.5 0.0254700
 450.0 0.0265200
 452.5 0.0270600
 455.0 0.0276900
 457.5 0.0285200
 460.0 0.0293200
 462.5 0.0296500
 465.0 0.0296800
 467.5 0.0298400
 470.0 0.0302800
 472.5 0.0309300
 475.0 0.0315100
 477.5 0.0319400
 480.0 0.0321500
 482.5 0.0321200
 485.0 0.0319700
 487.5 0.0321200
 490.0 0.0326900
 492.5 0.0332400
 495.0 0.0333900
 497.5 0.0329900
 500.0 0.0330200
 502.5 0.0327500
 505.0 0.0325400
 507.5 0.0325400
 510.0 0.0329600
 512.5 0.0322100
 515.0 0.0317100
 517.5 0.0320900
 520.0 0.0329600
 522.5 0.0342600
 525.0 0.0355100
 527.5 0.0369500
 530.0 0.0378800
 532.5 0.0390800
 535.0 0.0396300
 537.5 0.0394500
 540.0 0.0394100
 542.5 0.0397700
 545.0 0.0397400
 547.5 0.0400300
 550.0 0.0406600
 552.5 0.0408500
 555.0 0.0409600
 557.5 0.0410000
 560.0 0.0411500
 562.5 0.0410000
 565.0 0.0410000
 567.5 0.0411900
 570.0 0.0412300
 572.5 0.0417600
 575.0 0.0425000
 577.5 0.0429300
 580.0 0.0432100
 582.5 0.0436100
 585.0 0.0435300
 587.5 0.0432100
 590.0 0.0431700
 592.5 0.0435700
 595.0 0.0437300
 597.5 0.0440100
 600.0 0.0441400
 602.5 0.0445500
 605.0 0.0445900
 607.5 0.0443800
 610.0 0.0438900
 612.5 0.0435300
 615.0 0.0433300
 617.5 0.0431300
 620.0 0.0428500
 622.5 0.0424200
 625.0 0.0420000
 627.5 0.0420700
 630.0 0.0425400
 632.5 0.0432900
 635.0 0.0436900
 637.5 0.0440600
 640.0 0.0442200
 642.5 0.0444200
 645.0 0.0443400
 647.5 0.0441000
 650.0 0.0423400
 652.5 0.0418000
 655.0 0.0417300
 657.5 0.0420700
 660.0 0.0423800
 662.5 0.0429300
 665.0 0.0432900
 667.5 0.0436500
 670.0 0.0436900
 672.5 0.0434900
 675.0 0.0435300
 677.5 0.0434100
 680.0 0.0433700
 682.5 0.0437300
 685.0 0.0437300
 687.5 0.0436900
 690.0 0.0430500
 692.5 0.0428200
 695.0 0.0424600
 697.5 0.0424600
 700.0 0.0426200
 702.5 0.0419600
 705.0 0.0421900
 707.5 0.0421900
 710.0 0.0416100
 712.5 0.0411100
 715.0 0.0406300
 717.5 0.0409600
 720.0 0.0406600
 722.5 0.0402900
 725.0 0.0404000
 727.5 0.0403600
 730.0 0.0401800
 732.5 0.0399600
 735.0 0.0399600
 737.5 0.0401800
 740.0 0.0401100
 742.5 0.0402500
 745.0 0.0403600
 747.5 0.0405500
 750.0 0.0405900
 752.5 0.0414600
 755.0 0.0411500
 757.5 0.0415300
 760.0 0.0417300
 762.5 0.0411500
 765.0 0.0409600
 767.5 0.0407000
 770.0 0.0407800
 772.5 0.0414600
 775.0 0.0410800
 777.5 0.0410400
 780.0 0.0411100
 782.5 0.0411100
 785.0 0.0408900
 787.5 0.0404800
 790.0 0.0396300
 792.5 0.0390800
 795.0 0.0390800
 797.5 0.0390800
 800.0 0.0391600
 802.5 0.0392300
 805.0 0.0391600
 807.5 0.0389400
 810.0 0.0386500
 812.5 0.0388700
 815.0 0.0382300
 817.5 0.0380500
 820.0 0.0380200
 822.5 0.0386200
 825.0 0.0389000
 827.5 0.0389400
 830.0 0.0386200
 832.5 0.0381600
 835.0 0.0379500
 837.5 0.0378400
 840.0 0.0380200
 842.5 0.0383400
 845.0 0.0386500
 847.5 0.0381200
 850.0 0.0373900
 852.5 0.0367100
 855.0 0.0368500
 857.5 0.0372600
 860.0 0.0376700
 862.5 0.0381600
 865.0 0.0376400
 867.5 0.0370500
 870.0 0.0373900
 872.5 0.0380200
 875.0 0.0379100
 877.5 0.0373600
 880.0 0.0375000
 882.5 0.0376700
 885.0 0.0382600
 887.5 0.0382600
 890.0 0.0376700
 892.5 0.0361100
 895.0 0.0355500
 897.5 0.0352900
 900.0 0.0354200
 902.5 0.0356800
 905.0 0.0355800
 907.5 0.0355800
 910.0 0.0351600
 912.5 0.0341000
 915.0 0.0337600
 917.5 0.0333600
 920.0 0.0328700
 922.5 0.0331100
 925.0 0.0340700
 927.5 0.0351600
 930.0 0.0352200
 932.5 0.0337900
 935.0 0.0335700
 937.5 0.0338800
 940.0 0.0334200
 942.5 0.0331400
 945.0 0.0331100
 947.5 0.0326000
 950.0 0.0327500
 952.5 0.0328100
 955.0 0.0328700
 957.5 0.0329600
 960.0 0.0325700
 962.5 0.0320000
 965.0 0.0320300
 967.5 0.0321500
 970.0 0.0323000
 972.5 0.0324800
 975.0 0.0319400
 977.5 0.0319400
 980.0 0.0321500
 982.5 0.0321500
 985.0 0.0325400
 987.5 0.0326900
 990.0 0.0327800
 992.5 0.0327200
 995.0 0.0329600
 997.5 0.0331700
1000.0 0.0329000
1002.5 0.0329300
1005.0 0.0329600
1007.5 0.0334200
1010.0 0.0333900
1012.5 0.0332000
1015.0 0.0333000
1017.5 0.0331100
1020.0 0.0329300
1022.5 0.0329300
1025.0 0.0326900
1027.5 0.0325400
1030.0 0.0323600
1032.5 0.0320600
1035.0 0.0320900
1037.5 0.0319200
1040.0 0.0321500
1042.5 0.0320900
1045.0 0.0321800
1047.5 0.0320600
1050.0 0.0317700
1052.5 0.0315900
1055.0 0.0316800
1057.5 0.0314200
1060.0 0.0311300
1062.5 0.0310200
1065.0 0.0315100
1067.5 0.0314800
1070.0 0.0312200
1072.5 0.0307600
1075.0 0.0305900
1077.5 0.0301400
1080.0 0.0296200

# nm  Flux(W/m2/m) for star HR 5340 from file: table6.dat
 320.0 0.0016300
 322.5 0.0013200
 325.0 0.0014700
 327.5 0.0023700
 330.0 0.0030500
 332.5 0.0026500
 335.0 0.0027700
 337.5 0.0020800
 340.0 0.0035000
 342.5 0.0037900
 345.0 0.0032200
 347.5 0.0034900
 350.0 0.0041400
 352.5 0.0042600
 355.0 0.0047800
 357.5 0.0020700
 360.0 0.0043300
 362.5 0.0049300
 365.0 0.0063300
 367.5 0.0070100
 370.0 0.0062900
 372.5 0.0036100
 375.0 0.0036700
 377.5 0.0065900
 380.0 0.0049200
 382.5 0.0024300
 385.0 0.0034500
 387.5 0.0041000
 390.0 0.0070000
 392.5 0.0034500
 395.0 0.0040600
 397.5 0.0070400
 400.0 0.0124600
 402.5 0.0129500
 405.0 0.0119600
 407.5 0.0140200
 410.0 0.0141900
 412.5 0.0130500
 415.0 0.0123500
 417.5 0.0131500
 420.0 0.0135300
 422.5 0.0147100
 425.0 0.0159100
 427.5 0.0139700
 430.0 0.0145200
 432.5 0.0190000
 435.0 0.0206800
 437.5 0.0188800
 440.0 0.0203400
 442.5 0.0219600
 445.0 0.0234000
 447.5 0.0264700
 450.0 0.0273700
 452.5 0.0263300
 455.0 0.0274900
 457.5 0.0285000
 460.0 0.0298100
 462.5 0.0302600
 465.0 0.0294000
 467.5 0.0292100
 470.0 0.0301700
 472.5 0.0314200
 475.0 0.0313900
 477.5 0.0318000
 480.0 0.0326900
 482.5 0.0325700
 485.0 0.0312500
 487.5 0.0317100
 490.0 0.0327200
 492.5 0.0335700
 495.0 0.0342300
 497.5 0.0329000
 500.0 0.0320600
 502.5 0.0320600
 505.0 0.0331700
 507.5 0.0328100
 510.0 0.0323300
 512.5 0.0313300
 515.0 0.0300100
 517.5 0.0293000
 520.0 0.0319400
 522.5 0.0351200
 525.0 0.0350300
 527.5 0.0363700
 530.0 0.0388000
 532.5 0.0386500
 535.0 0.0393000
 537.5 0.0394100
 540.0 0.0376400
 542.5 0.0389000
 545.0 0.0398500
 547.5 0.0392300
 550.0 0.0398500
 552.5 0.0399900
 555.0 0.0407000
 557.5 0.0403300
 560.0 0.0405500
 562.5 0.0412700
 565.0 0.0403300
 567.5 0.0412300
 570.0 0.0403300
 572.5 0.0421500
 575.0 0.0427000
 577.5 0.0413800
 580.0 0.0423800
 582.5 0.0457900
 585.0 0.0430900
 587.5 0.0412300
 590.0 0.0421900
 592.5 0.0434900
 595.0 0.0439700
 597.5 0.0441000
 600.0 0.0429700
 602.5 0.0439300
 605.0 0.0453700
 607.5 0.0443400
 610.0 0.0433700
 612.5 0.0427400
 615.0 0.0422700
 617.5 0.0425400
 620.0 0.0434100
 622.5 0.0422700
 625.0 0.0404800
 627.5 0.0412700
 630.0 0.0424200
 632.5 0.0426600
 635.0 0.0434900
 637.5 0.0437700
 640.0 0.0434900
 642.5 0.0434900
 645.0 0.0436100
 647.5 0.0435300
 650.0 0.0408500
 652.5 0.0418800
 655.0 0.0430900
 657.5 0.0409600
 660.0 0.0427400
 662.5 0.0441000
 665.0 0.0446300
 667.5 0.0437300
 670.0 0.0443400
 672.5 0.0438100
 675.0 0.0437700
 677.5 0.0438900
 680.0 0.0429700
 682.5 0.0444600
 685.0 0.0439300
 687.5 0.0433700
 690.0 0.0429300
 692.5 0.0433700
 695.0 0.0435700
 697.5 0.0430100
 700.0 0.0428200
 702.5 0.0418000
 705.0 0.0413000
 707.5 0.0417300
 710.0 0.0421900
 712.5 0.0411500
 715.0 0.0407400
 717.5 0.0410800
 720.0 0.0398800
 722.5 0.0395500
 725.0 0.0393700
 727.5 0.0402900
 730.0 0.0390800
 732.5 0.0394100
 735.0 0.0384800

