# nm  Flux(W/m2/m) for star HR 5470 from file: table6.dat
 320.0 
 322.5 
 325.0 
 327.5 
 330.0 
 332.5 
 335.0 
 337.5 
 340.0 
 342.5 
 345.0 
 347.5 0.0000570
 350.0 0.0000680
 352.5 0.0000730
 355.0 0.0000650
 357.5 0.0000420
 360.0 0.0000560
 362.5 0.0000820
 365.0 0.0001140
 367.5 0.0001480
 370.0 0.0001070
 372.5 0.0000630
 375.0 0.0000690
 377.5 0.0000910
 380.0 0.0000750
 382.5 0.0000560
 385.0 0.0000550
 387.5 0.0000780
 390.0 0.0001020
 392.5 0.0000760
 395.0 0.0000780
 397.5 0.0001380
 400.0 0.0002300
 402.5 0.0002480
 405.0 0.0002320
 407.5 0.0002600
 410.0 0.0002730
 412.5 0.0002360
 415.0 0.0002280
 417.5 0.0002470
 420.0 0.0002710
 422.5 0.0003190
 425.0 0.0003460
 427.5 0.0003110
 430.0 0.0003610
 432.5 0.0004960
 435.0 0.0005030
 437.5 0.0004480
 440.0 0.0004770
 442.5 0.0005200
 445.0 0.0005580
 447.5 0.0006320
 450.0 0.0006250
 452.5 0.0006170
 455.0 0.0006570
 457.5 0.0006920
 460.0 0.0007610
 462.5 0.0007450
 465.0 0.0007270
 467.5 0.0007430
 470.0 0.0007780
 472.5 0.0008080
 475.0 0.0008330
 477.5 0.0008530
 480.0 0.0008610
 482.5 0.0008360
 485.0 0.0008000
 487.5 0.0008470
 490.0 0.0008840
 492.5 0.0009090
 495.0 0.0009250
 497.5 0.0008710
 500.0 0.0008260
 502.5 0.0008760
 505.0 0.0008780
 507.5 0.0009010
 510.0 0.0008870
 512.5 0.0008250
 515.0 0.0007750
 517.5 0.0007940
 520.0 0.0008930
 522.5 0.0009360
 525.0 0.0009130
 527.5 0.0009980
 530.0 0.0010280
 532.5 0.0010230
 535.0 0.0011080
 537.5 0.0010560
 540.0 0.0010430
 542.5 0.0011150
 545.0 0.0010870
 547.5 0.0010630
 550.0 0.0011050
 552.5 0.0011530
 555.0 0.0011620
 557.5 0.0011370
 560.0 0.0011430
 562.5 0.0011300
 565.0 0.0011230
 567.5 0.0011320
 570.0 0.0011420
 572.5 0.0011800
 575.0 0.0011680
 577.5 0.0011630
 580.0 0.0012200
 582.5 0.0012670
 585.0 0.0012720
 587.5 0.0011680
 590.0 0.0011320
 592.5 0.0012650
 595.0 0.0013010
 597.5 0.0013090
 600.0 0.0012360
 602.5 0.0012940
 605.0 0.0013230
 607.5 0.0013180
 610.0 0.0012800
 612.5 0.0012550
 615.0 0.0012260
 617.5 0.0012510
 620.0 0.0012570
 622.5 0.0012180
 625.0 0.0011790
 627.5 0.0011800
 630.0 0.0012280
 632.5 0.0012750
 635.0 0.0012190
 637.5 0.0012610
 640.0 0.0012720
 642.5 0.0012760
 645.0 0.0013030
 647.5 0.0012640
 650.0 0.0012570
 652.5 0.0013260
 655.0 0.0012740
 657.5 0.0012710
 660.0 0.0013130
 662.5 0.0013230
 665.0 0.0012840
 667.5 0.0012840
 670.0 0.0013100
 672.5 0.0013150
 675.0 0.0013100
 677.5 0.0013290
 680.0 0.0013190
 682.5 0.0013270
 685.0 0.0013240
 687.5 0.0012380
 690.0 0.0013680
 692.5 0.0013060
 695.0 0.0012430
 697.5 0.0012350
 700.0 0.0012470
 702.5 0.0012300
 705.0 0.0012410
 707.5 0.0012100
 710.0 0.0011660
 712.5 0.0011590
 715.0 0.0011930
 717.5 0.0011710
 720.0 0.0011820
 722.5 0.0012520
 725.0 0.0012290
 727.5 0.0012030
 730.0 0.0011720
 732.5 0.0012090
 735.0 0.0012120

