# nm  Flux(W/m2/m) for star HR 5571 from file: table6.dat
 320.0 0.0118500
 322.5 0.0123000
 325.0 0.0118500
 327.5 0.0116700
 330.0 0.0109000
 332.5 0.0108300
 335.0 0.0112600
 337.5 0.0105500
 340.0 0.0105700
 342.5 0.0104900
 345.0 0.0102000
 347.5 0.0101800
 350.0 0.0099600
 352.5 0.0098200
 355.0 0.0096500
 357.5 0.0094200
 360.0 0.0091800
 362.5 0.0089100
 365.0 0.0088100
 367.5 0.0086600
 370.0 0.0080500
 372.5 0.0083800
 375.0 0.0085000
 377.5 0.0087100
 380.0 0.0086800
 382.5 0.0085200
 385.0 0.0088100
 387.5 0.0087300
 390.0 0.0087300
 392.5 0.0091000
 395.0 0.0081300
 397.5 0.0081400
 400.0 0.0082300
 402.5 0.0079700
 405.0 0.0082000
 407.5 0.0077100
 410.0 0.0071300
 412.5 0.0072000
 415.0 0.0074700
 417.5 0.0074100
 420.0 0.0073100
 422.5 0.0072600
 425.0 0.0070500
 427.5 0.0069100
 430.0 0.0066700
 432.5 0.0060600
 435.0 0.0058900
 437.5 0.0061300
 440.0 0.0061300
 442.5 0.0060300
 445.0 0.0058000
 447.5 0.0056400
 450.0 0.0056900
 452.5 0.0056700
 455.0 0.0055100
 457.5 0.0053400
 460.0 0.0052500
 462.5 0.0051900
 465.0 0.0051100
 467.5 0.0050800
 470.0 0.0050400
 472.5 0.0049800
 475.0 0.0049000
 477.5 0.0047700
 480.0 0.0046900
 482.5 0.0045300
 485.0 0.0041600
 487.5 0.0041300
 490.0 0.0043300
 492.5 0.0042700
 495.0 0.0042400
 497.5 0.0041900
 500.0 0.0041200
 502.5 0.0040600
 505.0 0.0039800
 507.5 0.0039600
 510.0 0.0039000
 512.5 0.0038200
 515.0 0.0037600
 517.5 0.0036900
 520.0 0.0036900
 522.5 0.0036000
 525.0 0.0035400
 527.5 0.0034800
 530.0 0.0034000
 532.5 0.0033300
 535.0 0.0032900
 537.5 0.0032800
 540.0 0.0032300
 542.5 0.0031900
 545.0 0.0031100
 547.5 0.0030400
 550.0 0.0030300
 552.5 0.0029700
 555.0 0.0028800
 557.5 0.0028800
 560.0 0.0028400
 562.5 0.0027700
 565.0 0.0027000
 567.5 0.0026500
 570.0 0.0026300
 572.5 0.0025700
 575.0 0.0025500
 577.5 0.0025400
 580.0 0.0024200
 582.5 0.0024200
 585.0 0.0024100
 587.5 0.0023600
 590.0 0.0023400
 592.5 0.0023400
 595.0 0.0023100
 597.5 0.0022700
 600.0 0.0022000
 602.5 0.0022000
 605.0 0.0021800
 607.5 0.0021600
 610.0 0.0021200
 612.5 0.0020900
 615.0 0.0020600
 617.5 0.0020300
 620.0 0.0019700
 622.5 0.0019600
 625.0 0.0019200
 627.5 0.0018600
 630.0 0.0018500
 632.5 0.0018600
 635.0 0.0018300
 637.5 0.0018000
 640.0 0.0017600
 642.5 0.0017600
 645.0 0.0017500
 647.5 0.0017500
 650.0 0.0016500
 652.5 0.0016200
 655.0 0.0015000
 657.5 0.0014900
 660.0 0.0015800
 662.5 0.0015900
 665.0 0.0015600
 667.5 0.0015100
 670.0 0.0015000
 672.5 0.0015000
 675.0 0.0014700
 677.5 0.0014400
 680.0 0.0014200
 682.5 0.0014200
 685.0 0.0014200
 687.5 0.0014200
 690.0 0.0014100
 692.5 0.0013700
 695.0 0.0013500
 697.5 0.0013100
 700.0 0.0013500
 702.5 0.0013000
 705.0 0.0012600
 707.5 0.0012400
 710.0 0.0012400
 712.5 0.0012300
 715.0 0.0012200
 717.5 0.0012100
 720.0 0.0011800
 722.5 0.0011100
 725.0 0.0011700
 727.5 0.0011300
 730.0 0.0011200
 732.5 0.0011300
 735.0 0.0010500

