# nm  Flux(W/m2/m) for star HR 5744 from file: table5.dat
 320.0 0.0000940
 322.5 0.0001010
 325.0 0.0001130
 327.5 0.0001290
 330.0 0.0001420
 332.5 0.0001490
 335.0 0.0001510
 337.5 0.0001540
 340.0 0.0001600
 342.5 0.0001650
 345.0 0.0001690
 347.5 0.0001750
 350.0 0.0001840
 352.5 0.0001870
 355.0 0.0001820
 357.5 0.0001800
 360.0 0.0001960
 362.5 0.0002350
 365.0 0.0002820
 367.5 0.0003080
 370.0 0.0003010
 372.5 0.0002760
 375.0 0.0002560
 377.5 0.0002440
 380.0 0.0002280
 382.5 0.0002070
 385.0 0.0002000
 387.5 0.0002150
 390.0 0.0002420
 392.5 0.0002670
 395.0 0.0003130
 397.5 0.0003920
 400.0 0.0004900
 402.5 0.0005680
 405.0 0.0006100
 407.5 0.0006270
 410.0 0.0006300
 412.5 0.0006200
 415.0 0.0006060
 417.5 0.0006070
 420.0 0.0006360
 422.5 0.0006790
 425.0 0.0007160
 427.5 0.0007450
 430.0 0.0007860
 432.5 0.0008520
 435.0 0.0009240
 437.5 0.0009750
 440.0 0.0010110
 442.5 0.0010580
 445.0 0.0011220
 447.5 0.0011890
 450.0 0.0012450
 452.5 0.0012860
 455.0 0.0013180
 457.5 0.0013500
 460.0 0.0013790
 462.5 0.0013960
 465.0 0.0013930
 467.5 0.0013870
 470.0 0.0013920
 472.5 0.0014190
 475.0 0.0014600
 477.5 0.0015010
 480.0 0.0015260
 482.5 0.0015230
 485.0 0.0015010
 487.5 0.0014820
 490.0 0.0014890
 492.5 0.0015110
 495.0 0.0015320
 497.5 0.0015300
 500.0 0.0015180
 502.5 0.0015080
 505.0 0.0015090
 507.5 0.0015120
 510.0 0.0015190
 512.5 0.0014720
 515.0 0.0014320
 517.5 0.0014370
 520.0 0.0014600
 522.5 0.0015040
 525.0 0.0015720
 527.5 0.0016320
 530.0 0.0016810
 532.5 0.0017350
 535.0 0.0017640
 537.5 0.0017540
 540.0 0.0017490
 542.5 0.0017550
 545.0 0.0017590
 547.5 0.0017780
 550.0 0.0017850
 552.5 0.0018080
 555.0 0.0018210
 557.5 0.0018100
 560.0 0.0018100
 562.5 0.0018180
 565.0 0.0018200
 567.5 0.0018130
 570.0 0.0018300
 572.5 0.0018500
 575.0 0.0018640
 577.5 0.0018810
 580.0 0.0019040
 582.5 0.0019210
 585.0 0.0018980
 587.5 0.0018810
 590.0 0.0018780
 592.5 0.0018950
 595.0 0.0019340
 597.5 0.0019370
 600.0 0.0019430
 602.5 0.0019610
 605.0 0.0019610
 607.5 0.0019480
 610.0 0.0019180
 612.5 0.0018930
 615.0 0.0018830
 617.5 0.0018660
 620.0 0.0018640
 622.5 0.0018550
 625.0 0.0018380
 627.5 0.0018250
 630.0 0.0018280
 632.5 0.0018370
 635.0 0.0018550
 637.5 0.0018690
 640.0 0.0018760
 642.5 0.0018850
 645.0 0.0018740
 647.5 0.0018590
 650.0 0.0018180
 652.5 0.0018030
 655.0 0.0018100
 657.5 0.0018230
 660.0 0.0018180
 662.5 0.0018370
 665.0 0.0018520
 667.5 0.0018590
 670.0 0.0018710
 672.5 0.0018640
 675.0 0.0018690
 677.5 0.0018550
 680.0 0.0018600
 682.5 0.0018660
 685.0 0.0018480
 687.5 0.0018480
 690.0 0.0018200
 692.5 0.0017830
 695.0 0.0017600
 697.5 0.0017510
 700.0 0.0017430
 702.5 0.0017330
 705.0 0.0017330
 707.5 0.0017230
 710.0 0.0017030
 712.5 0.0016840
 715.0 0.0016750
 717.5 0.0016700
 720.0 0.0016550
 722.5 0.0016460
 725.0 0.0016470
 727.5 0.0016290
 730.0 0.0016170
 732.5 0.0016070
 735.0 0.0016040
 737.5 0.0016070
 740.0 0.0016290
 742.5 0.0016230
 745.0 0.0016200
 747.5 0.0016290
 750.0 0.0016460
 752.5 0.0016890
 755.0 0.0016670
 757.5 0.0016600
 760.0 0.0016950
 762.5 0.0016660
 765.0 0.0016580
 767.5 0.0016800
 770.0 0.0016700
 772.5 0.0017010
 775.0 0.0016810
 777.5 0.0016690
 780.0 0.0016730
 782.5 0.0016660
 785.0 0.0016490
 787.5 0.0016100
 790.0 0.0015530
 792.5 0.0015260
 795.0 0.0015320
 797.5 0.0015430
 800.0 0.0015360
 802.5 0.0015550
 805.0 0.0015390
 807.5 0.0015080
 810.0 0.0014870
 812.5 0.0014750
 815.0 0.0014640
 817.5 0.0014550
 820.0 0.0014550
 822.5 0.0014830
 825.0 0.0015020
 827.5 0.0014930
 830.0 0.0014710
 832.5 0.0014520
 835.0 0.0014590
 837.5 0.0014660
 840.0 0.0014750
 842.5 0.0014850
 845.0 0.0014860
 847.5 0.0014630
 850.0 0.0014370
 852.5 0.0014160
 855.0 0.0014260
 857.5 0.0014560
 860.0 0.0014780
 862.5 0.0014910
 865.0 0.0014440
 867.5 0.0014570
 870.0 0.0014850
 872.5 0.0014850
 875.0 0.0014910
 877.5 0.0014780
 880.0 0.0014860
 882.5 0.0014890
 885.0 0.0014850
 887.5 0.0014900
 890.0 0.0014480
 892.5 0.0014180
 895.0 0.0013960
 897.5 0.0013700
 900.0 0.0013870
 902.5 0.0013970
 905.0 0.0013970
 907.5 0.0013650
 910.0 0.0013070
 912.5 0.0012940
 915.0 0.0013010
 917.5 0.0012990
 920.0 0.0013190
 922.5 0.0013330
 925.0 0.0012980
 927.5 0.0012500
 930.0 0.0012370
 932.5 0.0012190
 935.0 0.0013220
 937.5 0.0013610
 940.0 0.0013240
 942.5 0.0012800
 945.0 0.0012380
 947.5 0.0012510
 950.0 0.0012810
 952.5 0.0012450
 955.0 0.0012260
 957.5 0.0012170
 960.0 0.0011870
 962.5 0.0012010
 965.0 0.0011900
 967.5 0.0011900
 970.0 0.0011750
 972.5 0.0011740
 975.0 0.0011720
 977.5 0.0011780
 980.0 0.0011970
 982.5 0.0012260
 985.0 0.0012370
 987.5 0.0012360
 990.0 0.0012390
 992.5 0.0012310
 995.0 0.0012410
 997.5 0.0012440
1000.0 0.0012510
1002.5 0.0012410
1005.0 0.0012430
1007.5 0.0012300
1010.0 0.0012250
1012.5 0.0012270
1015.0 0.0012080
1017.5 0.0012170
1020.0 0.0012160
1022.5 0.0012100
1025.0 0.0012170
1027.5 0.0012210
1030.0 0.0012150
1032.5 0.0012060
1035.0 0.0012020
1037.5 0.0011870
1040.0 0.0011880
1042.5 0.0011980
1045.0 0.0012010
1047.5 0.0012030
1050.0 0.0011960
1052.5 0.0011970
1055.0 0.0011880
1057.5 0.0011720
1060.0 0.0011730
1062.5 0.0011710
1065.0 0.0011660
1067.5 0.0011520
1070.0 0.0011590
1072.5 0.0011610
1075.0 0.0011430
1077.5 0.0011250
1080.0 0.0011140

# nm  Flux(W/m2/m) for star HR 5744 from file: table6.dat
 320.0 0.0007340
 322.5 0.0007370
 325.0 0.0007480
 327.5 0.0007680
 330.0 0.0007780
 332.5 0.0007780
 335.0 0.0001480
 337.5 0.0001440
 340.0 0.0001640
 342.5 0.0001710
 345.0 0.0001630
 347.5 0.0001700
 350.0 0.0001870
 352.5 0.0001990
 355.0 0.0001910
 357.5 0.0001560
 360.0 0.0001700
 362.5 0.0002280
 365.0 0.0002970
 367.5 0.0003440
 370.0 0.0003310
 372.5 0.0002530
 375.0 0.0002270
 377.5 0.0002670
 380.0 0.0002510
 382.5 0.0001860
 385.0 0.0001630
 387.5 0.0002060
 390.0 0.0002760
 392.5 0.0002570
 395.0 0.0002600
 397.5 0.0003570
 400.0 0.0005330
 402.5 0.0006170
 405.0 0.0006050
 407.5 0.0006250
 410.0 0.0006580
 412.5 0.0006290
 415.0 0.0005850
 417.5 0.0005820
 420.0 0.0006180
 422.5 0.0006830
 425.0 0.0007510
 427.5 0.0007470
 430.0 0.0007200
 432.5 0.0008400
 435.0 0.0009870
 437.5 0.0009860
 440.0 0.0009750
 442.5 0.0010490
 445.0 0.0011200
 447.5 0.0011960
 450.0 0.0012720
 452.5 0.0012870
 455.0 0.0013090
 457.5 0.0013500
 460.0 0.0013850
 462.5 0.0014270
 465.0 0.0013970
 467.5 0.0013700
 470.0 0.0013680
 472.5 0.0014140
 475.0 0.0014600
 477.5 0.0015040
 480.0 0.0015550
 482.5 0.0015590
 485.0 0.0014910
 487.5 0.0014430
 490.0 0.0014820
 492.5 0.0015090
 495.0 0.0015560
 497.5 0.0015560
 500.0 0.0015020
 502.5 0.0014850
 505.0 0.0015190
 507.5 0.0015190
 510.0 0.0015210
 512.5 0.0014820
 515.0 0.0014050
 517.5 0.0013480
 520.0 0.0014140
 522.5 0.0015190
 525.0 0.0015560
 527.5 0.0015910
 530.0 0.0016970
 532.5 0.0017300
 535.0 0.0017600
 537.5 0.0017600
 540.0 0.0017160
 542.5 0.0017280
 545.0 0.0017510
 547.5 0.0017520
 550.0 0.0017590
 552.5 0.0017960
 555.0 0.0018180
 557.5 0.0017900
 560.0 0.0017830
 562.5 0.0018030
 565.0 0.0018050
 567.5 0.0018130
 570.0 0.0018060
 572.5 0.0018430
 575.0 0.0018720
 577.5 0.0018780
 580.0 0.0018950
 582.5 0.0019280
 585.0 0.0019250
 587.5 0.0018600
 590.0 0.0018180
 592.5 0.0018980
 595.0 0.0019610
 597.5 0.0019610
 600.0 0.0019280
 602.5 0.0019440
 605.0 0.0019730
 607.5 0.0019640
 610.0 0.0019320
 612.5 0.0019070
 615.0 0.0018690
 617.5 0.0018550
 620.0 0.0018790
 622.5 0.0018570
 625.0 0.0018300
 627.5 0.0018470
 630.0 0.0018450
 632.5 0.0018330
 635.0 0.0018430
 637.5 0.0018780
 640.0 0.0018810
 642.5 0.0018850
 645.0 0.0018970
 647.5 0.0018780
 650.0 0.0018050
 652.5 0.0018300
 655.0 0.0018880
 657.5 0.0018570
 660.0 0.0018720
 662.5 0.0019050
 665.0 0.0019120
 667.5 0.0019210
 670.0 0.0019300
 672.5 0.0019120
 675.0 0.0018880
 677.5 0.0018760
 680.0 0.0018740
 682.5 0.0018860
 685.0 0.0018860
 687.5 0.0018760
 690.0 0.0018590
 692.5 0.0018200
 695.0 0.0017830
 697.5 0.0017700
 700.0 0.0017540
 702.5 0.0017410
 705.0 0.0017640
 707.5 0.0017250
 710.0 0.0016970
 712.5 0.0017000
 715.0 0.0017140
 717.5 0.0016720
 720.0 0.0016220
 722.5 0.0016580
 725.0 0.0016760
 727.5 0.0016290
 730.0 0.0015980
 732.5 0.0015980
 735.0 0.0015790

