# nm  Flux(W/m2/m) for star HR 5747 from file: table5.dat
 320.0 0.0007180
 322.5 0.0007380
 325.0 0.0007520
 327.5 0.0007630
 330.0 0.0007710
 332.5 0.0007710
 335.0 0.0007680
 337.5 0.0007710
 340.0 0.0007780
 342.5 0.0007820
 345.0 0.0007820
 347.5 0.0007840
 350.0 0.0007930
 352.5 0.0008020
 355.0 0.0008050
 357.5 0.0007990
 360.0 0.0007940
 362.5 0.0007990
 365.0 0.0008130
 367.5 0.0008310
 370.0 0.0008540
 372.5 0.0008920
 375.0 0.0009510
 377.5 0.0010250
 380.0 0.0011090
 382.5 0.0011880
 385.0 0.0012600
 387.5 0.0013030
 390.0 0.0013190
 392.5 0.0013160
 395.0 0.0013380
 397.5 0.0014240
 400.0 0.0015690
 402.5 0.0016830
 405.0 0.0016870
 407.5 0.0016000
 410.0 0.0015250
 412.5 0.0015430
 415.0 0.0016230
 417.5 0.0016980
 420.0 0.0017360
 422.5 0.0017460
 425.0 0.0017390
 427.5 0.0016970
 430.0 0.0016130
 432.5 0.0015280
 435.0 0.0015020
 437.5 0.0015550
 440.0 0.0016400
 442.5 0.0017030
 445.0 0.0017310
 447.5 0.0017410
 450.0 0.0017440
 452.5 0.0017380
 455.0 0.0017230
 457.5 0.0017080
 460.0 0.0016950
 462.5 0.0016830
 465.0 0.0016640
 467.5 0.0016460
 470.0 0.0016310
 472.5 0.0016230
 475.0 0.0016170
 477.5 0.0016080
 480.0 0.0015630
 482.5 0.0014680
 485.0 0.0013610
 487.5 0.0013150
 490.0 0.0013490
 492.5 0.0014190
 495.0 0.0014660
 497.5 0.0014720
 500.0 0.0014600
 502.5 0.0014470
 505.0 0.0014390
 507.5 0.0014300
 510.0 0.0014240
 512.5 0.0014000
 515.0 0.0013700
 517.5 0.0013440
 520.0 0.0013230
 522.5 0.0013000
 525.0 0.0012940
 527.5 0.0012840
 530.0 0.0012850
 532.5 0.0012940
 535.0 0.0012870
 537.5 0.0012790
 540.0 0.0012730
 542.5 0.0012650
 545.0 0.0012590
 547.5 0.0012550
 550.0 0.0012460
 552.5 0.0012330
 555.0 0.0012200
 557.5 0.0012060
 560.0 0.0011990
 562.5 0.0011890
 565.0 0.0011780
 567.5 0.0011680
 570.0 0.0011600
 572.5 0.0011610
 575.0 0.0011470
 577.5 0.0011310
 580.0 0.0011180
 582.5 0.0011130
 585.0 0.0011110
 587.5 0.0011070
 590.0 0.0011000
 592.5 0.0010840
 595.0 0.0010710
 597.5 0.0010550
 600.0 0.0010440
 602.5 0.0010370
 605.0 0.0010210
 607.5 0.0010080
 610.0 0.0009940
 612.5 0.0009860
 615.0 0.0009790
 617.5 0.0009670
 620.0 0.0009620
 622.5 0.0009580
 625.0 0.0009370
 627.5 0.0009260
 630.0 0.0009170
 632.5 0.0009130
 635.0 0.0009080
 637.5 0.0009030
 640.0 0.0008920
 642.5 0.0008810
 645.0 0.0008650
 647.5 0.0008500
 650.0 0.0008060
 652.5 0.0007690
 655.0 0.0007450
 657.5 0.0007400
 660.0 0.0007610
 662.5 0.0007910
 665.0 0.0008050
 667.5 0.0008080
 670.0 0.0008030
 672.5 0.0007960
 675.0 0.0007890
 677.5 0.0007780
 680.0 0.0007660
 682.5 0.0007610
 685.0 0.0007580
 687.5 0.0007490
 690.0 0.0007360
 692.5 0.0007260
 695.0 0.0007180
 697.5 0.0007110
 700.0 0.0007000
 702.5 0.0006960
 705.0 0.0006900
 707.5 0.0006820
 710.0 0.0006740
 712.5 0.0006650
 715.0 0.0006550
 717.5 0.0006460
 720.0 0.0006320
 722.5 0.0006300
 725.0 0.0006230
 727.5 0.0006170
 730.0 0.0006080
 732.5 0.0005960
 735.0 0.0005890
 737.5 0.0005860
 740.0 0.0005850
 742.5 0.0005830
 745.0 0.0005750
 747.5 0.0005700
 750.0 0.0005670
 752.5 0.0005710
 755.0 0.0005610
 757.5 0.0005580
 760.0 0.0005600
 762.5 0.0005550
 765.0 0.0005530
 767.5 0.0005410
 770.0 0.0005390
 772.5 0.0005400
 775.0 0.0005290
 777.5 0.0005170
 780.0 0.0005230
 782.5 0.0005200
 785.0 0.0005170
 787.5 0.0005090
 790.0 0.0004980
 792.5 0.0004970
 795.0 0.0004920
 797.5 0.0004960
 800.0 0.0004850
 802.5 0.0004840
 805.0 0.0004780
 807.5 0.0004740
 810.0 0.0004630
 812.5 0.0004660
 815.0 0.0004580
 817.5 0.0004540
 820.0 0.0004500
 822.5 0.0004450
 825.0 0.0004540
 827.5 0.0004500
 830.0 0.0004450
 832.5 0.0004430
 835.0 0.0004450
 837.5 0.0004390
 840.0 0.0004330
 842.5 0.0004390
 845.0 0.0004330
 847.5 0.0004200
 850.0 0.0004160
 852.5 0.0004150
 855.0 0.0004120
 857.5 0.0004180
 860.0 0.0004140
 862.5 0.0004110
 865.0 0.0004110
 867.5 0.0004070
 870.0 0.0004090
 872.5 0.0004070
 875.0 0.0004070
 877.5 0.0004070
 880.0 0.0004050
 882.5 0.0003940
 885.0 0.0003890
 887.5 0.0003860
 890.0 0.0003830
 892.5 0.0003830
 895.0 0.0003720
 897.5 0.0003560
 900.0 0.0003480
 902.5 0.0003430
 905.0 0.0003560
 907.5 0.0003710
 910.0 0.0003670
 912.5 0.0003660
 915.0 0.0003580
 917.5 0.0003320
 920.0 0.0003240
 922.5 0.0003260
 925.0 0.0003370
 927.5 0.0003540
 930.0 0.0003620
 932.5 0.0003560
 935.0 0.0003520
 937.5 0.0003500
 940.0 0.0003470
 942.5 0.0003420
 945.0 0.0003430
 947.5 0.0003300
 950.0 0.0003110
 952.5 0.0003040
 955.0 0.0003010
 957.5 0.0003070
 960.0 0.0003170
 962.5 0.0003190
 965.0 0.0003170
 967.5 0.0003170
 970.0 0.0003150
 972.5 0.0003170
 975.0 0.0003090
 977.5 0.0003070
 980.0 0.0003120
 982.5 0.0003060
 985.0 0.0003000
 987.5 0.0003050
 990.0 0.0003010
 992.5 0.0003030
 995.0 0.0003000
 997.5 0.0002980
1000.0 0.0002770
1002.5 0.0002680
1005.0 0.0002710
1007.5 0.0002780
1010.0 0.0002920
1012.5 0.0002900
1015.0 0.0002910
1017.5 0.0002890
1020.0 0.0002910
1022.5 0.0002870
1025.0 0.0002920
1027.5 0.0002930
1030.0 0.0002850
1032.5 0.0002850
1035.0 0.0002820
1037.5 0.0002810
1040.0 0.0002800
1042.5 0.0002680
1045.0 0.0002780
1047.5 0.0002730
1050.0 0.0002710
1052.5 0.0002680
1055.0 0.0002680
1057.5 0.0002720
1060.0 0.0002750
1062.5 0.0002610
1065.0 0.0002650
1067.5 0.0002630
1070.0 0.0002580
1072.5 0.0002560
1075.0 0.0002550
1077.5 0.0002460
1080.0 0.0002500

# nm  Flux(W/m2/m) for star HR 5747 from file: table6.dat
 320.0 
 322.5 
 325.0 
 327.5 
 330.0 
 332.5 
 335.0 0.0007600
 337.5 0.0007590
 340.0 0.0007840
 342.5 0.0007950
 345.0 0.0007780
 347.5 0.0007710
 350.0 0.0007910
 352.5 0.0008160
 355.0 0.0008150
 357.5 0.0007940
 360.0 0.0007830
 362.5 0.0007920
 365.0 0.0008110
 367.5 0.0008320
 370.0 0.0008500
 372.5 0.0008650
 375.0 0.0009330
 377.5 0.0010380
 380.0 0.0011110
 382.5 0.0011600
 385.0 0.0013170
 387.5 0.0013180
 390.0 0.0013210
 392.5 0.0013380
 395.0 0.0012840
 397.5 0.0012980
 400.0 0.0016000
 402.5 0.0018200
 405.0 0.0018010
 407.5 0.0015890
 410.0 0.0013600
 412.5 0.0014850
 415.0 0.0016940
 417.5 0.0017330
 420.0 0.0017310
 422.5 0.0017550
 425.0 0.0017540
 427.5 0.0017430
 430.0 0.0016600
 432.5 0.0014590
 435.0 0.0013820
 437.5 0.0015530
 440.0 0.0016900
 442.5 0.0017300
 445.0 0.0017360
 447.5 0.0017350
 450.0 0.0017550
 452.5 0.0017540
 455.0 0.0017200
 457.5 0.0016920
 460.0 0.0017000
 462.5 0.0017000
 465.0 0.0016550
 467.5 0.0016350
 470.0 0.0016320
 472.5 0.0016260
 475.0 0.0016070
 477.5 0.0016100
 480.0 0.0016290
 482.5 0.0015400
 485.0 0.0012680
 487.5 0.0011920
 490.0 0.0013580
 492.5 0.0014620
 495.0 0.0014960
 497.5 0.0014860
 500.0 0.0014510
 502.5 0.0014390
 505.0 0.0014400
 507.5 0.0014350
 510.0 0.0014300
 512.5 0.0013850
 515.0 0.0013440
 517.5 0.0013270
 520.0 0.0012980
 522.5 0.0012860
 525.0 0.0012790
 527.5 0.0012680
 530.0 0.0012810
 532.5 0.0012870
 535.0 0.0012840
 537.5 0.0012670
 540.0 0.0012440
 542.5 0.0012600
 545.0 0.0012600
 547.5 0.0012360
 550.0 0.0012290
 552.5 0.0012350
 555.0 0.0012150
 557.5 0.0011910
 560.0 0.0011870
 562.5 0.0011890
 565.0 0.0011660
 567.5 0.0011560
 570.0 0.0011520
 572.5 0.0011610
 575.0 0.0011520
 577.5 0.0011220
 580.0 0.0011020
 582.5 0.0011130
 585.0 0.0011230
 587.5 0.0011100
 590.0 0.0010920
 592.5 0.0010810
 595.0 0.0010690
 597.5 0.0010440
 600.0 0.0010380
 602.5 0.0010300
 605.0 0.0010060
 607.5 0.0010030
 610.0 0.0010030
 612.5 0.0009910
 615.0 0.0009740
 617.5 0.0009570
 620.0 0.0009620
 622.5 0.0009630
 625.0 0.0009430
 627.5 0.0009300
 630.0 0.0009180
 632.5 0.0009090
 635.0 0.0009130
 637.5 0.0009150
 640.0 0.0008980
 642.5 0.0008760
 645.0 0.0008660
 647.5 0.0008570
 650.0 0.0008260
 652.5 0.0007880
 655.0 0.0007160
 657.5 0.0006940
 660.0 0.0007630
 662.5 0.0008090
 665.0 0.0008190
 667.5 0.0008140
 670.0 0.0008100
 672.5 0.0008110
 675.0 0.0007930
 677.5 0.0007740
 680.0 0.0007600
 682.5 0.0007630
 685.0 0.0007730
 687.5 0.0007540
 690.0 0.0007470
 692.5 0.0007370
 695.0 0.0007140
 697.5 0.0007070
 700.0 0.0007070
 702.5 0.0007010
 705.0 0.0006910
 707.5 0.0006790
 710.0 0.0006760
 712.5 0.0006700
 715.0 0.0006680
 717.5 0.0006420
 720.0 0.0006100
 722.5 0.0006220
 725.0 0.0006420
 727.5 0.0006280
 730.0 0.0005980
 732.5 0.0005870
 735.0 0.0005850

