# nm  Flux(W/m2/m) for star HR 5953 from file: table5.dat
 320.0 0.0157000
 322.5 0.0156700
 325.0 0.0155000
 327.5 0.0152600
 330.0 0.0149800
 332.5 0.0147000
 335.0 0.0144800
 337.5 0.0143100
 340.0 0.0141600
 342.5 0.0139400
 345.0 0.0137200
 347.5 0.0134900
 350.0 0.0133200
 352.5 0.0131200
 355.0 0.0128900
 357.5 0.0126100
 360.0 0.0123100
 362.5 0.0120400
 365.0 0.0118200
 367.5 0.0116300
 370.0 0.0114500
 372.5 0.0112600
 375.0 0.0111000
 377.5 0.0109400
 380.0 0.0108900
 382.5 0.0108700
 385.0 0.0108800
 387.5 0.0108700
 390.0 0.0108100
 392.5 0.0106900
 395.0 0.0104700
 397.5 0.0102700
 400.0 0.0101500
 402.5 0.0100300
 405.0 0.0098100
 407.5 0.0094800
 410.0 0.0092200
 412.5 0.0091500
 415.0 0.0091800
 417.5 0.0091800
 420.0 0.0090900
 422.5 0.0089600
 425.0 0.0088100
 427.5 0.0085700
 430.0 0.0082600
 432.5 0.0079500
 435.0 0.0077800
 437.5 0.0077600
 440.0 0.0077800
 442.5 0.0077200
 445.0 0.0076000
 447.5 0.0074900
 450.0 0.0074000
 452.5 0.0073000
 455.0 0.0071700
 457.5 0.0070200
 460.0 0.0068900
 462.5 0.0067700
 465.0 0.0066700
 467.5 0.0065900
 470.0 0.0065500
 472.5 0.0065000
 475.0 0.0064600
 477.5 0.0063600
 480.0 0.0062300
 482.5 0.0060400
 485.0 0.0058500
 487.5 0.0057400
 490.0 0.0057100
 492.5 0.0057100
 495.0 0.0056800
 497.5 0.0056100
 500.0 0.0055600
 502.5 0.0054800
 505.0 0.0054100
 507.5 0.0053400
 510.0 0.0052700
 512.5 0.0052000
 515.0 0.0051400
 517.5 0.0051300
 520.0 0.0050400
 522.5 0.0049700
 525.0 0.0048900
 527.5 0.0048000
 530.0 0.0047300
 532.5 0.0046900
 535.0 0.0046700
 537.5 0.0046100
 540.0 0.0045300
 542.5 0.0044700
 545.0 0.0044200
 547.5 0.0043500
 550.0 0.0043000
 552.5 0.0042200
 555.0 0.0041600
 557.5 0.0041200
 560.0 0.0040700
 562.5 0.0039900
 565.0 0.0039000
 567.5 0.0038600
 570.0 0.0037700
 572.5 0.0037300
 575.0 0.0036500
 577.5 0.0036100
 580.0 0.0035800
 582.5 0.0035500
 585.0 0.0034800
 587.5 0.0034100
 590.0 0.0033800
 592.5 0.0033500
 595.0 0.0033100
 597.5 0.0032900
 600.0 0.0032300
 602.5 0.0032100
 605.0 0.0031700
 607.5 0.0031400
 610.0 0.0031000
 612.5 0.0030500
 615.0 0.0030100
 617.5 0.0029800
 620.0 0.0029400
 622.5 0.0028800
 625.0 0.0028400
 627.5 0.0028000
 630.0 0.0027600
 632.5 0.0027200
 635.0 0.0027100
 637.5 0.0026900
 640.0 0.0026500
 642.5 0.0026200
 645.0 0.0025700
 647.5 0.0025000
 650.0 0.0023700
 652.5 0.0023200
 655.0 0.0022800
 657.5 0.0022700
 660.0 0.0022700
 662.5 0.0022800
 665.0 0.0022700
 667.5 0.0022500
 670.0 0.0022200
 672.5 0.0022000
 675.0 0.0021800
 677.5 0.0021500
 680.0 0.0021200
 682.5 0.0021000
 685.0 0.0020700
 687.5 0.0020500
 690.0 0.0020300
 692.5 0.0020000
 695.0 0.0019800
 697.5 0.0019500
 700.0 0.0019400
 702.5 0.0019200
 705.0 0.0019000
 707.5 0.0018800
 710.0 0.0018600
 712.5 0.0018200
 715.0 0.0018200
 717.5 0.0018000
 720.0 0.0017700
 722.5 0.0017400
 725.0 0.0017300
 727.5 0.0017000
 730.0 0.0016800
 732.5 0.0016700
 735.0 0.0016400
 737.5 0.0016200
 740.0 0.0015900
 742.5 0.0015900
 745.0 0.0015800
 747.5 0.0015800
 750.0 0.0016200
 752.5 0.0015900
 755.0 0.0015700
 757.5 0.0015400
 760.0 0.0015400
 762.5 0.0015000
 765.0 0.0015000
 767.5 0.0015000
 770.0 0.0014800
 772.5 0.0015200
 775.0 0.0014500
 777.5 0.0014600
 780.0 0.0014200
 782.5 0.0013900
 785.0 0.0014000
 787.5 0.0013600
 790.0 0.0013400
 792.5 0.0013400
 795.0 0.0013300
 797.5 0.0013100
 800.0 0.0013000
 802.5 0.0013000
 805.0 0.0012800
 807.5 0.0012800
 810.0 0.0012100
 812.5 0.0012100
 815.0 0.0012100
 817.5 0.0012000
 820.0 0.0012200
 822.5 0.0011900
 825.0 0.0011900
 827.5 0.0011600
 830.0 0.0011500
 832.5 0.0011300
 835.0 0.0011400
 837.5 0.0011200
 840.0 0.0011400
 842.5 0.0011200
 845.0 0.0011400
 847.5 0.0011000
 850.0 0.0011000
 852.5 0.0010800
 855.0 0.0010600
 857.5 0.0010500
 860.0 0.0010400
 862.5 0.0010400
 865.0 0.0010300
 867.5 0.0010300
 870.0 0.0010300
 872.5 0.0010100
 875.0 0.0010100
 877.5 0.0009900
 880.0 0.0010000
 882.5 0.0009800
 885.0 0.0009600
 887.5 0.0009800
 890.0 0.0009200
 892.5 0.0009300
 895.0 0.0009100
 897.5 0.0009000
 900.0 0.0008900
 902.5 0.0008900
 905.0 0.0008900
 907.5 0.0008700
 910.0 0.0008500
 912.5 0.0008800
 915.0 0.0008900
 917.5 0.0008700
 920.0 0.0008600
 922.5 0.0008400
 925.0 0.0007900
 927.5 0.0007800
 930.0 0.0007500
 932.5 0.0008100
 935.0 0.0008000
 937.5 0.0008200
 940.0 0.0008200
 942.5 0.0008100
 945.0 0.0007900
 947.5 0.0007800
 950.0 0.0007600
 952.5 0.0007400
 955.0 0.0007500
 957.5 0.0007600
 960.0 0.0007700
 962.5 0.0007500
 965.0 0.0007400
 967.5 0.0007300
 970.0 0.0007200
 972.5 0.0007200
 975.0 0.0007100
 977.5 0.0007100
 980.0 0.0007100
 982.5 0.0007000
 985.0 0.0007000
 987.5 0.0007000
 990.0 0.0007100
 992.5 0.0007000
 995.0 0.0006900
 997.5 0.0006700
1000.0 0.0006500
1002.5 0.0006400
1005.0 0.0006300
1007.5 0.0006300
1010.0 0.0006400
1012.5 0.0006500
1015.0 0.0006400
1017.5 0.0006500
1020.0 0.0006400
1022.5 0.0006400
1025.0 0.0006300
1027.5 0.0006300
1030.0 0.0006200
1032.5 0.0006200
1035.0 0.0006100
1037.5 0.0006100
1040.0 0.0006000
1042.5 0.0006000
1045.0 0.0006000
1047.5 0.0005800
1050.0 0.0005800
1052.5 0.0005700
1055.0 0.0005700
1057.5 0.0005600
1060.0 0.0005500
1062.5 0.0005500
1065.0 0.0005400
1067.5 0.0005400
1070.0 0.0005300
1072.5 0.0005300
1075.0 0.0005300
1077.5 0.0005200
1080.0 0.0005200

# nm  Flux(W/m2/m) for star HR 5953 from file: table6.dat
 320.0 0.0158500
 322.5 0.0155200
 325.0 0.0156600
 327.5 0.0153700
 330.0 0.0149100
 332.5 0.0146200
 335.0 0.0145100
 337.5 0.0141600
 340.0 0.0143700
 342.5 0.0139200
 345.0 0.0136500
 347.5 0.0134800
 350.0 0.0133500
 352.5 0.0131000
 355.0 0.0129900
 357.5 0.0125900
 360.0 0.0122900
 362.5 0.0120100
 365.0 0.0117600
 367.5 0.0116600
 370.0 0.0114900
 372.5 0.0111700
 375.0 0.0112000
 377.5 0.0108000
 380.0 0.0108500
 382.5 0.0108300
 385.0 0.0110000
 387.5 0.0108800
 390.0 0.0107000
 392.5 0.0110000
 395.0 0.0104700
 397.5 0.0099600
 400.0 0.0102500
 402.5 0.0101000
 405.0 0.0099900
 407.5 0.0094800
 410.0 0.0088700
 412.5 0.0090400
 415.0 0.0093500
 417.5 0.0092600
 420.0 0.0090700
 422.5 0.0089600
 425.0 0.0088600
 427.5 0.0086700
 430.0 0.0083600
 432.5 0.0077300
 435.0 0.0075600
 437.5 0.0078400
 440.0 0.0078700
 442.5 0.0077700
 445.0 0.0076000
 447.5 0.0074000
 450.0 0.0074300
 452.5 0.0073900
 455.0 0.0071600
 457.5 0.0069800
 460.0 0.0068700
 462.5 0.0067900
 465.0 0.0066300
 467.5 0.0065600
 470.0 0.0065400
 472.5 0.0065300
 475.0 0.0065000
 477.5 0.0063300
 480.0 0.0063100
 482.5 0.0061200
 485.0 0.0057100
 487.5 0.0055900
 490.0 0.0057900
 492.5 0.0057200
 495.0 0.0056900
 497.5 0.0056200
 500.0 0.0055300
 502.5 0.0054500
 505.0 0.0053800
 507.5 0.0053700
 510.0 0.0052500
 512.5 0.0051400
 515.0 0.0051100
 517.5 0.0050800
 520.0 0.0050700
 522.5 0.0049200
 525.0 0.0048500
 527.5 0.0047900
 530.0 0.0046200
 532.5 0.0046400
 535.0 0.0046300
 537.5 0.0045900
 540.0 0.0044800
 542.5 0.0044500
 545.0 0.0043800
 547.5 0.0042900
 550.0 0.0042700
 552.5 0.0042100
 555.0 0.0041000
 557.5 0.0040900
 560.0 0.0040500
 562.5 0.0039500
 565.0 0.0038900
 567.5 0.0038300
 570.0 0.0037300
 572.5 0.0036700
 575.0 0.0036300
 577.5 0.0035800
 580.0 0.0035200
 582.5 0.0035100
 585.0 0.0034500
 587.5 0.0033100
 590.0 0.0033200
 592.5 0.0033500
 595.0 0.0032700
 597.5 0.0032400
 600.0 0.0031900
 602.5 0.0031900
 605.0 0.0031600
 607.5 0.0031300
 610.0 0.0030700
 612.5 0.0030500
 615.0 0.0030100
 617.5 0.0029600
 620.0 0.0029200
 622.5 0.0028800
 625.0 0.0028200
 627.5 0.0027700
 630.0 0.0027200
 632.5 0.0027200
 635.0 0.0027000
 637.5 0.0026800
 640.0 0.0026300
 642.5 0.0026100
 645.0 0.0026000
 647.5 0.0024700
 650.0 0.0023700
 652.5 0.0023400
 655.0 0.0022700
 657.5 0.0022500
 660.0 0.0023200
 662.5 0.0023800
 665.0 0.0023500
 667.5 0.0022900
 670.0 0.0022500
 672.5 0.0022500
 675.0 0.0021900
 677.5 0.0021600
 680.0 0.0021400
 682.5 0.0021100
 685.0 0.0021000
 687.5 0.0020200
 690.0 0.0020700
 692.5 0.0020200
 695.0 0.0020100
 697.5 0.0019700
 700.0 0.0019500
 702.5 0.0019100
 705.0 0.0019000
 707.5 0.0018500
 710.0 0.0018200
 712.5 0.0018300
 715.0 0.0018300
 717.5 0.0018000
 720.0 0.0017600
 722.5 0.0017400
 725.0 0.0017300
 727.5 0.0016900
 730.0 0.0016700
 732.5 0.0016800
 735.0 0.0016500

