# nm  Flux(W/m2/m) for star HR 5984 from file: table5.dat
 320.0 0.0125400
 322.5 0.0124400
 325.0 0.0121500
 327.5 0.0117700
 330.0 0.0114700
 332.5 0.0112600
 335.0 0.0111200
 337.5 0.0109600
 340.0 0.0107600
 342.5 0.0105700
 345.0 0.0104000
 347.5 0.0102600
 350.0 0.0101000
 352.5 0.0099000
 355.0 0.0096800
 357.5 0.0094700
 360.0 0.0093000
 362.5 0.0091600
 365.0 0.0090600
 367.5 0.0089700
 370.0 0.0088700
 372.5 0.0088000
 375.0 0.0087800
 377.5 0.0087800
 380.0 0.0087900
 382.5 0.0087900
 385.0 0.0088000
 387.5 0.0087700
 390.0 0.0087100
 392.5 0.0086000
 395.0 0.0084300
 397.5 0.0082500
 400.0 0.0081300
 402.5 0.0080200
 405.0 0.0078700
 407.5 0.0076500
 410.0 0.0074500
 412.5 0.0073600
 415.0 0.0073500
 417.5 0.0073700
 420.0 0.0073600
 422.5 0.0073000
 425.0 0.0071900
 427.5 0.0070000
 430.0 0.0067400
 432.5 0.0064800
 435.0 0.0063300
 437.5 0.0063000
 440.0 0.0063300
 442.5 0.0063300
 445.0 0.0063000
 447.5 0.0062600
 450.0 0.0062000
 452.5 0.0061000
 455.0 0.0059900
 457.5 0.0058700
 460.0 0.0057700
 462.5 0.0056800
 465.0 0.0055900
 467.5 0.0055000
 470.0 0.0054400
 472.5 0.0054000
 475.0 0.0053700
 477.5 0.0053200
 480.0 0.0052200
 482.5 0.0050800
 485.0 0.0049100
 487.5 0.0047900
 490.0 0.0047400
 492.5 0.0047300
 495.0 0.0047200
 497.5 0.0046700
 500.0 0.0046300
 502.5 0.0045800
 505.0 0.0045300
 507.5 0.0044800
 510.0 0.0044000
 512.5 0.0043700
 515.0 0.0043500
 517.5 0.0043200
 520.0 0.0042500
 522.5 0.0042000
 525.0 0.0041800
 527.5 0.0040800
 530.0 0.0040300
 532.5 0.0039800
 535.0 0.0039400
 537.5 0.0038700
 540.0 0.0038200
 542.5 0.0037700
 545.0 0.0037000
 547.5 0.0036500
 550.0 0.0036000
 552.5 0.0036100
 555.0 0.0035500
 557.5 0.0034800
 560.0 0.0034400
 562.5 0.0033800
 565.0 0.0033200
 567.5 0.0032400
 570.0 0.0032200
 572.5 0.0031400
 575.0 0.0031000
 577.5 0.0030800
 580.0 0.0030500
 582.5 0.0030300
 585.0 0.0029900
 587.5 0.0029400
 590.0 0.0029000
 592.5 0.0028800
 595.0 0.0028600
 597.5 0.0028100
 600.0 0.0027600
 602.5 0.0027400
 605.0 0.0027400
 607.5 0.0026900
 610.0 0.0026900
 612.5 0.0026500
 615.0 0.0025900
 617.5 0.0025600
 620.0 0.0025100
 622.5 0.0024700
 625.0 0.0024400
 627.5 0.0024000
 630.0 0.0023700
 632.5 0.0023600
 635.0 0.0023500
 637.5 0.0023200
 640.0 0.0022900
 642.5 0.0022600
 645.0 0.0022000
 647.5 0.0021400
 650.0 0.0020400
 652.5 0.0019900
 655.0 0.0019400
 657.5 0.0019200
 660.0 0.0019200
 662.5 0.0019100
 665.0 0.0019200
 667.5 0.0019100
 670.0 0.0019000
 672.5 0.0018800
 675.0 0.0018700
 677.5 0.0018600
 680.0 0.0018500
 682.5 0.0018300
 685.0 0.0018100
 687.5 0.0017700
 690.0 0.0017500
 692.5 0.0017300
 695.0 0.0017200
 697.5 0.0017300
 700.0 0.0017400
 702.5 0.0017200
 705.0 0.0016900
 707.5 0.0016800
 710.0 0.0016600
 712.5 0.0016200
 715.0 0.0016000
 717.5 0.0015800
 720.0 0.0015500
 722.5 0.0015400
 725.0 0.0015400
 727.5 0.0015300
 730.0 0.0015000
 732.5 0.0014800
 735.0 0.0014600
 737.5 0.0014300
 740.0 0.0014300
 742.5 0.0013700
 745.0 0.0013400
 747.5 0.0013500
 750.0 0.0013400
 752.5 0.0014000
 755.0 0.0014000
 757.5 0.0013900
 760.0 0.0013900
 762.5 0.0013900
 765.0 0.0013800
 767.5 0.0013800
 770.0 0.0013800
 772.5 0.0013700
 775.0 0.0012700
 777.5 0.0012200
 780.0 0.0012300
 782.5 0.0012100
 785.0 0.0011900
 787.5 0.0011800
 790.0 0.0011700
 792.5 0.0011600
 795.0 0.0011300
 797.5 0.0011300
 800.0 0.0011100
 802.5 0.0011000
 805.0 0.0011000
 807.5 0.0010800
 810.0 0.0010400
 812.5 0.0010500
 815.0 0.0010100
 817.5 0.0010300
 820.0 0.0010700
 822.5 0.0010900
 825.0 0.0010900
 827.5 0.0010700
 830.0 0.0009900
 832.5 0.0010000
 835.0 0.0010100
 837.5 0.0010300
 840.0 0.0010100
 842.5 0.0010100
 845.0 0.0010100
 847.5 0.0009600
 850.0 0.0009700
 852.5 0.0009500
 855.0 0.0009100
 857.5 0.0008900
 860.0 0.0009100
 862.5 0.0009000
 865.0 0.0008900
 867.5 0.0008900
 870.0 0.0009200
 872.5 0.0009000
 875.0 0.0009200
 877.5 0.0008800
 880.0 0.0008800
 882.5 0.0008800
 885.0 0.0008700
 887.5 0.0008500
 890.0 0.0008200
 892.5 0.0007800
 895.0 0.0007600
 897.5 0.0008000
 900.0 0.0007900
 902.5 0.0008000
 905.0 0.0008200
 907.5 0.0007600
 910.0 0.0007600
 912.5 0.0007900
 915.0 0.0008100
 917.5 0.0007900
 920.0 0.0008000
 922.5 0.0007800
 925.0 0.0007700
 927.5 0.0007700
 930.0 0.0007700
 932.5 0.0007700
 935.0 0.0007700
 937.5 0.0007700
 940.0 0.0007700
 942.5 0.0007700
 945.0 0.0007100
 947.5 0.0007100
 950.0 0.0007000
 952.5 0.0006700
 955.0 0.0006600
 957.5 0.0006500
 960.0 0.0006600
 962.5 0.0006900
 965.0 0.0006800
 967.5 0.0006800
 970.0 0.0006400
 972.5 0.0006000
 975.0 0.0006300
 977.5 0.0006500
 980.0 0.0006400
 982.5 0.0006500
 985.0 0.0006400
 987.5 0.0006300
 990.0 0.0006200
 992.5 0.0006200
 995.0 0.0006300
 997.5 0.0006100
1000.0 0.0006000
1002.5 0.0006000
1005.0 0.0005800
1007.5 0.0005700
1010.0 0.0005500
1012.5 0.0005500
1015.0 0.0005700
1017.5 0.0006000
1020.0 0.0005800
1022.5 0.0005800
1025.0 0.0005800
1027.5 0.0005800
1030.0 0.0006000
1032.5 0.0005700
1035.0 0.0005500
1037.5 0.0005100
1040.0 0.0005200
1042.5 0.0005000
1045.0 0.0005000
1047.5 0.0004800
1050.0 0.0004900
1052.5 0.0004700
1055.0 0.0004500
1057.5 0.0004600
1060.0 0.0004500
1062.5 0.0004500
1065.0 0.0004200
1067.5 0.0004300
1070.0 0.0004300
1072.5 0.0004500
1075.0 0.0004400
1077.5 0.0004300
1080.0 0.0004100

# nm  Flux(W/m2/m) for star HR 5984 from file: table6.dat
 320.0 0.0127800
 322.5 0.0125800
 325.0 0.0122000
 327.5 0.0116700
 330.0 0.0113400
 332.5 0.0112400
 335.0 0.0111400
 337.5 0.0110100
 340.0 0.0107900
 342.5 0.0105200
 345.0 0.0103300
 347.5 0.0103100
 350.0 0.0101600
 352.5 0.0099000
 355.0 0.0096600
 357.5 0.0094500
 360.0 0.0092500
 362.5 0.0091400
 365.0 0.0090500
 367.5 0.0090100
 370.0 0.0088600
 372.5 0.0086800
 375.0 0.0087800
 377.5 0.0088600
 380.0 0.0087400
 382.5 0.0087200
 385.0 0.0089500
 387.5 0.0087200
 390.0 0.0086800
 392.5 0.0087700
 395.0 0.0084500
 397.5 0.0081000
 400.0 0.0081200
 402.5 0.0080600
 405.0 0.0080200
 407.5 0.0076700
 410.0 0.0072100
 412.5 0.0073200
 415.0 0.0074100
 417.5 0.0073700
 420.0 0.0073600
 422.5 0.0073700
 425.0 0.0072500
 427.5 0.0070400
 430.0 0.0068100
 432.5 0.0063400
 435.0 0.0061700
 437.5 0.0063200
 440.0 0.0063700
 442.5 0.0063600
 445.0 0.0063100
 447.5 0.0062500
 450.0 0.0062500
 452.5 0.0061300
 455.0 0.0059700
 457.5 0.0058500
 460.0 0.0057500
 462.5 0.0056900
 465.0 0.0056000
 467.5 0.0054800
 470.0 0.0053900
 472.5 0.0054100
 475.0 0.0054000
 477.5 0.0053100
 480.0 0.0052700
 482.5 0.0051800
 485.0 0.0048200
 487.5 0.0046600
 490.0 0.0047500
 492.5 0.0047600
 495.0 0.0047200
 497.5 0.0046700
 500.0 0.0046400
 502.5 0.0045600
 505.0 0.0045100
 507.5 0.0045000
 510.0 0.0044400
 512.5 0.0043900
 515.0 0.0043500
 517.5 0.0043100
 520.0 0.0042300
 522.5 0.0041800
 525.0 0.0041000
 527.5 0.0040400
 530.0 0.0039800
 532.5 0.0039400
 535.0 0.0038900
 537.5 0.0038500
 540.0 0.0037800
 542.5 0.0037000
 545.0 0.0036500
 547.5 0.0036100
 550.0 0.0036100
 552.5 0.0035700
 555.0 0.0035200
 557.5 0.0034800
 560.0 0.0034600
 562.5 0.0033900
 565.0 0.0033100
 567.5 0.0032600
 570.0 0.0032100
 572.5 0.0031500
 575.0 0.0031000
 577.5 0.0030600
 580.0 0.0030400
 582.5 0.0030200
 585.0 0.0029900
 587.5 0.0029100
 590.0 0.0028600
 592.5 0.0028600
 595.0 0.0028200
 597.5 0.0028000
 600.0 0.0028000
 602.5 0.0027700
 605.0 0.0027400
 607.5 0.0027000
 610.0 0.0026700
 612.5 0.0026500
 615.0 0.0026200
 617.5 0.0025700
 620.0 0.0025200
 622.5 0.0024800
 625.0 0.0024300
 627.5 0.0023600
 630.0 0.0023500
 632.5 0.0023600
 635.0 0.0023500
 637.5 0.0023300
 640.0 0.0022900
 642.5 0.0022600
 645.0 0.0022200
 647.5 0.0021600
 650.0 0.0020600
 652.5 0.0019900
 655.0 0.0019400
 657.5 0.0019200
 660.0 0.0019700
 662.5 0.0019800
 665.0 0.0019600
 667.5 0.0019500
 670.0 0.0019400
 672.5 0.0019200
 675.0 0.0019000
 677.5 0.0018800
 680.0 0.0018600
 682.5 0.0018700
 685.0 0.0018600
 687.5 0.0017900
 690.0 0.0017500
 692.5 0.0017300
 695.0 0.0017200
 697.5 0.0017400
 700.0 0.0017800
 702.5 0.0017400
 705.0 0.0017100
 707.5 0.0016800
 710.0 0.0016600
 712.5 0.0016500
 715.0 0.0016300
 717.5 0.0016000
 720.0 0.0015700
 722.5 0.0015800
 725.0 0.0015500
 727.5 0.0015200
 730.0 0.0015200
 732.5 0.0014900
 735.0 0.0014500

