# nm  Flux(W/m2/m) for star HR 6075 from file: table5.dat
 320.0 0.0003080
 322.5 0.0002830
 325.0 0.0003000
 327.5 0.0003260
 330.0 0.0003480
 332.5 0.0003530
 335.0 0.0003450
 337.5 0.0003450
 340.0 0.0003580
 342.5 0.0003720
 345.0 0.0003790
 347.5 0.0003890
 350.0 0.0004060
 352.5 0.0004170
 355.0 0.0004120
 357.5 0.0004030
 360.0 0.0004220
 362.5 0.0004720
 365.0 0.0005310
 367.5 0.0005620
 370.0 0.0005550
 372.5 0.0005290
 375.0 0.0005040
 377.5 0.0004840
 380.0 0.0004470
 382.5 0.0004030
 385.0 0.0003880
 387.5 0.0004150
 390.0 0.0004610
 392.5 0.0004980
 395.0 0.0005570
 397.5 0.0006680
 400.0 0.0008140
 402.5 0.0009380
 405.0 0.0010120
 407.5 0.0010470
 410.0 0.0010590
 412.5 0.0010500
 415.0 0.0010380
 417.5 0.0010410
 420.0 0.0010710
 422.5 0.0011010
 425.0 0.0011090
 427.5 0.0011070
 430.0 0.0011300
 432.5 0.0011880
 435.0 0.0012490
 437.5 0.0012850
 440.0 0.0013090
 442.5 0.0013500
 445.0 0.0014130
 447.5 0.0014760
 450.0 0.0015280
 452.5 0.0015570
 455.0 0.0015790
 457.5 0.0016000
 460.0 0.0016260
 462.5 0.0016410
 465.0 0.0016440
 467.5 0.0016500
 470.0 0.0016670
 472.5 0.0016950
 475.0 0.0017190
 477.5 0.0017360
 480.0 0.0017410
 482.5 0.0017280
 485.0 0.0017000
 487.5 0.0016780
 490.0 0.0016830
 492.5 0.0017080
 495.0 0.0017300
 497.5 0.0017310
 500.0 0.0017230
 502.5 0.0017250
 505.0 0.0017440
 507.5 0.0017650
 510.0 0.0017720
 512.5 0.0017430
 515.0 0.0017200
 517.5 0.0017080
 520.0 0.0017350
 522.5 0.0017820
 525.0 0.0018110
 527.5 0.0018350
 530.0 0.0018790
 532.5 0.0019040
 535.0 0.0019050
 537.5 0.0019160
 540.0 0.0019090
 542.5 0.0019000
 545.0 0.0018970
 547.5 0.0019140
 550.0 0.0019270
 552.5 0.0019340
 555.0 0.0019340
 557.5 0.0019300
 560.0 0.0019230
 562.5 0.0019070
 565.0 0.0019110
 567.5 0.0019000
 570.0 0.0019140
 572.5 0.0019280
 575.0 0.0019210
 577.5 0.0019320
 580.0 0.0019530
 582.5 0.0019620
 585.0 0.0019620
 587.5 0.0019660
 590.0 0.0019570
 592.5 0.0019640
 595.0 0.0019590
 597.5 0.0019570
 600.0 0.0019570
 602.5 0.0019770
 605.0 0.0019750
 607.5 0.0019530
 610.0 0.0019210
 612.5 0.0019020
 615.0 0.0018790
 617.5 0.0018830
 620.0 0.0018980
 622.5 0.0019070
 625.0 0.0019040
 627.5 0.0018760
 630.0 0.0018470
 632.5 0.0018520
 635.0 0.0018600
 637.5 0.0018690
 640.0 0.0018670
 642.5 0.0018570
 645.0 0.0018590
 647.5 0.0018450
 650.0 0.0017720
 652.5 0.0017490
 655.0 0.0017510
 657.5 0.0017520
 660.0 0.0017780
 662.5 0.0018110
 665.0 0.0018150
 667.5 0.0018130
 670.0 0.0018180
 672.5 0.0018060
 675.0 0.0018010
 677.5 0.0017960
 680.0 0.0017960
 682.5 0.0017910
 685.0 0.0017830
 687.5 0.0017800
 690.0 0.0017650
 692.5 0.0017380
 695.0 0.0017250
 697.5 0.0017120
 700.0 0.0017030
 702.5 0.0016760
 705.0 0.0016700
 707.5 0.0016700
 710.0 0.0016520
 712.5 0.0016380
 715.0 0.0016220
 717.5 0.0016080
 720.0 0.0015940
 722.5 0.0015850
 725.0 0.0015910
 727.5 0.0015830
 730.0 0.0015750
 732.5 0.0015650
 735.0 0.0015600
 737.5 0.0015550
 740.0 0.0015660
 742.5 0.0015500
 745.0 0.0015530
 747.5 0.0015530
 750.0 0.0015790
 752.5 0.0015850
 755.0 0.0015590
 757.5 0.0015690
 760.0 0.0015790
 762.5 0.0015880
 765.0 0.0016040
 767.5 0.0015890
 770.0 0.0015570
 772.5 0.0015850
 775.0 0.0015910
 777.5 0.0015450
 780.0 0.0015600
 782.5 0.0015550
 785.0 0.0015660
 787.5 0.0015450
 790.0 0.0015140
 792.5 0.0015220
 795.0 0.0015020
 797.5 0.0014960
 800.0 0.0014530
 802.5 0.0014490
 805.0 0.0014320
 807.5 0.0014200
 810.0 0.0013890
 812.5 0.0014020
 815.0 0.0013820
 817.5 0.0013780
 820.0 0.0014090
 822.5 0.0014140
 825.0 0.0014180
 827.5 0.0014060
 830.0 0.0013830
 832.5 0.0013580
 835.0 0.0013560
 837.5 0.0013790
 840.0 0.0014010
 842.5 0.0013940
 845.0 0.0013820
 847.5 0.0014090
 850.0 0.0013550
 852.5 0.0013340
 855.0 0.0013420
 857.5 0.0013610
 860.0 0.0013580
 862.5 0.0013560
 865.0 0.0013230
 867.5 0.0013190
 870.0 0.0013650
 872.5 0.0013590
 875.0 0.0013390
 877.5 0.0013500
 880.0 0.0013610
 882.5 0.0013610
 885.0 0.0013330
 887.5 0.0012850
 890.0 0.0012430
 892.5 0.0012180
 895.0 0.0012190
 897.5 0.0012270
 900.0 0.0012310
 902.5 0.0012330
 905.0 0.0012220
 907.5 0.0011630
 910.0 0.0011470
 912.5 0.0011640
 915.0 0.0011590
 917.5 0.0011780
 920.0 0.0011620
 922.5 0.0011280
 925.0 0.0010970
 927.5 0.0010880
 930.0 0.0010960
 932.5 0.0010960
 935.0 0.0011070
 937.5 0.0011170
 940.0 0.0011270
 942.5 0.0011330
 945.0 0.0011040
 947.5 0.0011330
 950.0 0.0011130
 952.5 0.0011000
 955.0 0.0011250
 957.5 0.0011040
 960.0 0.0011000
 962.5 0.0011250
 965.0 0.0011030
 967.5 0.0011000
 970.0 0.0010820
 972.5 0.0010530
 975.0 0.0010550
 977.5 0.0010750
 980.0 0.0010850
 982.5 0.0010730
 985.0 0.0010850
 987.5 0.0010890
 990.0 0.0010810
 992.5 0.0010900
 995.0 0.0011360
 997.5 0.0011280
1000.0 0.0011040
1002.5 0.0011000
1005.0 0.0011020
1007.5 0.0010810
1010.0 0.0010680
1012.5 0.0010780
1015.0 0.0010660
1017.5 0.0010470
1020.0 0.0010650
1022.5 0.0010630
1025.0 0.0010600
1027.5 0.0010620
1030.0 0.0010600
1032.5 0.0010500
1035.0 0.0010470
1037.5 0.0010400
1040.0 0.0010460
1042.5 0.0010340
1045.0 0.0010380
1047.5 0.0010310
1050.0 0.0010220
1052.5 0.0010220
1055.0 0.0010280
1057.5 0.0010310
1060.0 0.0010320
1062.5 0.0010220
1065.0 0.0010140
1067.5 0.0010080
1070.0 0.0009990
1072.5 0.0009870
1075.0 0.0009970
1077.5 0.0009940
1080.0 0.0009790

# nm  Flux(W/m2/m) for star HR 6075 from file: table6.dat
 320.0 0.0005020
 322.5 0.0005080
 325.0 0.0002640
 327.5 0.0003370
 330.0 0.0003720
 332.5 0.0003720
 335.0 0.0003320
 337.5 0.0003170
 340.0 0.0003620
 342.5 0.0003980
 345.0 0.0003750
 347.5 0.0003670
 350.0 0.0004000
 352.5 0.0004490
 355.0 0.0004420
 357.5 0.0003540
 360.0 0.0003770
 362.5 0.0004780
 365.0 0.0005560
 367.5 0.0005970
 370.0 0.0005820
 372.5 0.0005160
 375.0 0.0004650
 377.5 0.0005210
 380.0 0.0004890
 382.5 0.0003640
 385.0 0.0003210
 387.5 0.0003940
 390.0 0.0005270
 392.5 0.0004960
 395.0 0.0004680
 397.5 0.0006100
 400.0 0.0008690
 402.5 0.0010140
 405.0 0.0010040
 407.5 0.0010470
 410.0 0.0011100
 412.5 0.0010410
 415.0 0.0010220
 417.5 0.0010160
 420.0 0.0010550
 422.5 0.0011310
 425.0 0.0011530
 427.5 0.0010760
 430.0 0.0010450
 432.5 0.0011990
 435.0 0.0013280
 437.5 0.0012730
 440.0 0.0012610
 442.5 0.0013600
 445.0 0.0014010
 447.5 0.0014780
 450.0 0.0015690
 452.5 0.0015530
 455.0 0.0015760
 457.5 0.0015880
 460.0 0.0016280
 462.5 0.0016780
 465.0 0.0016430
 467.5 0.0016160
 470.0 0.0016630
 472.5 0.0017140
 475.0 0.0017200
 477.5 0.0017270
 480.0 0.0017640
 482.5 0.0017590
 485.0 0.0016860
 487.5 0.0016430
 490.0 0.0016700
 492.5 0.0017060
 495.0 0.0017540
 497.5 0.0017550
 500.0 0.0017080
 502.5 0.0016870
 505.0 0.0017520
 507.5 0.0017850
 510.0 0.0017860
 512.5 0.0017670
 515.0 0.0017160
 517.5 0.0016460
 520.0 0.0016890
 522.5 0.0017700
 525.0 0.0018150
 527.5 0.0017650
 530.0 0.0018210
 532.5 0.0018760
 535.0 0.0018880
 537.5 0.0019410
 540.0 0.0018760
 542.5 0.0018310
 545.0 0.0018780
 547.5 0.0018850
 550.0 0.0018860
 552.5 0.0019020
 555.0 0.0019440
 557.5 0.0019340
 560.0 0.0018930
 562.5 0.0019140
 565.0 0.0019160
 567.5 0.0018740
 570.0 0.0018810
 572.5 0.0019070
 575.0 0.0019270
 577.5 0.0019280
 580.0 0.0018810
 582.5 0.0019790
 585.0 0.0019990
 587.5 0.0019440
 590.0 0.0019070
 592.5 0.0019590
 595.0 0.0019660
 597.5 0.0019410
 600.0 0.0019210
 602.5 0.0019410
 605.0 0.0019700
 607.5 0.0019640
 610.0 0.0019120
 612.5 0.0018880
 615.0 0.0018400
 617.5 0.0018370
 620.0 0.0018720
 622.5 0.0018880
 625.0 0.0018450
 627.5 0.0018160
 630.0 0.0017780
 632.5 0.0018130
 635.0 0.0018740
 637.5 0.0018930
 640.0 0.0018400
 642.5 0.0018230
 645.0 0.0018400
 647.5 0.0018710
 650.0 0.0017490
 652.5 0.0017520
 655.0 0.0017220
 657.5 0.0017510
 660.0 0.0018260
 662.5 0.0018540
 665.0 0.0018780
 667.5 0.0018540
 670.0 0.0018250
 672.5 0.0018100
 675.0 0.0018200
 677.5 0.0018060
 680.0 0.0017550
 682.5 0.0017570
 685.0 0.0018010
 687.5 0.0017000
 690.0 0.0017820
 692.5 0.0017570
 695.0 0.0017380
 697.5 0.0017120
 700.0 0.0017050
 702.5 0.0016600
 705.0 0.0016400
 707.5 0.0016220
 710.0 0.0016570
 712.5 0.0016470
 715.0 0.0016280
 717.5 0.0016080
 720.0 0.0015210
 722.5 0.0015590
 725.0 0.0016170
 727.5 0.0015880
 730.0 0.0015250
 732.5 0.0015550
 735.0 0.0015450

