# nm  Flux(W/m2/m) for star HR 6148 from file: table5.dat
 320.0 0.0004110
 322.5 0.0004470
 325.0 0.0004950
 327.5 0.0005360
 330.0 0.0005530
 332.5 0.0005490
 335.0 0.0005440
 337.5 0.0005540
 340.0 0.0005770
 342.5 0.0006010
 345.0 0.0006210
 347.5 0.0006370
 350.0 0.0006440
 352.5 0.0006360
 355.0 0.0006290
 357.5 0.0006530
 360.0 0.0007200
 362.5 0.0008120
 365.0 0.0008900
 367.5 0.0009200
 370.0 0.0009040
 372.5 0.0008640
 375.0 0.0008190
 377.5 0.0007600
 380.0 0.0006870
 382.5 0.0006380
 385.0 0.0006470
 387.5 0.0007010
 390.0 0.0007610
 392.5 0.0008260
 395.0 0.0009530
 397.5 0.0011460
 400.0 0.0013490
 402.5 0.0014890
 405.0 0.0015570
 407.5 0.0015790
 410.0 0.0015750
 412.5 0.0015560
 415.0 0.0015460
 417.5 0.0015650
 420.0 0.0016170
 422.5 0.0016660
 425.0 0.0016870
 427.5 0.0017000
 430.0 0.0017470
 432.5 0.0018370
 435.0 0.0019320
 437.5 0.0020100
 440.0 0.0020760
 442.5 0.0021540
 445.0 0.0022410
 447.5 0.0023180
 450.0 0.0023680
 452.5 0.0023940
 455.0 0.0024170
 457.5 0.0024460
 460.0 0.0024750
 462.5 0.0024840
 465.0 0.0024820
 467.5 0.0024890
 470.0 0.0025140
 472.5 0.0025540
 475.0 0.0025940
 477.5 0.0026210
 480.0 0.0026160
 482.5 0.0025850
 485.0 0.0025520
 487.5 0.0025440
 490.0 0.0025660
 492.5 0.0025890
 495.0 0.0025970
 497.5 0.0025890
 500.0 0.0025870
 502.5 0.0026040
 505.0 0.0026280
 507.5 0.0026330
 510.0 0.0026520
 512.5 0.0026160
 515.0 0.0025970
 517.5 0.0026010
 520.0 0.0026230
 522.5 0.0026500
 525.0 0.0026770
 527.5 0.0027260
 530.0 0.0027870
 532.5 0.0028260
 535.0 0.0028310
 537.5 0.0028210
 540.0 0.0028110
 542.5 0.0028180
 545.0 0.0028210
 547.5 0.0028240
 550.0 0.0028290
 552.5 0.0028290
 555.0 0.0028130
 557.5 0.0027980
 560.0 0.0027900
 562.5 0.0027770
 565.0 0.0027720
 567.5 0.0027750
 570.0 0.0027870
 572.5 0.0028030
 575.0 0.0028210
 577.5 0.0028470
 580.0 0.0028550
 582.5 0.0028580
 585.0 0.0028420
 587.5 0.0028260
 590.0 0.0028240
 592.5 0.0028310
 595.0 0.0028470
 597.5 0.0028470
 600.0 0.0028370
 602.5 0.0028370
 605.0 0.0028290
 607.5 0.0028050
 610.0 0.0027620
 612.5 0.0027370
 615.0 0.0027240
 617.5 0.0027160
 620.0 0.0027060
 622.5 0.0026920
 625.0 0.0026790
 627.5 0.0026790
 630.0 0.0026820
 632.5 0.0026740
 635.0 0.0026720
 637.5 0.0026770
 640.0 0.0026670
 642.5 0.0026550
 645.0 0.0026400
 647.5 0.0026040
 650.0 0.0025210
 652.5 0.0024890
 655.0 0.0024770
 657.5 0.0024890
 660.0 0.0025280
 662.5 0.0025700
 665.0 0.0025890
 667.5 0.0025970
 670.0 0.0026010
 672.5 0.0025850
 675.0 0.0025780
 677.5 0.0025730
 680.0 0.0025610
 682.5 0.0025520
 685.0 0.0025300
 687.5 0.0025210
 690.0 0.0025000
 692.5 0.0024800
 695.0 0.0024500
 697.5 0.0024140
 700.0 0.0023970
 702.5 0.0023770
 705.0 0.0023570
 707.5 0.0023380
 710.0 0.0023100
 712.5 0.0022820
 715.0 0.0022620
 717.5 0.0022390
 720.0 0.0022260
 722.5 0.0022200
 725.0 0.0022180
 727.5 0.0022060
 730.0 0.0021940
 732.5 0.0021900
 735.0 0.0021760
 737.5 0.0021720
 740.0 0.0021980
 742.5 0.0022120
 745.0 0.0021980
 747.5 0.0022020
 750.0 0.0022120
 752.5 0.0022060
 755.0 0.0022240
 757.5 0.0022390
 760.0 0.0022330
 762.5 0.0021960
 765.0 0.0021760
 767.5 0.0021640
 770.0 0.0021640
 772.5 0.0021760
 775.0 0.0021820
 777.5 0.0021760
 780.0 0.0021740
 782.5 0.0021680
 785.0 0.0021480
 787.5 0.0021180
 790.0 0.0020640
 792.5 0.0020440
 795.0 0.0020360
 797.5 0.0020340
 800.0 0.0020440
 802.5 0.0020290
 805.0 0.0020030
 807.5 0.0019930
 810.0 0.0019680
 812.5 0.0019520
 815.0 0.0019440
 817.5 0.0019360
 820.0 0.0019280
 822.5 0.0019320
 825.0 0.0019440
 827.5 0.0019480
 830.0 0.0019300
 832.5 0.0019180
 835.0 0.0019120
 837.5 0.0019120
 840.0 0.0019230
 842.5 0.0019320
 845.0 0.0019270
 847.5 0.0019050
 850.0 0.0018690
 852.5 0.0018330
 855.0 0.0018420
 857.5 0.0018620
 860.0 0.0018860
 862.5 0.0018950
 865.0 0.0018620
 867.5 0.0018520
 870.0 0.0018880
 872.5 0.0019000
 875.0 0.0018860
 877.5 0.0018600
 880.0 0.0018620
 882.5 0.0018550
 885.0 0.0018480
 887.5 0.0018200
 890.0 0.0018060
 892.5 0.0017550
 895.0 0.0017470
 897.5 0.0017330
 900.0 0.0017390
 902.5 0.0017300
 905.0 0.0017120
 907.5 0.0017030
 910.0 0.0016660
 912.5 0.0016320
 915.0 0.0016110
 917.5 0.0016050
 920.0 0.0015720
 922.5 0.0015670
 925.0 0.0015660
 927.5 0.0015950
 930.0 0.0015660
 932.5 0.0015850
 935.0 0.0015570
 937.5 0.0015360
 940.0 0.0015120
 942.5 0.0015020
 945.0 0.0014940
 947.5 0.0014930
 950.0 0.0014900
 952.5 0.0014850
 955.0 0.0014930
 957.5 0.0014860
 960.0 0.0014740
 962.5 0.0014780
 965.0 0.0014800
 967.5 0.0015040
 970.0 0.0015010
 972.5 0.0014930
 975.0 0.0015020
 977.5 0.0015160
 980.0 0.0015160
 982.5 0.0015070
 985.0 0.0015070
 987.5 0.0015110
 990.0 0.0015150
 992.5 0.0015210
 995.0 0.0015320
 997.5 0.0015400
1000.0 0.0015350
1002.5 0.0015220
1005.0 0.0015140
1007.5 0.0015090
1010.0 0.0014970
1012.5 0.0015050
1015.0 0.0015000
1017.5 0.0014940
1020.0 0.0014960
1022.5 0.0014910
1025.0 0.0014870
1027.5 0.0014820
1030.0 0.0014720
1032.5 0.0014530
1035.0 0.0014390
1037.5 0.0014400
1040.0 0.0014760
1042.5 0.0014720
1045.0 0.0014710
1047.5 0.0014620
1050.0 0.0014480
1052.5 0.0014470
1055.0 0.0014410
1057.5 0.0014350
1060.0 0.0014360
1062.5 0.0014270
1065.0 0.0014490
1067.5 0.0014470
1070.0 0.0014360
1072.5 0.0014270
1075.0 0.0014240
1077.5 0.0014140
1080.0 0.0014010

# nm  Flux(W/m2/m) for star HR 6148 from file: table6.dat
 320.0 0.0003940
 322.5 0.0004220
 325.0 0.0005070
 327.5 0.0005620
 330.0 0.0005730
 332.5 0.0005520
 335.0 0.0005170
 337.5 0.0005370
 340.0 0.0005900
 342.5 0.0006080
 345.0 0.0006150
 347.5 0.0006370
 350.0 0.0006670
 352.5 0.0006550
 355.0 0.0005930
 357.5 0.0005990
 360.0 0.0007060
 362.5 0.0008260
 365.0 0.0009260
 367.5 0.0009720
 370.0 0.0009280
 372.5 0.0008260
 375.0 0.0008260
 377.5 0.0008140
 380.0 0.0006820
 382.5 0.0005560
 385.0 0.0005780
 387.5 0.0007400
 390.0 0.0008190
 392.5 0.0007440
 395.0 0.0008390
 397.5 0.0011510
 400.0 0.0014480
 402.5 0.0015460
 405.0 0.0015590
 407.5 0.0015970
 410.0 0.0016030
 412.5 0.0015500
 415.0 0.0015190
 417.5 0.0015190
 420.0 0.0016110
 422.5 0.0017190
 425.0 0.0017300
 427.5 0.0016410
 430.0 0.0016660
 432.5 0.0018660
 435.0 0.0019820
 437.5 0.0019920
 440.0 0.0020630
 442.5 0.0021520
 445.0 0.0022280
 447.5 0.0023510
 450.0 0.0024100
 452.5 0.0023810
 455.0 0.0024010
 457.5 0.0024390
 460.0 0.0025030
 462.5 0.0025070
 465.0 0.0024640
 467.5 0.0024640
 470.0 0.0025070
 472.5 0.0025610
 475.0 0.0025970
 477.5 0.0026380
 480.0 0.0026570
 482.5 0.0025970
 485.0 0.0024980
 487.5 0.0025210
 490.0 0.0025700
 492.5 0.0026040
 495.0 0.0026280
 497.5 0.0025800
 500.0 0.0025470
 502.5 0.0025970
 505.0 0.0026520
 507.5 0.0026550
 510.0 0.0026330
 512.5 0.0025680
 515.0 0.0025170
 517.5 0.0025210
 520.0 0.0025820
 522.5 0.0026230
 525.0 0.0026090
 527.5 0.0026820
 530.0 0.0027640
 532.5 0.0028000
 535.0 0.0028110
 537.5 0.0027800
 540.0 0.0027520
 542.5 0.0027820
 545.0 0.0027980
 547.5 0.0027720
 550.0 0.0027770
 552.5 0.0027980
 555.0 0.0027820
 557.5 0.0027520
 560.0 0.0027540
 562.5 0.0027590
 565.0 0.0027540
 567.5 0.0027470
 570.0 0.0027570
 572.5 0.0028130
 575.0 0.0028290
 577.5 0.0028310
 580.0 0.0028710
 582.5 0.0028920
 585.0 0.0028390
 587.5 0.0027850
 590.0 0.0027950
 592.5 0.0028260
 595.0 0.0028440
 597.5 0.0028240
 600.0 0.0028000
 602.5 0.0028180
 605.0 0.0028290
 607.5 0.0027820
 610.0 0.0027390
 612.5 0.0027160
 615.0 0.0026960
 617.5 0.0027090
 620.0 0.0027040
 622.5 0.0026620
 625.0 0.0026550
 627.5 0.0026720
 630.0 0.0026500
 632.5 0.0026470
 635.0 0.0026520
 637.5 0.0026640
 640.0 0.0026590
 642.5 0.0026590
 645.0 0.0026230
 647.5 0.0025300
 650.0 0.0024460
 652.5 0.0024080
 655.0 0.0023810
 657.5 0.0024230
 660.0 0.0025140
 662.5 0.0025820
 665.0 0.0026280
 667.5 0.0026250
 670.0 0.0025820
 672.5 0.0025700
 675.0 0.0025680
 677.5 0.0025750
 680.0 0.0025820
 682.5 0.0025400
 685.0 0.0024820
 687.5 0.0025140
 690.0 0.0025350
 692.5 0.0024820
 695.0 0.0024230
 697.5 0.0023990
 700.0 0.0023680
 702.5 0.0023440
 705.0 0.0023380
 707.5 0.0023250
 710.0 0.0022820
 712.5 0.0022350
 715.0 0.0022080
 717.5 0.0021860
 720.0 0.0021900
 722.5 0.0021820
 725.0 0.0022040
 727.5 0.0021760
 730.0 0.0021660
 732.5 0.0021680
 735.0 0.0021420

