# nm  Flux(W/m2/m) for star HR 6166 from file: table5a.dat
 500.0 0.0007130
 502.5 0.0007140
 505.0 0.0007140
 507.5 0.0007040
 510.0 0.0006740
 512.5 0.0006260
 515.0 0.0006330
 517.5 0.0006630
 520.0 0.0006710
 522.5 0.0007350
 525.0 0.0007960
 527.5 0.0008000
 530.0 0.0008600
 532.5 0.0009140
 535.0 0.0008780
 537.5 0.0008930
 540.0 0.0008810
 542.5 0.0009200
 545.0 0.0009050
 547.5 0.0009030
 550.0 0.0008990
 552.5 0.0009340
 555.0 0.0009510
 557.5 0.0009610
 560.0 0.0009450
 562.5 0.0009440
 565.0 0.0009340
 567.5 0.0009510
 570.0 0.0009540
 572.5 0.0009780
 575.0 0.0010020
 577.5 0.0010170
 580.0 0.0010290
 582.5 0.0010020
 585.0 0.0009980
 587.5 0.0010080
 590.0 0.0010000
 592.5 0.0010200
 595.0 0.0010410
 597.5 0.0010670
 600.0 0.0010130
 602.5 0.0010390
 605.0 0.0010300
 607.5 0.0010760
 610.0 0.0010250
 612.5 0.0010020
 615.0 0.0009440
 617.5 0.0008990
 620.0 0.0008530
 622.5 0.0008450
 625.0 0.0008730
 627.5 0.0009110
 630.0 0.0009720
 632.5 0.0010120
 635.0 0.0010440
 637.5 0.0010590
 640.0 0.0010950
 642.5 0.0011110
 645.0 0.0011270
 647.5 0.0011250
 650.0 0.0011080
 652.5 0.0011270
 655.0 0.0011470
 657.5 0.0011270
 660.0 0.0011200
 662.5 0.0011110
 665.0 0.0011080
 667.5 0.0011050
 670.0 0.0010760
 672.5 0.0010670
 675.0 0.0010760
 677.5 0.0010810
 680.0 0.0011010
 682.5 0.0011630
 685.0 0.0011710
 687.5 0.0011690
 690.0 0.0011870
 692.5 0.0011970
 695.0 0.0012230
 697.5 0.0012200
 700.0 0.0012110
 702.5 0.0011730
 705.0 0.0011240
 707.5 0.0010570
 710.0 0.0010020
 712.5 0.0010040
 715.0 0.0010040
 717.5 0.0010590
 720.0 0.0010920
 722.5 0.0011270
 725.0 0.0011430
 727.5 0.0011670
 730.0 0.0011860
 732.5 0.0012080
 735.0 0.0012120
 737.5 0.0012130
 740.0 0.0012360
 742.5 0.0012260
 745.0 0.0012430
 747.5 0.0012450
 750.0 0.0012650
 752.5 0.0012550
 755.0 0.0012490
 757.5 0.0012280
 760.0 0.0012360
 762.5 0.0012590
 765.0 0.0012550
 767.5 0.0012380
 770.0 0.0012190
 772.5 0.0012110
 775.0 0.0012310
 777.5 0.0012470
 780.0 0.0012660
 782.5 0.0012470
 785.0 0.0012420
 787.5 0.0012330
 790.0 0.0012080
 792.5 0.0012000
 795.0 0.0012170
 797.5 0.0012210
 800.0 0.0012470
 802.5 0.0012110
 805.0 0.0011910
 807.5 0.0012030
 810.0 0.0011620
 812.5 0.0011990
 815.0 0.0012090
 817.5 0.0012190
 820.0 0.0012310
 822.5 0.0012350
 825.0 0.0012290
 827.5 0.0012110
 830.0 0.0012190
 832.5 0.0011980
 835.0 0.0011780
 837.5 0.0011750
 840.0 0.0011920
 842.5 0.0012100
 845.0 0.0011960
 847.5 0.0011770
 850.0 0.0011470
 852.5 0.0011550
 855.0 0.0011970
 857.5 0.0012250
 860.0 0.0012100
 862.5 0.0012270
 865.0 0.0012010
 867.5 0.0011910
 870.0 0.0012500
 872.5 0.0012580
 875.0 0.0012520
 877.5 0.0012430
 880.0 0.0012290
 882.5 0.0012380
 885.0 0.0012570
 887.5 0.0012810
 890.0 0.0012170
 892.5 0.0011550
 895.0 0.0011380
 897.5 0.0011400
 900.0 0.0011670
 902.5 0.0011600
 905.0 0.0011600
 907.5 0.0011430
 910.0 0.0011240
 912.5 0.0010970
 915.0 0.0010800
 917.5 0.0010810
 920.0 0.0010680
 922.5 0.0010850
 925.0 0.0010820
 927.5 0.0010880
 930.0 0.0010670
 932.5 0.0010790
 935.0 0.0010890
 937.5 0.0010410
 940.0 0.0010610
 942.5 0.0010520
 945.0 0.0010570
 947.5 0.0010910
 950.0 0.0011130
 952.5 0.0010800
 955.0 0.0011130
 957.5 0.0010890
 960.0 0.0010770
 962.5 0.0010830
 965.0 0.0010620
 967.5 0.0010540
 970.0 0.0010410
 972.5 0.0010440
 975.0 0.0010720
 977.5 0.0010820
 980.0 0.0010920
 982.5 0.0011370
 985.0 0.0011020
 987.5 0.0011140
 990.0 0.0011090
 992.5 0.0011260
 995.0 0.0011250
 997.5 0.0011270
1000.0 0.0011220
1002.5 0.0011490
1005.0 0.0011230
1007.5 0.0011230
1010.0 0.0011200
1012.5 0.0011400
1015.0 0.0011340
1017.5 0.0011360
1020.0 0.0011430
1022.5 0.0011510
1025.0 0.0011520
1027.5 0.0011410
1030.0 0.0011340
1032.5 0.0011420
1035.0 0.0011560
1037.5 0.0011360
1040.0 0.0011480
1042.5 0.0011340
1045.0 0.0011590
1047.5 0.0011370
1050.0 0.0011710
1052.5 0.0011690
1055.0 0.0011320
1057.5 0.0011500
1060.0 0.0011530
1062.5 0.0011230
1065.0 0.0011270
1067.5 0.0011500
1070.0 0.0011430
1072.5 0.0011360
1075.0 0.0011370
1077.5 0.0011270
1080.0 0.0011130

