# nm  Flux(W/m2/m) for star HR 6212 from file: table5.dat
 320.0 0.0009040
 322.5 0.0009460
 325.0 0.0010180
 327.5 0.0011140
 330.0 0.0011880
 332.5 0.0012090
 335.0 0.0012020
 337.5 0.0012010
 340.0 0.0012290
 342.5 0.0012490
 345.0 0.0012490
 347.5 0.0012490
 350.0 0.0012810
 352.5 0.0013270
 355.0 0.0013510
 357.5 0.0013340
 360.0 0.0013390
 362.5 0.0013940
 365.0 0.0015020
 367.5 0.0015810
 370.0 0.0015830
 372.5 0.0015590
 375.0 0.0015530
 377.5 0.0015720
 380.0 0.0015300
 382.5 0.0014470
 385.0 0.0014110
 387.5 0.0014440
 390.0 0.0014930
 392.5 0.0014710
 395.0 0.0015390
 397.5 0.0017360
 400.0 0.0020570
 402.5 0.0022680
 405.0 0.0023530
 407.5 0.0023590
 410.0 0.0023900
 412.5 0.0024370
 415.0 0.0024660
 417.5 0.0024730
 420.0 0.0024640
 422.5 0.0024430
 425.0 0.0023920
 427.5 0.0023310
 430.0 0.0023010
 432.5 0.0023510
 435.0 0.0024410
 437.5 0.0025370
 440.0 0.0026160
 442.5 0.0026890
 445.0 0.0027640
 447.5 0.0028390
 450.0 0.0028890
 452.5 0.0029080
 455.0 0.0029050
 457.5 0.0029160
 460.0 0.0029270
 462.5 0.0029240
 465.0 0.0028920
 467.5 0.0028710
 470.0 0.0028810
 472.5 0.0029160
 475.0 0.0029540
 477.5 0.0029760
 480.0 0.0029620
 482.5 0.0028970
 485.0 0.0028160
 487.5 0.0027690
 490.0 0.0027870
 492.5 0.0028210
 495.0 0.0028390
 497.5 0.0028180
 500.0 0.0027950
 502.5 0.0027870
 505.0 0.0028110
 507.5 0.0028260
 510.0 0.0027980
 512.5 0.0027540
 515.0 0.0027190
 517.5 0.0027190
 520.0 0.0027390
 522.5 0.0027520
 525.0 0.0027750
 527.5 0.0027950
 530.0 0.0028210
 532.5 0.0028390
 535.0 0.0028290
 537.5 0.0028110
 540.0 0.0027900
 542.5 0.0027850
 545.0 0.0027900
 547.5 0.0027870
 550.0 0.0027770
 552.5 0.0027540
 555.0 0.0027290
 557.5 0.0027090
 560.0 0.0026940
 562.5 0.0026740
 565.0 0.0026620
 567.5 0.0026570
 570.0 0.0026640
 572.5 0.0026690
 575.0 0.0026720
 577.5 0.0026740
 580.0 0.0026770
 582.5 0.0026690
 585.0 0.0026500
 587.5 0.0026350
 590.0 0.0026330
 592.5 0.0026350
 595.0 0.0026380
 597.5 0.0026280
 600.0 0.0026130
 602.5 0.0026130
 605.0 0.0025970
 607.5 0.0025730
 610.0 0.0025350
 612.5 0.0025070
 615.0 0.0024890
 617.5 0.0024800
 620.0 0.0024800
 622.5 0.0024660
 625.0 0.0024480
 627.5 0.0024390
 630.0 0.0024390
 632.5 0.0024230
 635.0 0.0024100
 637.5 0.0024030
 640.0 0.0023900
 642.5 0.0023770
 645.0 0.0023620
 647.5 0.0023400
 650.0 0.0022740
 652.5 0.0022300
 655.0 0.0022120
 657.5 0.0022060
 660.0 0.0022300
 662.5 0.0022660
 665.0 0.0022820
 667.5 0.0022760
 670.0 0.0022700
 672.5 0.0022470
 675.0 0.0022330
 677.5 0.0022220
 680.0 0.0022160
 682.5 0.0022080
 685.0 0.0021900
 687.5 0.0021780
 690.0 0.0021620
 692.5 0.0021440
 695.0 0.0021240
 697.5 0.0020930
 700.0 0.0020680
 702.5 0.0020470
 705.0 0.0020340
 707.5 0.0020300
 710.0 0.0020170
 712.5 0.0020030
 715.0 0.0019840
 717.5 0.0019590
 720.0 0.0019340
 722.5 0.0019180
 725.0 0.0019120
 727.5 0.0019020
 730.0 0.0018900
 732.5 0.0018830
 735.0 0.0018670
 737.5 0.0018590
 740.0 0.0018230
 742.5 0.0018300
 745.0 0.0018010
 747.5 0.0018080
 750.0 0.0018080
 752.5 0.0018000
 755.0 0.0018000
 757.5 0.0018030
 760.0 0.0017900
 762.5 0.0017570
 765.0 0.0017460
 767.5 0.0017430
 770.0 0.0017390
 772.5 0.0017410
 775.0 0.0017360
 777.5 0.0017200
 780.0 0.0017170
 782.5 0.0017120
 785.0 0.0017060
 787.5 0.0016980
 790.0 0.0016670
 792.5 0.0016570
 795.0 0.0016530
 797.5 0.0016500
 800.0 0.0016490
 802.5 0.0016310
 805.0 0.0016160
 807.5 0.0016130
 810.0 0.0015970
 812.5 0.0015850
 815.0 0.0015690
 817.5 0.0015450
 820.0 0.0015330
 822.5 0.0015420
 825.0 0.0015460
 827.5 0.0015460
 830.0 0.0015390
 832.5 0.0015350
 835.0 0.0015330
 837.5 0.0015290
 840.0 0.0015190
 842.5 0.0015150
 845.0 0.0015070
 847.5 0.0014830
 850.0 0.0014600
 852.5 0.0014390
 855.0 0.0014410
 857.5 0.0014480
 860.0 0.0014530
 862.5 0.0014510
 865.0 0.0014280
 867.5 0.0014150
 870.0 0.0014320
 872.5 0.0014400
 875.0 0.0014280
 877.5 0.0014070
 880.0 0.0014070
 882.5 0.0013970
 885.0 0.0013920
 887.5 0.0013680
 890.0 0.0013590
 892.5 0.0013210
 895.0 0.0013130
 897.5 0.0012950
 900.0 0.0012920
 902.5 0.0012860
 905.0 0.0012740
 907.5 0.0012710
 910.0 0.0012530
 912.5 0.0012460
 915.0 0.0012490
 917.5 0.0012490
 920.0 0.0012270
 922.5 0.0012230
 925.0 0.0012180
 927.5 0.0012380
 930.0 0.0012020
 932.5 0.0012130
 935.0 0.0012010
 937.5 0.0011860
 940.0 0.0011720
 942.5 0.0011680
 945.0 0.0011550
 947.5 0.0011410
 950.0 0.0011310
 952.5 0.0011260
 955.0 0.0011210
 957.5 0.0011090
 960.0 0.0011060
 962.5 0.0011120
 965.0 0.0011100
 967.5 0.0011250
 970.0 0.0011290
 972.5 0.0011280
 975.0 0.0011280
 977.5 0.0011270
 980.0 0.0011260
 982.5 0.0011190
 985.0 0.0011140
 987.5 0.0011150
 990.0 0.0011120
 992.5 0.0011120
 995.0 0.0011220
 997.5 0.0011250
1000.0 0.0011150
1002.5 0.0011000
1005.0 0.0010860
1007.5 0.0010800
1010.0 0.0010730
1012.5 0.0010760
1015.0 0.0010740
1017.5 0.0010720
1020.0 0.0010690
1022.5 0.0010650
1025.0 0.0010590
1027.5 0.0010540
1030.0 0.0010510
1032.5 0.0010380
1035.0 0.0010260
1037.5 0.0010310
1040.0 0.0010530
1042.5 0.0010410
1045.0 0.0010390
1047.5 0.0010250
1050.0 0.0010190
1052.5 0.0010200
1055.0 0.0010140
1057.5 0.0010130
1060.0 0.0010030
1062.5 0.0009940
1065.0 0.0010090
1067.5 0.0010070
1070.0 0.0010020
1072.5 0.0009910
1075.0 0.0009910
1077.5 0.0009840
1080.0 0.0009680

# nm  Flux(W/m2/m) for star HR 6212 from file: table6.dat
 320.0 0.0009150
 322.5 0.0009480
 325.0 0.0009220
 327.5 0.0011600
 330.0 0.0012650
 332.5 0.0012230
 335.0 0.0012070
 337.5 0.0011100
 340.0 0.0012660
 342.5 0.0013090
 345.0 0.0012190
 347.5 0.0012290
 350.0 0.0012350
 352.5 0.0013340
 355.0 0.0014790
 357.5 0.0012790
 360.0 0.0012670
 362.5 0.0013430
 365.0 0.0015250
 367.5 0.0016610
 370.0 0.0016730
 372.5 0.0015010
 375.0 0.0013850
 377.5 0.0017440
 380.0 0.0016580
 382.5 0.0013220
 385.0 0.0012880
 387.5 0.0014150
 390.0 0.0017080
 392.5 0.0014360
 395.0 0.0013190
 397.5 0.0014630
 400.0 0.0023860
 402.5 0.0023920
 405.0 0.0023290
 407.5 0.0023330
 410.0 0.0023550
 412.5 0.0024710
 415.0 0.0025050
 417.5 0.0024640
 420.0 0.0024660
 422.5 0.0024520
 425.0 0.0024430
 427.5 0.0023490
 430.0 0.0021260
 432.5 0.0023420
 435.0 0.0025050
 437.5 0.0025210
 440.0 0.0025970
 442.5 0.0027390
 445.0 0.0027210
 447.5 0.0028310
 450.0 0.0029700
 452.5 0.0029240
 455.0 0.0028580
 457.5 0.0029210
 460.0 0.0029240
 462.5 0.0029920
 465.0 0.0028760
 467.5 0.0028080
 470.0 0.0028630
 472.5 0.0029430
 475.0 0.0029540
 477.5 0.0029730
 480.0 0.0030170
 482.5 0.0029810
 485.0 0.0027340
 487.5 0.0026520
 490.0 0.0028500
 492.5 0.0028110
 495.0 0.0028730
 497.5 0.0028520
 500.0 0.0027640
 502.5 0.0027090
 505.0 0.0028580
 507.5 0.0028550
 510.0 0.0028390
 512.5 0.0027620
 515.0 0.0026690
 517.5 0.0026330
 520.0 0.0027470
 522.5 0.0027690
 525.0 0.0027590
 527.5 0.0027490
 530.0 0.0028580
 532.5 0.0028310
 535.0 0.0028240
 537.5 0.0028260
 540.0 0.0027310
 542.5 0.0027670
 545.0 0.0028260
 547.5 0.0027670
 550.0 0.0027640
 552.5 0.0027670
 555.0 0.0027570
 557.5 0.0027190
 560.0 0.0026670
 562.5 0.0026870
 565.0 0.0026690
 567.5 0.0026620
 570.0 0.0026420
 572.5 0.0026670
 575.0 0.0026990
 577.5 0.0026940
 580.0 0.0026960
 582.5 0.0026670
 585.0 0.0026960
 587.5 0.0026400
 590.0 0.0026160
 592.5 0.0026770
 595.0 0.0026520
 597.5 0.0026550
 600.0 0.0025970
 602.5 0.0026160
 605.0 0.0026180
 607.5 0.0026060
 610.0 0.0025470
 612.5 0.0025350
 615.0 0.0024770
 617.5 0.0024710
 620.0 0.0025030
 622.5 0.0025030
 625.0 0.0024660
 627.5 0.0024500
 630.0 0.0024570
 632.5 0.0024230
 635.0 0.0024120
 637.5 0.0024340
 640.0 0.0024080
 642.5 0.0023860
 645.0 0.0024120
 647.5 0.0023330
 650.0 0.0022700
 652.5 0.0022740
 655.0 0.0022300
 657.5 0.0021340
 660.0 0.0022740
 662.5 0.0023290
 665.0 0.0023400
 667.5 0.0023270
 670.0 0.0022870
 672.5 0.0022370
 675.0 0.0022260
 677.5 0.0022530
 680.0 0.0022410
 682.5 0.0022430
 685.0 0.0022350
 687.5 0.0021620
 690.0 0.0022240
 692.5 0.0021340
 695.0 0.0021560
 697.5 0.0021500
 700.0 0.0020610
 702.5 0.0020760
 705.0 0.0020530
 707.5 0.0020630
 710.0 0.0020250
 712.5 0.0020320
 715.0 0.0020300
 717.5 0.0019820
 720.0 0.0019410
 722.5 0.0019070
 725.0 0.0019520
 727.5 0.0019180
 730.0 0.0019000
 732.5 0.0019300
 735.0 0.0018660

