# nm  Flux(W/m2/m) for star HR 6220 from file: table5.dat
 320.0 0.0002280
 322.5 0.0002440
 325.0 0.0002670
 327.5 0.0003060
 330.0 0.0003330
 332.5 0.0003420
 335.0 0.0003330
 337.5 0.0003290
 340.0 0.0003430
 342.5 0.0003620
 345.0 0.0003710
 347.5 0.0003780
 350.0 0.0003920
 352.5 0.0004030
 355.0 0.0003980
 357.5 0.0003810
 360.0 0.0003920
 362.5 0.0004420
 365.0 0.0005100
 367.5 0.0005510
 370.0 0.0005360
 372.5 0.0005000
 375.0 0.0004720
 377.5 0.0004690
 380.0 0.0004360
 382.5 0.0003760
 385.0 0.0003490
 387.5 0.0003780
 390.0 0.0004410
 392.5 0.0004520
 395.0 0.0004950
 397.5 0.0005860
 400.0 0.0007390
 402.5 0.0008330
 405.0 0.0008690
 407.5 0.0008710
 410.0 0.0008790
 412.5 0.0008770
 415.0 0.0008660
 417.5 0.0008650
 420.0 0.0008880
 422.5 0.0009190
 425.0 0.0009260
 427.5 0.0009280
 430.0 0.0009410
 432.5 0.0009970
 435.0 0.0010470
 437.5 0.0010860
 440.0 0.0011070
 442.5 0.0011420
 445.0 0.0011880
 447.5 0.0012390
 450.0 0.0012750
 452.5 0.0012940
 455.0 0.0013000
 457.5 0.0013190
 460.0 0.0013420
 462.5 0.0013590
 465.0 0.0013550
 467.5 0.0013530
 470.0 0.0013610
 472.5 0.0013840
 475.0 0.0014130
 477.5 0.0014370
 480.0 0.0014470
 482.5 0.0014320
 485.0 0.0014060
 487.5 0.0013880
 490.0 0.0013970
 492.5 0.0014140
 495.0 0.0014260
 497.5 0.0014140
 500.0 0.0014000
 502.5 0.0013960
 505.0 0.0014150
 507.5 0.0014310
 510.0 0.0014370
 512.5 0.0014090
 515.0 0.0013970
 517.5 0.0013890
 520.0 0.0013880
 522.5 0.0014100
 525.0 0.0014280
 527.5 0.0014490
 530.0 0.0014740
 532.5 0.0014940
 535.0 0.0015000
 537.5 0.0015010
 540.0 0.0014960
 542.5 0.0015010
 545.0 0.0015010
 547.5 0.0015080
 550.0 0.0015090
 552.5 0.0015090
 555.0 0.0014940
 557.5 0.0014870
 560.0 0.0014860
 562.5 0.0014740
 565.0 0.0014670
 567.5 0.0014780
 570.0 0.0014750
 572.5 0.0014870
 575.0 0.0015010
 577.5 0.0015090
 580.0 0.0015160
 582.5 0.0015210
 585.0 0.0015220
 587.5 0.0015160
 590.0 0.0015080
 592.5 0.0015080
 595.0 0.0015140
 597.5 0.0015190
 600.0 0.0015230
 602.5 0.0015260
 605.0 0.0015140
 607.5 0.0015080
 610.0 0.0014890
 612.5 0.0014640
 615.0 0.0014560
 617.5 0.0014630
 620.0 0.0014630
 622.5 0.0014620
 625.0 0.0014600
 627.5 0.0014520
 630.0 0.0014370
 632.5 0.0014430
 635.0 0.0014490
 637.5 0.0014490
 640.0 0.0014490
 642.5 0.0014390
 645.0 0.0014360
 647.5 0.0014190
 650.0 0.0013820
 652.5 0.0013690
 655.0 0.0013680
 657.5 0.0013730
 660.0 0.0013880
 662.5 0.0014050
 665.0 0.0014150
 667.5 0.0014140
 670.0 0.0014090
 672.5 0.0014000
 675.0 0.0013960
 677.5 0.0013970
 680.0 0.0014000
 682.5 0.0014020
 685.0 0.0013910
 687.5 0.0013850
 690.0 0.0013730
 692.5 0.0013580
 695.0 0.0013460
 697.5 0.0013300
 700.0 0.0013160
 702.5 0.0013030
 705.0 0.0012990
 707.5 0.0012990
 710.0 0.0012980
 712.5 0.0012880
 715.0 0.0012730
 717.5 0.0012600
 720.0 0.0012440
 722.5 0.0012290
 725.0 0.0012230
 727.5 0.0012220
 730.0 0.0012180
 732.5 0.0012130
 735.0 0.0012060
 737.5 0.0012020
 740.0 0.0012060
 742.5 0.0011990
 745.0 0.0011980
 747.5 0.0011890
 750.0 0.0012030
 752.5 0.0012250
 755.0 0.0011960
 757.5 0.0012150
 760.0 0.0012040
 762.5 0.0012060
 765.0 0.0012060
 767.5 0.0011880
 770.0 0.0011870
 772.5 0.0012030
 775.0 0.0011850
 777.5 0.0011860
 780.0 0.0011920
 782.5 0.0011860
 785.0 0.0011760
 787.5 0.0011660
 790.0 0.0011410
 792.5 0.0011510
 795.0 0.0011410
 797.5 0.0011320
 800.0 0.0011070
 802.5 0.0011080
 805.0 0.0010930
 807.5 0.0010930
 810.0 0.0010730
 812.5 0.0010660
 815.0 0.0010640
 817.5 0.0010650
 820.0 0.0010690
 822.5 0.0010700
 825.0 0.0010770
 827.5 0.0010740
 830.0 0.0010590
 832.5 0.0010510
 835.0 0.0010510
 837.5 0.0010600
 840.0 0.0010560
 842.5 0.0010560
 845.0 0.0010540
 847.5 0.0010510
 850.0 0.0010290
 852.5 0.0010230
 855.0 0.0010320
 857.5 0.0010360
 860.0 0.0010370
 862.5 0.0010330
 865.0 0.0010250
 867.5 0.0010160
 870.0 0.0010350
 872.5 0.0010450
 875.0 0.0010360
 877.5 0.0010200
 880.0 0.0010320
 882.5 0.0010360
 885.0 0.0010290
 887.5 0.0009980
 890.0 0.0009700
 892.5 0.0009490
 895.0 0.0009440
 897.5 0.0009500
 900.0 0.0009540
 902.5 0.0009590
 905.0 0.0009380
 907.5 0.0009120
 910.0 0.0008990
 912.5 0.0008990
 915.0 0.0009010
 917.5 0.0009060
 920.0 0.0008980
 922.5 0.0008860
 925.0 0.0008770
 927.5 0.0008630
 930.0 0.0008550
 932.5 0.0008570
 935.0 0.0008590
 937.5 0.0008610
 940.0 0.0008710
 942.5 0.0008670
 945.0 0.0008650
 947.5 0.0008710
 950.0 0.0008600
 952.5 0.0008520
 955.0 0.0008510
 957.5 0.0008380
 960.0 0.0008360
 962.5 0.0008470
 965.0 0.0008430
 967.5 0.0008410
 970.0 0.0008330
 972.5 0.0008250
 975.0 0.0008250
 977.5 0.0008340
 980.0 0.0008420
 982.5 0.0008260
 985.0 0.0008320
 987.5 0.0008380
 990.0 0.0008340
 992.5 0.0008420
 995.0 0.0008600
 997.5 0.0008610
1000.0 0.0008550
1002.5 0.0008500
1005.0 0.0008380
1007.5 0.0008450
1010.0 0.0008280
1012.5 0.0008210
1015.0 0.0008220
1017.5 0.0008280
1020.0 0.0008160
1022.5 0.0008120
1025.0 0.0008190
1027.5 0.0008060
1030.0 0.0008090
1032.5 0.0008110
1035.0 0.0008020
1037.5 0.0007850
1040.0 0.0007980
1042.5 0.0007960
1045.0 0.0007910
1047.5 0.0007940
1050.0 0.0007930
1052.5 0.0008000
1055.0 0.0007990
1057.5 0.0007890
1060.0 0.0007900
1062.5 0.0007850
1065.0 0.0007700
1067.5 0.0007680
1070.0 0.0007680
1072.5 0.0007660
1075.0 0.0007610
1077.5 0.0007600
1080.0 0.0007500

# nm  Flux(W/m2/m) for star HR 6220 from file: table6.dat
 320.0 0.0002310
 322.5 0.0002640
 325.0 0.0002020
 327.5 0.0003430
 330.0 0.0003540
 332.5 0.0003510
 335.0 0.0003510
 337.5 0.0002750
 340.0 0.0003390
 342.5 0.0004060
 345.0 0.0003570
 347.5 0.0003740
 350.0 0.0003710
 352.5 0.0004230
 355.0 0.0004620
 357.5 0.0003210
 360.0 0.0003370
 362.5 0.0004450
 365.0 0.0005250
 367.5 0.0005940
 370.0 0.0006000
 372.5 0.0004800
 375.0 0.0003510
 377.5 0.0005630
 380.0 0.0005070
 382.5 0.0003340
 385.0 0.0002580
 387.5 0.0002880
 390.0 0.0006190
 392.5 0.0004480
 395.0 0.0003790
 397.5 0.0004460
 400.0 0.0009110
 402.5 0.0009100
 405.0 0.0008260
 407.5 0.0008490
 410.0 0.0009210
 412.5 0.0008860
 415.0 0.0008520
 417.5 0.0008390
 420.0 0.0008710
 422.5 0.0009410
 425.0 0.0009630
 427.5 0.0009360
 430.0 0.0008180
 432.5 0.0010400
 435.0 0.0011040
 437.5 0.0010730
 440.0 0.0010730
 442.5 0.0011620
 445.0 0.0011670
 447.5 0.0012380
 450.0 0.0013160
 452.5 0.0013100
 455.0 0.0012640
 457.5 0.0013240
 460.0 0.0013300
 462.5 0.0014050
 465.0 0.0013560
 467.5 0.0013190
 470.0 0.0013550
 472.5 0.0013920
 475.0 0.0014050
 477.5 0.0014410
 480.0 0.0014750
 482.5 0.0014620
 485.0 0.0013840
 487.5 0.0013400
 490.0 0.0014190
 492.5 0.0014020
 495.0 0.0014530
 497.5 0.0014390
 500.0 0.0013750
 502.5 0.0013460
 505.0 0.0014440
 507.5 0.0014450
 510.0 0.0014390
 512.5 0.0014230
 515.0 0.0013830
 517.5 0.0013260
 520.0 0.0013960
 522.5 0.0014190
 525.0 0.0014260
 527.5 0.0014180
 530.0 0.0015160
 532.5 0.0014760
 535.0 0.0015070
 537.5 0.0015300
 540.0 0.0014640
 542.5 0.0015070
 545.0 0.0015120
 547.5 0.0015040
 550.0 0.0015020
 552.5 0.0015320
 555.0 0.0015080
 557.5 0.0014910
 560.0 0.0014670
 562.5 0.0014830
 565.0 0.0014680
 567.5 0.0015000
 570.0 0.0014670
 572.5 0.0014760
 575.0 0.0015040
 577.5 0.0014930
 580.0 0.0015450
 582.5 0.0015020
 585.0 0.0015560
 587.5 0.0015140
 590.0 0.0014780
 592.5 0.0015330
 595.0 0.0015160
 597.5 0.0015390
 600.0 0.0015010
 602.5 0.0015250
 605.0 0.0015260
 607.5 0.0015160
 610.0 0.0014960
 612.5 0.0014740
 615.0 0.0014430
 617.5 0.0014370
 620.0 0.0014660
 622.5 0.0014660
 625.0 0.0014220
 627.5 0.0014070
 630.0 0.0014530
 632.5 0.0014430
 635.0 0.0014280
 637.5 0.0014590
 640.0 0.0014520
 642.5 0.0014240
 645.0 0.0014670
 647.5 0.0013970
 650.0 0.0013380
 652.5 0.0013590
 655.0 0.0014020
 657.5 0.0013120
 660.0 0.0013830
 662.5 0.0014440
 665.0 0.0014570
 667.5 0.0014270
 670.0 0.0014300
 672.5 0.0013910
 675.0 0.0013790
 677.5 0.0014070
 680.0 0.0013960
 682.5 0.0013910
 685.0 0.0013790
 687.5 0.0013700
 690.0 0.0013960
 692.5 0.0013400
 695.0 0.0013600
 697.5 0.0013320
 700.0 0.0012990
 702.5 0.0012860
 705.0 0.0012600
 707.5 0.0013050
 710.0 0.0013010
 712.5 0.0013010
 715.0 0.0013050
 717.5 0.0012460
 720.0 0.0012120
 722.5 0.0012080
 725.0 0.0012260
 727.5 0.0012020
 730.0 0.0012210
 732.5 0.0012150
 735.0 0.0011890

