# nm  Flux(W/m2/m) for star HR 6229 from file: table5.dat
 320.0 0.
 322.5 0.
 325.0 0.
 327.5 0.
 330.0 0.
 332.5 0.
 335.0 0.
 337.5 0.
 340.0 0.0000360
 342.5 0.0000360
 345.0 0.0000380
 347.5 0.0000410
 350.0 0.0000470
 352.5 0.0000500
 355.0 0.0000490
 357.5 0.0000470
 360.0 0.0000500
 362.5 0.0000610
 365.0 0.0000720
 367.5 0.0000740
 370.0 0.0000680
 372.5 0.0000610
 375.0 0.0000600
 377.5 0.0000620
 380.0 0.0000620
 382.5 0.0000600
 385.0 0.0000610
 387.5 0.0000640
 390.0 0.0000640
 392.5 0.0000660
 395.0 0.0000800
 397.5 0.0001070
 400.0 0.0001410
 402.5 0.0001690
 405.0 0.0001890
 407.5 0.0002040
 410.0 0.0002150
 412.5 0.0002220
 415.0 0.0002250
 417.5 0.0002300
 420.0 0.0002400
 422.5 0.0002530
 425.0 0.0002710
 427.5 0.0002980
 430.0 0.0003390
 432.5 0.0003830
 435.0 0.0004120
 437.5 0.0004270
 440.0 0.0004440
 442.5 0.0004800
 445.0 0.0005240
 447.5 0.0005660
 450.0 0.0005980
 452.5 0.0006250
 455.0 0.0006590
 457.5 0.0006940
 460.0 0.0007220
 462.5 0.0007370
 465.0 0.0007440
 467.5 0.0007540
 470.0 0.0007620
 472.5 0.0007660
 475.0 0.0007640
 477.5 0.0007670
 480.0 0.0007760
 482.5 0.0007860
 485.0 0.0008000
 487.5 0.0008240
 490.0 0.0008520
 492.5 0.0008680
 495.0 0.0008590
 497.5 0.0008340
 500.0 0.0008460
 502.5 0.0008400
 505.0 0.0008360
 507.5 0.0008390
 510.0 0.0008490
 512.5 0.0008020
 515.0 0.0007620
 517.5 0.0007890
 520.0 0.0008340
 522.5 0.0009430
 525.0 0.0010190
 527.5 0.0010790
 530.0 0.0011070
 532.5 0.0011590
 535.0 0.0011770
 537.5 0.0011870
 540.0 0.0011560
 542.5 0.0011690
 545.0 0.0011630
 547.5 0.0011760
 550.0 0.0011930
 552.5 0.0012210
 555.0 0.0012510
 557.5 0.0012290
 560.0 0.0012190
 562.5 0.0012340
 565.0 0.0012340
 567.5 0.0012880
 570.0 0.0013050
 572.5 0.0013400
 575.0 0.0013330
 577.5 0.0013480
 580.0 0.0013740
 582.5 0.0013490
 585.0 0.0013120
 587.5 0.0013040
 590.0 0.0012870
 592.5 0.0013000
 595.0 0.0013600
 597.5 0.0014100
 600.0 0.0014150
 602.5 0.0014520
 605.0 0.0015040
 607.5 0.0015050
 610.0 0.0014740
 612.5 0.0014520
 615.0 0.0013830
 617.5 0.0013280
 620.0 0.0012800
 622.5 0.0012570
 625.0 0.0012750
 627.5 0.0013240
 630.0 0.0014140
 632.5 0.0014700
 635.0 0.0015490
 637.5 0.0015390
 640.0 0.0015570
 642.5 0.0015690
 645.0 0.0015760
 647.5 0.0015860
 650.0 0.0015550
 652.5 0.0015630
 655.0 0.0015730
 657.5 0.0015910
 660.0 0.0015950
 662.5 0.0016220
 665.0 0.0015910
 667.5 0.0015860
 670.0 0.0015700
 672.5 0.0015730
 675.0 0.0015570
 677.5 0.0015500
 680.0 0.0015940
 682.5 0.0016250
 685.0 0.0016280
 687.5 0.0016460
 690.0 0.0016410
 692.5 0.0016840
 695.0 0.0016870
 697.5 0.0016870
 700.0 0.0016920
 702.5 0.0016530
 705.0 0.0016220
 707.5 0.0015390
 710.0 0.0014680
 712.5 0.0014630
 715.0 0.0014620
 717.5 0.0015080
 720.0 0.0015370
 722.5 0.0015810
 725.0 0.0016100
 727.5 0.0016320
 730.0 0.0016440
 732.5 0.0016750
 735.0 0.0017000
 737.5 0.0017050
 740.0 0.0016940
 742.5 0.0017360
 745.0 0.0017190
 747.5 0.0017230
 750.0 0.0017350
 752.5 0.0017910
 755.0 0.0018050
 757.5 0.0017700
 760.0 0.0017720
 762.5 0.0017390
 765.0 0.0017330
 767.5 0.0017350
 770.0 0.0017390
 772.5 0.0017080
 775.0 0.0017460
 777.5 0.0017310
 780.0 0.0017570
 782.5 0.0017570
 785.0 0.0017570
 787.5 0.0017570
 790.0 0.0016900
 792.5 0.0016920
 795.0 0.0016870
 797.5 0.0016920
 800.0 0.0017230
 802.5 0.0016830
 805.0 0.0016760
 807.5 0.0017120
 810.0 0.0017090
 812.5 0.0016970
 815.0 0.0017140
 817.5 0.0017050
 820.0 0.0017380
 822.5 0.0017640
 825.0 0.0017650
 827.5 0.0017570
 830.0 0.0017170
 832.5 0.0017010
 835.0 0.0017090
 837.5 0.0017010
 840.0 0.0016670
 842.5 0.0017090
 845.0 0.0016670
 847.5 0.0016900
 850.0 0.0016070
 852.5 0.0016410
 855.0 0.0016640
 857.5 0.0016720
 860.0 0.0017190
 862.5 0.0016860
 865.0 0.0016670
 867.5 0.0016760
 870.0 0.0017280
 872.5 0.0017300
 875.0 0.0017460
 877.5 0.0017440
 880.0 0.0017090
 882.5 0.0017360
 885.0 0.0017520
 887.5 0.0017880
 890.0 0.0017490
 892.5 0.0016520
 895.0 0.0016500
 897.5 0.0016380
 900.0 0.0016460
 902.5 0.0016630
 905.0 0.0016370
 907.5 0.0016380
 910.0 0.0015920
 912.5 0.0015820
 915.0 0.0015760
 917.5 0.0015350
 920.0 0.0015370
 922.5 0.0015730
 925.0 0.0016100
 927.5 0.0016250
 930.0 0.0016140
 932.5 0.0015560
 935.0 0.0015370
 937.5 0.0014700
 940.0 0.0014910
 942.5 0.0014800
 945.0 0.0014700
 947.5 0.0015260
 950.0 0.0015630
 952.5 0.0015400
 955.0 0.0015620
 957.5 0.0015330
 960.0 0.0015590
 962.5 0.0015160
 965.0 0.0015000
 967.5 0.0015430
 970.0 0.0014890
 972.5 0.0014750
 975.0 0.0015370
 977.5 0.0015460
 980.0 0.0015390
 982.5 0.0015950
 985.0 0.0015820
 987.5 0.0015950
 990.0 0.0015920
 992.5 0.0016040
 995.0 0.0015880
 997.5 0.0015690
1000.0 0.0015890
1002.5 0.0015650
1005.0 0.0016050
1007.5 0.0016170
1010.0 0.0015820
1012.5 0.0016080
1015.0 0.0016170
1017.5 0.0016130
1020.0 0.0015910
1022.5 0.0015920
1025.0 0.0016370
1027.5 0.0015980
1030.0 0.0016520
1032.5 0.0016250
1035.0 0.0015980
1037.5 0.0016310
1040.0 0.0015920
1042.5 0.0016130
1045.0 0.0016070
1047.5 0.0016320
1050.0 0.0015860
1052.5 0.0015970
1055.0 0.0015550
1057.5 0.0016160
1060.0 0.0016050
1062.5 0.0015750
1065.0 0.0015980
1067.5 0.0016200
1070.0 0.0015670
1072.5 0.0015300
1075.0 0.0015760
1077.5 0.0015560
1080.0 0.0015260

# nm  Flux(W/m2/m) for star HR 6229 from file: table6.dat
 320.0 0.
 322.5 0.
 325.0 0.
 327.5 0.
 330.0 0.
 332.5 0.
 335.0 0.
 337.5 0.
 340.0 0.0000360
 342.5 0.0000370
 345.0 0.0000360
 347.5 0.0000370
 350.0 0.0000470
 352.5 0.0000570
 355.0 0.0000560
 357.5 0.0000360
 360.0 0.0000410
 362.5 0.0000620
 365.0 0.0000800
 367.5 0.0000870
 370.0 0.0000680
 372.5 0.0000470
 375.0 0.0000570
 377.5 0.0000730
 380.0 0.0000630
 382.5 0.0000540
 385.0 0.0000560
 387.5 0.0000690
 390.0 0.0000710
 392.5 0.0000560
 395.0 0.0000590
 397.5 0.0000990
 400.0 0.0001560
 402.5 0.0001780
 405.0 0.0001850
 407.5 0.0002070
 410.0 0.0002260
 412.5 0.0002190
 415.0 0.0002220
 417.5 0.0002340
 420.0 0.0002300
 422.5 0.0002470
 425.0 0.0002840
 427.5 0.0002710
 430.0 0.0003150
 432.5 0.0004210
 435.0 0.0004390
 437.5 0.0004010
 440.0 0.0004270
 442.5 0.0004800
 445.0 0.0005150
 447.5 0.0005880
 450.0 0.0006100
 452.5 0.0006010
 455.0 0.0006580
 457.5 0.0007010
 460.0 0.0007400
 462.5 0.0007450
 465.0 0.0007320
 467.5 0.0007490
 470.0 0.0007730
 472.5 0.0007800
 475.0 0.0007530
 477.5 0.0007480
 480.0 0.0007880
 482.5 0.0007970
 485.0 0.0007760
 487.5 0.0008140
 490.0 0.0008680
 492.5 0.0008900
 495.0 0.0008790
 497.5 0.0008290
 500.0 0.0007840
 502.5 0.0008030
 505.0 0.0008380
 507.5 0.0008390
 510.0 0.0008190
 512.5 0.0008160
 515.0 0.0007660
 517.5 0.0007230
 520.0 0.0008100
 522.5 0.0009360
 525.0 0.0009560
 527.5 0.0010120
 530.0 0.0011000
 532.5 0.0010910
 535.0 0.0011610
 537.5 0.0011780
 540.0 0.0011560
 542.5 0.0011800
 545.0 0.0011470
 547.5 0.0011370
 550.0 0.0011750
 552.5 0.0012330
 555.0 0.0012570
 557.5 0.0012390
 560.0 0.0012180
 562.5 0.0012110
 565.0 0.0012310
 567.5 0.0012680
 570.0 0.0012990
 572.5 0.0013350
 575.0 0.0013330
 577.5 0.0013220
 580.0 0.0013840
 582.5 0.0014070
 585.0 0.0013690
 587.5 0.0012450
 590.0 0.0012530
 592.5 0.0013480
 595.0 0.0013800
 597.5 0.0014010
 600.0 0.0014200
 602.5 0.0015040
 605.0 0.0015470
 607.5 0.0015360
 610.0 0.0015230
 612.5 0.0015040
 615.0 0.0014000
 617.5 0.0013290
 620.0 0.0012820
 622.5 0.0012590
 625.0 0.0012710
 627.5 0.0013180
 630.0 0.0014060
 632.5 0.0015360
 635.0 0.0015950
 637.5 0.0015490
 640.0 0.0015560
 642.5 0.0015700
 645.0 0.0015850
 647.5 0.0016000
 650.0 0.0014850
 652.5 0.0014800
 655.0 0.0015180
 657.5 0.0015400
 660.0 0.0016430
 662.5 0.0016160
 665.0 0.0015940
 667.5 0.0015630
 670.0 0.0015420
 672.5 0.0015040
 675.0 0.0015120
 677.5 0.0015370
 680.0 0.0015450
 682.5 0.0015940
 685.0 0.0016400
 687.5 0.0015500
 690.0 0.0017060
 692.5 0.0016760
 695.0 0.0016840
 697.5 0.0017120
 700.0 0.0016940
 702.5 0.0016750
 705.0 0.0016470
 707.5 0.0015520
 710.0 0.0015080
 712.5 0.0014550
 715.0 0.0014570
 717.5 0.0014700
 720.0 0.0014640
 722.5 0.0015700
 725.0 0.0016170
 727.5 0.0016730
 730.0 0.0016750
 732.5 0.0016830
 735.0 0.0016900

