# nm  Flux(W/m2/m) for star HR 6285 from file: table5.dat
 320.0 0.
 322.5 0.
 325.0 0.
 327.5 0.
 330.0 0.
 332.5 0.0000500
 335.0 0.0000470
 337.5 0.0000540
 340.0 0.0000610
 342.5 0.0000660
 345.0 0.0000700
 347.5 0.0000740
 350.0 0.0000790
 352.5 0.0000830
 355.0 0.0000830
 357.5 0.0000830
 360.0 0.0000930
 362.5 0.0001120
 365.0 0.0001300
 367.5 0.0001350
 370.0 0.0001250
 372.5 0.0001160
 375.0 0.0001140
 377.5 0.0001150
 380.0 0.0001100
 382.5 0.0001050
 385.0 0.0001060
 387.5 0.0001110
 390.0 0.0001140
 392.5 0.0001190
 395.0 0.0001450
 397.5 0.0001970
 400.0 0.0002570
 402.5 0.0003030
 405.0 0.0003310
 407.5 0.0003500
 410.0 0.0003620
 412.5 0.0003630
 415.0 0.0003610
 417.5 0.0003660
 420.0 0.0003890
 422.5 0.0004220
 425.0 0.0004590
 427.5 0.0005020
 430.0 0.0005650
 432.5 0.0006400
 435.0 0.0007000
 437.5 0.0007290
 440.0 0.0007500
 442.5 0.0007930
 445.0 0.0008610
 447.5 0.0009350
 450.0 0.0009970
 452.5 0.0010470
 455.0 0.0011000
 457.5 0.0011590
 460.0 0.0012150
 462.5 0.0012460
 465.0 0.0012610
 467.5 0.0012820
 470.0 0.0013160
 472.5 0.0013540
 475.0 0.0013890
 477.5 0.0014200
 480.0 0.0014400
 482.5 0.0014450
 485.0 0.0014480
 487.5 0.0014700
 490.0 0.0015120
 492.5 0.0015470
 495.0 0.0015520
 497.5 0.0015330
 500.0 0.0015280
 502.5 0.0015550
 505.0 0.0015650
 507.5 0.0015650
 510.0 0.0015850
 512.5 0.0015190
 515.0 0.0014680
 517.5 0.0015350
 520.0 0.0015650
 522.5 0.0016500
 525.0 0.0017720
 527.5 0.0018480
 530.0 0.0019930
 532.5 0.0020470
 535.0 0.0020740
 537.5 0.0021030
 540.0 0.0020840
 542.5 0.0020640
 545.0 0.0021260
 547.5 0.0021560
 550.0 0.0022260
 552.5 0.0022000
 555.0 0.0022570
 557.5 0.0022330
 560.0 0.0022620
 562.5 0.0022740
 565.0 0.0023010
 567.5 0.0023270
 570.0 0.0023570
 572.5 0.0024140
 575.0 0.0024660
 577.5 0.0025190
 580.0 0.0025440
 582.5 0.0024870
 585.0 0.0024460
 587.5 0.0024300
 590.0 0.0024210
 592.5 0.0025470
 595.0 0.0025780
 597.5 0.0025990
 600.0 0.0026590
 602.5 0.0027090
 605.0 0.0027160
 607.5 0.0027440
 610.0 0.0026840
 612.5 0.0026280
 615.0 0.0026230
 617.5 0.0024680
 620.0 0.0024480
 622.5 0.0024320
 625.0 0.0024500
 627.5 0.0024770
 630.0 0.0025440
 632.5 0.0026090
 635.0 0.0026870
 637.5 0.0026940
 640.0 0.0027470
 642.5 0.0027800
 645.0 0.0028050
 647.5 0.0028440
 650.0 0.0027470
 652.5 0.0027670
 655.0 0.0028160
 657.5 0.0028110
 660.0 0.0028650
 662.5 0.0029160
 665.0 0.0029000
 667.5 0.0029270
 670.0 0.0029350
 672.5 0.0029300
 675.0 0.0029510
 677.5 0.0029110
 680.0 0.0029430
 682.5 0.0029950
 685.0 0.0030030
 687.5 0.0029920
 690.0 0.0029460
 692.5 0.0029570
 695.0 0.0029130
 697.5 0.0028920
 700.0 0.0029030
 702.5 0.0028730
 705.0 0.0028550
 707.5 0.0027690
 710.0 0.0026820
 712.5 0.0027010
 715.0 0.0026790
 717.5 0.0027440
 720.0 0.0027770
 722.5 0.0027340
 725.0 0.0027750
 727.5 0.0028030
 730.0 0.0027690
 732.5 0.0028210
 735.0 0.0028340
 737.5 0.0028390
 740.0 0.0028390
 742.5 0.0029080
 745.0 0.0028810
 747.5 0.0029000
 750.0 0.0029240
 752.5 0.0030010
 755.0 0.0030480
 757.5 0.0030510
 760.0 0.0030560
 762.5 0.0029790
 765.0 0.0029700
 767.5 0.0029460
 770.0 0.0030140
 772.5 0.0029870
 775.0 0.0030310
 777.5 0.0030510
 780.0 0.0031100
 782.5 0.0030900
 785.0 0.0030450
 787.5 0.0029790
 790.0 0.0028290
 792.5 0.0028050
 795.0 0.0028000
 797.5 0.0028500
 800.0 0.0028890
 802.5 0.0028110
 805.0 0.0027690
 807.5 0.0027980
 810.0 0.0027670
 812.5 0.0027770
 815.0 0.0027930
 817.5 0.0028420
 820.0 0.0029030
 822.5 0.0029210
 825.0 0.0029190
 827.5 0.0028580
 830.0 0.0028240
 832.5 0.0028000
 835.0 0.0028080
 837.5 0.0028080
 840.0 0.0028340
 842.5 0.0028520
 845.0 0.0028840
 847.5 0.0028420
 850.0 0.0027210
 852.5 0.0027420
 855.0 0.0027720
 857.5 0.0028290
 860.0 0.0029110
 862.5 0.0028870
 865.0 0.0028110
 867.5 0.0028340
 870.0 0.0029270
 872.5 0.0029570
 875.0 0.0029730
 877.5 0.0029320
 880.0 0.0029050
 882.5 0.0029790
 885.0 0.0030090
 887.5 0.0030700
 890.0 0.0029760
 892.5 0.0028500
 895.0 0.0028260
 897.5 0.0028000
 900.0 0.0028440
 902.5 0.0028160
 905.0 0.0028210
 907.5 0.0027850
 910.0 0.0027060
 912.5 0.0026250
 915.0 0.0025610
 917.5 0.0025280
 920.0 0.0024730
 922.5 0.0025330
 925.0 0.0026400
 927.5 0.0026690
 930.0 0.0026550
 932.5 0.0025590
 935.0 0.0025070
 937.5 0.0024100
 940.0 0.0024320
 942.5 0.0024030
 945.0 0.0024370
 947.5 0.0025070
 950.0 0.0025820
 952.5 0.0025730
 955.0 0.0025750
 957.5 0.0025730
 960.0 0.0025440
 962.5 0.0025030
 965.0 0.0024800
 967.5 0.0025170
 970.0 0.0024960
 972.5 0.0025000
 975.0 0.0025260
 977.5 0.0025590
 980.0 0.0025970
 982.5 0.0026350
 985.0 0.0026380
 987.5 0.0026620
 990.0 0.0026940
 992.5 0.0027090
 995.0 0.0027370
 997.5 0.0027110
1000.0 0.0027010
1002.5 0.0027010
1005.0 0.0027140
1007.5 0.0027110
1010.0 0.0027470
1012.5 0.0027310
1015.0 0.0027640
1017.5 0.0027620
1020.0 0.0027570
1022.5 0.0027310
1025.0 0.0028050
1027.5 0.0027310
1030.0 0.0027370
1032.5 0.0027110
1035.0 0.0027040
1037.5 0.0027390
1040.0 0.0027620
1042.5 0.0028160
1045.0 0.0027340
1047.5 0.0027490
1050.0 0.0027670
1052.5 0.0027060
1055.0 0.0026570
1057.5 0.0027390
1060.0 0.0026670
1062.5 0.0027090
1065.0 0.0026790
1067.5 0.0026590
1070.0 0.0026550
1072.5 0.0025920
1075.0 0.0026690
1077.5 0.0026090
1080.0 0.0025280

# nm  Flux(W/m2/m) for star HR 6285 from file: table6.dat
 320.0 0.
 322.5 0.
 325.0 0.
 327.5 0.
 330.0 0.
 332.5 0.0000500
 335.0 0.0000480
 337.5 0.0000440
 340.0 0.0000730
 342.5 0.0000680
 345.0 0.0000640
 347.5 0.0000740
 350.0 0.0000760
 352.5 0.0000910
 355.0 0.0000920
 357.5 0.0000680
 360.0 0.0000800
 362.5 0.0001100
 365.0 0.0001470
 367.5 0.0001560
 370.0 0.0001200
 372.5 0.0000980
 375.0 0.0001120
 377.5 0.0001340
 380.0 0.0001090
 382.5 0.0000930
 385.0 0.0000980
 387.5 0.0001180
 390.0 0.0001280
 392.5 0.0001010
 395.0 0.0001040
 397.5 0.0001850
 400.0 0.0002920
 402.5 0.0003210
 405.0 0.0003210
 407.5 0.0003500
 410.0 0.0003870
 412.5 0.0003600
 415.0 0.0003520
 417.5 0.0003570
 420.0 0.0003720
 422.5 0.0004150
 425.0 0.0004840
 427.5 0.0004800
 430.0 0.0005120
 432.5 0.0006710
 435.0 0.0007650
 437.5 0.0007190
 440.0 0.0007130
 442.5 0.0007810
 445.0 0.0008500
 447.5 0.0009480
 450.0 0.0010260
 452.5 0.0010370
 455.0 0.0010810
 457.5 0.0011530
 460.0 0.0012470
 462.5 0.0012790
 465.0 0.0012370
 467.5 0.0012600
 470.0 0.0013190
 472.5 0.0013720
 475.0 0.0013850
 477.5 0.0014100
 480.0 0.0014670
 482.5 0.0014740
 485.0 0.0014030
 487.5 0.0014340
 490.0 0.0015370
 492.5 0.0015690
 495.0 0.0015830
 497.5 0.0015390
 500.0 0.0014670
 502.5 0.0015080
 505.0 0.0015790
 507.5 0.0015790
 510.0 0.0015390
 512.5 0.0015190
 515.0 0.0014260
 517.5 0.0013590
 520.0 0.0014740
 522.5 0.0016530
 525.0 0.0017090
 527.5 0.0017700
 530.0 0.0019200
 532.5 0.0019520
 535.0 0.0020640
 537.5 0.0021200
 540.0 0.0020340
 542.5 0.0020850
 545.0 0.0021220
 547.5 0.0021180
 550.0 0.0021420
 552.5 0.0022220
 555.0 0.0022850
 557.5 0.0023080
 560.0 0.0022850
 562.5 0.0022570
 565.0 0.0022570
 567.5 0.0023120
 570.0 0.0023180
 572.5 0.0023970
 575.0 0.0024230
 577.5 0.0024030
 580.0 0.0025280
 582.5 0.0026180
 585.0 0.0025610
 587.5 0.0022930
 590.0 0.0023210
 592.5 0.0026010
 595.0 0.0026380
 597.5 0.0026130
 600.0 0.0025920
 602.5 0.0027260
 605.0 0.0028340
 607.5 0.0028210
 610.0 0.0027110
 612.5 0.0026550
 615.0 0.0025920
 617.5 0.0025780
 620.0 0.0025280
 622.5 0.0023970
 625.0 0.0023180
 627.5 0.0024500
 630.0 0.0025800
 632.5 0.0026590
 635.0 0.0026280
 637.5 0.0026990
 640.0 0.0027720
 642.5 0.0027980
 645.0 0.0028310
 647.5 0.0027980
 650.0 0.0026450
 652.5 0.0027670
 655.0 0.0027240
 657.5 0.0027470
 660.0 0.0028810
 662.5 0.0029320
 665.0 0.0029270
 667.5 0.0029030
 670.0 0.0028920
 672.5 0.0028420
 675.0 0.0028440
 677.5 0.0028760
 680.0 0.0028760
 682.5 0.0029130
 685.0 0.0030120
 687.5 0.0027870
 690.0 0.0029790
 692.5 0.0029540
 695.0 0.0029080
 697.5 0.0028580
 700.0 0.0028260
 702.5 0.0028110
 705.0 0.0028650
 707.5 0.0027930
 710.0 0.0026570
 712.5 0.0026300
 715.0 0.0026620
 717.5 0.0026500
 720.0 0.0025800
 722.5 0.0027210
 725.0 0.0028520
 727.5 0.0028520
 730.0 0.0027720
 732.5 0.0027570
 735.0 0.0027800

