# nm  Flux(W/m2/m) for star HR 6295 from file: table5a.dat
 500.0 0.0003621
 502.5 0.0003753
 505.0 0.0003784
 507.5 0.0003480
 510.0 0.0003357
 512.5 0.0003542
 515.0 0.0003305
 517.5 0.0003658
 520.0 0.0003802
 522.5 0.0004040
 525.0 0.0004369
 527.5 0.0004471
 530.0 0.0004567
 532.5 0.0004571
 535.0 0.0004747
 537.5 0.0004567
 540.0 0.0004483
 542.5 0.0004550
 545.0 0.0004699
 547.5 0.0004592
 550.0 0.0004622
 552.5 0.0004712
 555.0 0.0004777
 557.5 0.0004871
 560.0 0.0004975
 562.5 0.0004699
 565.0 0.0004647
 567.5 0.0004839
 570.0 0.0004795
 572.5 0.0004813
 575.0 0.0004764
 577.5 0.0005007
 580.0 0.0005063
 582.5 0.0005054
 585.0 0.0004984
 587.5 0.0004975
 590.0 0.0004773
 592.5 0.0005068
 595.0 0.0005195
 597.5 0.0005224
 600.0 0.0010710
 602.5 0.0010740
 605.0 0.0010790
 607.5 0.0010800
 610.0 0.0010590
 612.5 0.0010330
 615.0 0.0010330
 617.5 0.0010140
 620.0 0.0009920
 622.5 0.0009660
 625.0 0.0009760
 627.5 0.0009930
 630.0 0.0010300
 632.5 0.0010540
 635.0 0.0010510
 637.5 0.0010530
 640.0 0.0010740
 642.5 0.0010920
 645.0 0.0011070
 647.5 0.0011050
 650.0 0.0010690
 652.5 0.0010880
 655.0 0.0010830
 657.5 0.0010770
 660.0 0.0010890
 662.5 0.0011040
 665.0 0.0010970
 667.5 0.0011170
 670.0 0.0011040
 672.5 0.0011190
 675.0 0.0011230
 677.5 0.0010950
 680.0 0.0011240
 682.5 0.0011050
 685.0 0.0011230
 687.5 0.0011170
 690.0 0.0011050
 692.5 0.0011060
 695.0 0.0010860
 697.5 0.0010810
 700.0 0.0010940
 702.5 0.0010790
 705.0 0.0010710
 707.5 0.0010350
 710.0 0.0010200
 712.5 0.0010280
 715.0 0.0010080
 717.5 0.0010430
 720.0 0.0010290
 722.5 0.0010250
 725.0 0.0010180
 727.5 0.0010200
 730.0 0.0010260
 732.5 0.0010270
 735.0 0.0010460
 737.5 0.0010430
 740.0 0.0010460
 742.5 0.0010500
 745.0 0.0010470
 747.5 0.0010530
 750.0 0.0010710
 752.5 0.0010830
 755.0 0.0010700
 757.5 0.0010520
 760.0 0.0010720
 762.5 0.0010950
 765.0 0.0011080
 767.5 0.0010880
 770.0 0.0010910
 772.5 0.0010880
 775.0 0.0011000
 777.5 0.0010860
 780.0 0.0010940
 782.5 0.0010920
 785.0 0.0010730
 787.5 0.0010400
 790.0 0.0010060
 792.5 0.0010100
 795.0 0.0009990
 797.5 0.0010110
 800.0 0.0010350
 802.5 0.0009870
 805.0 0.0009950
 807.5 0.0009890
 810.0 0.0009880
 812.5 0.0009880
 815.0 0.0009790
 817.5 0.0010090
 820.0 0.0010160
 822.5 0.0010230
 825.0 0.0010290
 827.5 0.0010130
 830.0 0.0009920
 832.5 0.0009750
 835.0 0.0009940
 837.5 0.0009920
 840.0 0.0009930
 842.5 0.0009950
 845.0 0.0009890
 847.5 0.0009900
 850.0 0.0009470
 852.5 0.0009520
 855.0 0.0009830
 857.5 0.0009800
 860.0 0.0009870
 862.5 0.0009930
 865.0 0.0009740
 867.5 0.0009870
 870.0 0.0010070
 872.5 0.0010190
 875.0 0.0010110
 877.5 0.0010020
 880.0 0.0010000
 882.5 0.0010100
 885.0 0.0010200
 887.5 0.0010470
 890.0 0.0010070
 892.5 0.0009670
 895.0 0.0009600
 897.5 0.0009380
 900.0 0.0009510
 902.5 0.0009570
 905.0 0.0009530
 907.5 0.0009440
 910.0 0.0008970
 912.5 0.0009010
 915.0 0.0008650
 917.5 0.0008700
 920.0 0.0008700
 922.5 0.0008780
 925.0 0.0008900
 927.5 0.0008950
 930.0 0.0008940
 932.5 0.0008820
 935.0 0.0008800
 937.5 0.0008650
 940.0 0.0008500
 942.5 0.0008300
 945.0 0.0008390
 947.5 0.0008570
 950.0 0.0008680
 952.5 0.0008820
 955.0 0.0008740
 957.5 0.0008570
 960.0 0.0008600
 962.5 0.0008530
 965.0 0.0008560
 967.5 0.0008660
 970.0 0.0008530
 972.5 0.0008460
 975.0 0.0008430
 977.5 0.0008640
 980.0 0.0008770
 982.5 0.0009020
 985.0 0.0008750
 987.5 0.0009020
 990.0 0.0008810
 992.5 0.0009020
 995.0 0.0009060
 997.5 0.0009010
1000.0 0.0008900
1002.5 0.0008800
1005.0 0.0008780
1007.5 0.0009000
1010.0 0.0009100
1012.5 0.0009050
1015.0 0.0009310
1017.5 0.0008990
1020.0 0.0008940
1022.5 0.0008970
1025.0 0.0009130
1027.5 0.0008830
1030.0 0.0009110
1032.5 0.0008880
1035.0 0.0008900
1037.5 0.0009140
1040.0 0.0009000
1042.5 0.0009170
1045.0 0.0008930
1047.5 0.0009040
1050.0 0.0009270
1052.5 0.0008960
1055.0 0.0008590
1057.5 0.0008940
1060.0 0.0008600
1062.5 0.0008680
1065.0 0.0008610
1067.5 0.0008740
1070.0 0.0008810
1072.5 0.0008690
1075.0 0.0008350
1077.5 0.0008510
1080.0 0.0008270

