# nm  Flux(W/m2/m) for star HR 6418 from file: table5.dat
 320.0 0.0000410
 322.5 0.0000430
 325.0 0.0000520
 327.5 0.0000630
 330.0 0.0000740
 332.5 0.0000790
 335.0 0.0000800
 337.5 0.0000820
 340.0 0.0000860
 342.5 0.0000910
 345.0 0.0000960
 347.5 0.0001020
 350.0 0.0001080
 352.5 0.0001100
 355.0 0.0001080
 357.5 0.0001080
 360.0 0.0001190
 362.5 0.0001440
 365.0 0.0001730
 367.5 0.0001880
 370.0 0.0001840
 372.5 0.0001690
 375.0 0.0001580
 377.5 0.0001520
 380.0 0.0001440
 382.5 0.0001350
 385.0 0.0001350
 387.5 0.0001440
 390.0 0.0001540
 392.5 0.0001630
 395.0 0.0001910
 397.5 0.0002500
 400.0 0.0003250
 402.5 0.0003890
 405.0 0.0004290
 407.5 0.0004480
 410.0 0.0004530
 412.5 0.0004480
 415.0 0.0004410
 417.5 0.0004480
 420.0 0.0004770
 422.5 0.0005190
 425.0 0.0005580
 427.5 0.0005930
 430.0 0.0006430
 432.5 0.0007130
 435.0 0.0007850
 437.5 0.0008330
 440.0 0.0008650
 442.5 0.0009100
 445.0 0.0009800
 447.5 0.0010610
 450.0 0.0011280
 452.5 0.0011740
 455.0 0.0012150
 457.5 0.0012650
 460.0 0.0013210
 462.5 0.0013630
 465.0 0.0013820
 467.5 0.0013890
 470.0 0.0014030
 472.5 0.0014320
 475.0 0.0014680
 477.5 0.0015050
 480.0 0.0015300
 482.5 0.0015350
 485.0 0.0015260
 487.5 0.0015250
 490.0 0.0015470
 492.5 0.0015830
 495.0 0.0016100
 497.5 0.0016140
 500.0 0.0016100
 502.5 0.0016110
 505.0 0.0016190
 507.5 0.0016140
 510.0 0.0015750
 512.5 0.0015320
 515.0 0.0015090
 517.5 0.0015180
 520.0 0.0015590
 522.5 0.0016200
 525.0 0.0017010
 527.5 0.0017860
 530.0 0.0018670
 532.5 0.0019340
 535.0 0.0019750
 537.5 0.0019900
 540.0 0.0019900
 542.5 0.0019970
 545.0 0.0020080
 547.5 0.0020230
 550.0 0.0020530
 552.5 0.0020800
 555.0 0.0020990
 557.5 0.0021110
 560.0 0.0021140
 562.5 0.0021090
 565.0 0.0021050
 567.5 0.0021160
 570.0 0.0021420
 572.5 0.0021640
 575.0 0.0021860
 577.5 0.0022240
 580.0 0.0022640
 582.5 0.0022890
 585.0 0.0022700
 587.5 0.0022510
 590.0 0.0022410
 592.5 0.0022740
 595.0 0.0023290
 597.5 0.0023620
 600.0 0.0023720
 602.5 0.0024010
 605.0 0.0024140
 607.5 0.0023990
 610.0 0.0023510
 612.5 0.0023210
 615.0 0.0023100
 617.5 0.0022950
 620.0 0.0022760
 622.5 0.0022430
 625.0 0.0022220
 627.5 0.0022260
 630.0 0.0022530
 632.5 0.0022890
 635.0 0.0023100
 637.5 0.0023290
 640.0 0.0023420
 642.5 0.0023570
 645.0 0.0023660
 647.5 0.0023640
 650.0 0.0023140
 652.5 0.0023060
 655.0 0.0023120
 657.5 0.0023230
 660.0 0.0023460
 662.5 0.0023680
 665.0 0.0023900
 667.5 0.0024080
 670.0 0.0024280
 672.5 0.0024250
 675.0 0.0024300
 677.5 0.0024320
 680.0 0.0024340
 682.5 0.0024300
 685.0 0.0024210
 687.5 0.0024190
 690.0 0.0023920
 692.5 0.0023720
 695.0 0.0023460
 697.5 0.0023080
 700.0 0.0022950
 702.5 0.0022870
 705.0 0.0022850
 707.5 0.0022760
 710.0 0.0022510
 712.5 0.0022330
 715.0 0.0022220
 717.5 0.0022180
 720.0 0.0022330
 722.5 0.0022350
 725.0 0.0022300
 727.5 0.0022160
 730.0 0.0022000
 732.5 0.0022040
 735.0 0.0022020
 737.5 0.0022180
 740.0 0.0022020
 742.5 0.0022100
 745.0 0.0022140
 747.5 0.0022330
 750.0 0.0022620
 752.5 0.0022740
 755.0 0.0023080
 757.5 0.0023270
 760.0 0.0023100
 762.5 0.0022640
 765.0 0.0022470
 767.5 0.0022590
 770.0 0.0022820
 772.5 0.0023120
 775.0 0.0023250
 777.5 0.0023290
 780.0 0.0023310
 782.5 0.0023270
 785.0 0.0023010
 787.5 0.0022530
 790.0 0.0021740
 792.5 0.0021380
 795.0 0.0021360
 797.5 0.0021500
 800.0 0.0021760
 802.5 0.0021640
 805.0 0.0021340
 807.5 0.0021140
 810.0 0.0020800
 812.5 0.0020640
 815.0 0.0020610
 817.5 0.0020510
 820.0 0.0020550
 822.5 0.0020890
 825.0 0.0021140
 827.5 0.0021140
 830.0 0.0020990
 832.5 0.0020760
 835.0 0.0020610
 837.5 0.0020640
 840.0 0.0020840
 842.5 0.0021090
 845.0 0.0021240
 847.5 0.0021030
 850.0 0.0020660
 852.5 0.0020360
 855.0 0.0020510
 857.5 0.0020910
 860.0 0.0021340
 862.5 0.0021400
 865.0 0.0021030
 867.5 0.0020930
 870.0 0.0021360
 872.5 0.0021760
 875.0 0.0021820
 877.5 0.0021580
 880.0 0.0021600
 882.5 0.0021640
 885.0 0.0021800
 887.5 0.0021580
 890.0 0.0021420
 892.5 0.0020970
 895.0 0.0020970
 897.5 0.0020740
 900.0 0.0020780
 902.5 0.0020720
 905.0 0.0020570
 907.5 0.0020470
 910.0 0.0019930
 912.5 0.0019280
 915.0 0.0018830
 917.5 0.0018640
 920.0 0.0018400
 922.5 0.0018540
 925.0 0.0018590
 927.5 0.0019020
 930.0 0.0018710
 932.5 0.0018760
 935.0 0.0018370
 937.5 0.0018110
 940.0 0.0017880
 942.5 0.0017900
 945.0 0.0017850
 947.5 0.0017820
 950.0 0.0017850
 952.5 0.0017960
 955.0 0.0018060
 957.5 0.0018010
 960.0 0.0017860
 962.5 0.0017850
 965.0 0.0017820
 967.5 0.0018010
 970.0 0.0018110
 972.5 0.0018210
 975.0 0.0018400
 977.5 0.0018500
 980.0 0.0018660
 982.5 0.0018780
 985.0 0.0018930
 987.5 0.0018980
 990.0 0.0019000
 992.5 0.0019110
 995.0 0.0019320
 997.5 0.0019430
1000.0 0.0019390
1002.5 0.0019270
1005.0 0.0019180
1007.5 0.0019180
1010.0 0.0019110
1012.5 0.0019230
1015.0 0.0019280
1017.5 0.0019250
1020.0 0.0019210
1022.5 0.0019230
1025.0 0.0019250
1027.5 0.0019210
1030.0 0.0019110
1032.5 0.0018980
1035.0 0.0018900
1037.5 0.0018930
1040.0 0.0019390
1042.5 0.0019320
1045.0 0.0019360
1047.5 0.0019280
1050.0 0.0019200
1052.5 0.0019200
1055.0 0.0019120
1057.5 0.0019070
1060.0 0.0019070
1062.5 0.0018970
1065.0 0.0019280
1067.5 0.0019320
1070.0 0.0019210
1072.5 0.0019070
1075.0 0.0018980
1077.5 0.0018850
1080.0 0.0018600

# nm  Flux(W/m2/m) for star HR 6418 from file: table6.dat
 320.0 0.0000450
 322.5 0.0000350
 325.0 0.0000460
 327.5 0.0000670
 330.0 0.0000800
 332.5 0.0000830
 335.0 0.0000780
 337.5 0.0000760
 340.0 0.0000890
 342.5 0.0000930
 345.0 0.0000920
 347.5 0.0001020
 350.0 0.0001090
 352.5 0.0001170
 355.0 0.0001120
 357.5 0.0000940
 360.0 0.0001030
 362.5 0.0001390
 365.0 0.0001850
 367.5 0.0002110
 370.0 0.0001990
 372.5 0.0001530
 375.0 0.0001430
 377.5 0.0001670
 380.0 0.0001520
 382.5 0.0001210
 385.0 0.0001180
 387.5 0.0001470
 390.0 0.0001740
 392.5 0.0001500
 395.0 0.0001490
 397.5 0.0002240
 400.0 0.0003540
 402.5 0.0004210
 405.0 0.0004270
 407.5 0.0004540
 410.0 0.0004740
 412.5 0.0004480
 415.0 0.0004240
 417.5 0.0004310
 420.0 0.0004610
 422.5 0.0005190
 425.0 0.0005860
 427.5 0.0005880
 430.0 0.0005880
 432.5 0.0007080
 435.0 0.0008410
 437.5 0.0008500
 440.0 0.0008330
 442.5 0.0008900
 445.0 0.0009660
 447.5 0.0010730
 450.0 0.0011650
 452.5 0.0011740
 455.0 0.0011960
 457.5 0.0012520
 460.0 0.0013290
 462.5 0.0014030
 465.0 0.0013880
 467.5 0.0013720
 470.0 0.0013890
 472.5 0.0014320
 475.0 0.0014670
 477.5 0.0015040
 480.0 0.0015520
 482.5 0.0015670
 485.0 0.0015120
 487.5 0.0014830
 490.0 0.0015450
 492.5 0.0015890
 495.0 0.0016400
 497.5 0.0016320
 500.0 0.0015880
 502.5 0.0015940
 505.0 0.0016400
 507.5 0.0016350
 510.0 0.0016000
 512.5 0.0015560
 515.0 0.0014930
 517.5 0.0014600
 520.0 0.0015300
 522.5 0.0016350
 525.0 0.0016760
 527.5 0.0017460
 530.0 0.0018860
 532.5 0.0019410
 535.0 0.0020100
 537.5 0.0020230
 540.0 0.0019610
 542.5 0.0019730
 545.0 0.0020160
 547.5 0.0020320
 550.0 0.0020440
 552.5 0.0020780
 555.0 0.0021420
 557.5 0.0021480
 560.0 0.0021340
 562.5 0.0021320
 565.0 0.0021320
 567.5 0.0021640
 570.0 0.0021540
 572.5 0.0021980
 575.0 0.0022280
 577.5 0.0022280
 580.0 0.0022890
 582.5 0.0023680
 585.0 0.0023510
 587.5 0.0022350
 590.0 0.0021960
 592.5 0.0023140
 595.0 0.0023770
 597.5 0.0024010
 600.0 0.0023900
 602.5 0.0024390
 605.0 0.0024870
 607.5 0.0024620
 610.0 0.0024170
 612.5 0.0023680
 615.0 0.0023360
 617.5 0.0023400
 620.0 0.0023460
 622.5 0.0022780
 625.0 0.0022120
 627.5 0.0022700
 630.0 0.0023100
 632.5 0.0023310
 635.0 0.0023420
 637.5 0.0023530
 640.0 0.0023620
 642.5 0.0023810
 645.0 0.0024230
 647.5 0.0024100
 650.0 0.0023360
 652.5 0.0023570
 655.0 0.0023570
 657.5 0.0023460
 660.0 0.0023750
 662.5 0.0024030
 665.0 0.0024460
 667.5 0.0024730
 670.0 0.0024710
 672.5 0.0024410
 675.0 0.0024370
 677.5 0.0024590
 680.0 0.0024870
 682.5 0.0024840
 685.0 0.0024500
 687.5 0.0024430
 690.0 0.0024570
 692.5 0.0024370
 695.0 0.0023810
 697.5 0.0023490
 700.0 0.0023440
 702.5 0.0023330
 705.0 0.0023770
 707.5 0.0023750
 710.0 0.0022970
 712.5 0.0022550
 715.0 0.0022850
 717.5 0.0022820
 720.0 0.0022760
 722.5 0.0023230
 725.0 0.0023590
 727.5 0.0023180
 730.0 0.0022680
 732.5 0.0022510
 735.0 0.0022370

