# nm  Flux(W/m2/m) for star HR 6508 from file: table6.dat
 320.0 0.0334200
 322.5 0.0118400
 325.0 0.0114400
 327.5 0.0112700
 330.0 0.0108900
 332.5 0.0108500
 335.0 0.0107300
 337.5 0.0105900
 340.0 0.0104700
 342.5 0.0103400
 345.0 0.0099900
 347.5 0.0099700
 350.0 0.0096800
 352.5 0.0094800
 355.0 0.0092600
 357.5 0.0091600
 360.0 0.0088300
 362.5 0.0086100
 365.0 0.0085800
 367.5 0.0084200
 370.0 0.0079700
 372.5 0.0079700
 375.0 0.0082000
 377.5 0.0084300
 380.0 0.0083300
 382.5 0.0083600
 385.0 0.0088900
 387.5 0.0084000
 390.0 0.0085700
 392.5 0.0090400
 395.0 0.0081000
 397.5 0.0079300
 400.0 0.0081900
 402.5 0.0081300
 405.0 0.0083500
 407.5 0.0075600
 410.0 0.0070900
 412.5 0.0073200
 415.0 0.0075200
 417.5 0.0075200
 420.0 0.0073800
 422.5 0.0071900
 425.0 0.0070600
 427.5 0.0069200
 430.0 0.0065600
 432.5 0.0059400
 435.0 0.0058700
 437.5 0.0061700
 440.0 0.0061700
 442.5 0.0060300
 445.0 0.0057900
 447.5 0.0056500
 450.0 0.0056700
 452.5 0.0056600
 455.0 0.0055100
 457.5 0.0054000
 460.0 0.0052700
 462.5 0.0052400
 465.0 0.0051700
 467.5 0.0050500
 470.0 0.0050400
 472.5 0.0049600
 475.0 0.0048900
 477.5 0.0047800
 480.0 0.0047000
 482.5 0.0044400
 485.0 0.0041200
 487.5 0.0042000
 490.0 0.0043200
 492.5 0.0042700
 495.0 0.0042500
 497.5 0.0042300
 500.0 0.0040900
 502.5 0.0040600
 505.0 0.0040100
 507.5 0.0040100
 510.0 0.0038900
 512.5 0.0038300
 515.0 0.0037900
 517.5 0.0037000
 520.0 0.0036700
 522.5 0.0036000
 525.0 0.0035200
 527.5 0.0034200
 530.0 0.0033600
 532.5 0.0033000
 535.0 0.0032900
 537.5 0.0032700
 540.0 0.0032300
 542.5 0.0031400
 545.0 0.0030500
 547.5 0.0030500
 550.0 0.0030400
 552.5 0.0029600
 555.0 0.0028600
 557.5 0.0028800
 560.0 0.0028300
 562.5 0.0027400
 565.0 0.0026700
 567.5 0.0026300
 570.0 0.0025800
 572.5 0.0025400
 575.0 0.0025100
 577.5 0.0024500
 580.0 0.0023700
 582.5 0.0023200
 585.0 0.0023400
 587.5 0.0022700
 590.0 0.0023100
 592.5 0.0023000
 595.0 0.0022700
 597.5 0.0022400
 600.0 0.0021700
 602.5 0.0021700
 605.0 0.0021300
 607.5 0.0021200
 610.0 0.0020800
 612.5 0.0020300
 615.0 0.0019900
 617.5 0.0019800
 620.0 0.0019700
 622.5 0.0019400
 625.0 0.0018800
 627.5 0.0018200
 630.0 0.0018100
 632.5 0.0018200
 635.0 0.0017600
 637.5 0.0017600
 640.0 0.0017400
 642.5 0.0017100
 645.0 0.0016700
 647.5 0.0016600
 650.0 0.0016200
 652.5 0.0015600
 655.0 0.0014400
 657.5 0.0014100
 660.0 0.0014700
 662.5 0.0015600
 665.0 0.0015400
 667.5 0.0015000
 670.0 0.0014600
 672.5 0.0014800
 675.0 0.0014500
 677.5 0.0014000
 680.0 0.0013800
 682.5 0.0013800
 685.0 0.0013600
 687.5 0.0012600
 690.0 0.0013700
 692.5 0.0013400
 695.0 0.0013000
 697.5 0.0012600
 700.0 0.0012500
 702.5 0.0012300
 705.0 0.0012000
 707.5 0.0011700
 710.0 0.0011600
 712.5 0.0011600
 715.0 0.0011500
 717.5 0.0011100
 720.0 0.0010900
 722.5 0.0011200
 725.0 0.0011000
 727.5 0.0010800
 730.0 0.0010600
 732.5 0.0010700
 735.0 0.0010300

