# nm  Flux(W/m2/m) for star HR 6536 from file: table5.dat
 320.0 0.0003770
 322.5 0.0003870
 325.0 0.0004200
 327.5 0.0004690
 330.0 0.0005120
 332.5 0.0005240
 335.0 0.0005190
 337.5 0.0005220
 340.0 0.0005530
 342.5 0.0005870
 345.0 0.0006080
 347.5 0.0006190
 350.0 0.0006370
 352.5 0.0006500
 355.0 0.0006530
 357.5 0.0006420
 360.0 0.0006620
 362.5 0.0007200
 365.0 0.0008100
 367.5 0.0008940
 370.0 0.0009430
 372.5 0.0009410
 375.0 0.0008970
 377.5 0.0008440
 380.0 0.0007940
 382.5 0.0007630
 385.0 0.0007600
 387.5 0.0007830
 390.0 0.0008010
 392.5 0.0008230
 395.0 0.0008920
 397.5 0.0010520
 400.0 0.0012470
 402.5 0.0014070
 405.0 0.0014910
 407.5 0.0015290
 410.0 0.0015490
 412.5 0.0015600
 415.0 0.0015660
 417.5 0.0015790
 420.0 0.0016100
 422.5 0.0016460
 425.0 0.0016640
 427.5 0.0016640
 430.0 0.0016870
 432.5 0.0017550
 435.0 0.0018480
 437.5 0.0019160
 440.0 0.0019570
 442.5 0.0019990
 445.0 0.0020740
 447.5 0.0021620
 450.0 0.0022330
 452.5 0.0022620
 455.0 0.0022780
 457.5 0.0023120
 460.0 0.0023640
 462.5 0.0024080
 465.0 0.0024280
 467.5 0.0024390
 470.0 0.0024680
 472.5 0.0025190
 475.0 0.0025750
 477.5 0.0026160
 480.0 0.0026280
 482.5 0.0026010
 485.0 0.0025520
 487.5 0.0025190
 490.0 0.0025300
 492.5 0.0025660
 495.0 0.0025890
 497.5 0.0025800
 500.0 0.0025560
 502.5 0.0025540
 505.0 0.0025870
 507.5 0.0026210
 510.0 0.0026130
 512.5 0.0025800
 515.0 0.0025610
 517.5 0.0025540
 520.0 0.0025680
 522.5 0.0025970
 525.0 0.0026330
 527.5 0.0026820
 530.0 0.0027340
 532.5 0.0027750
 535.0 0.0027900
 537.5 0.0027900
 540.0 0.0027900
 542.5 0.0028030
 545.0 0.0028050
 547.5 0.0028160
 550.0 0.0028290
 552.5 0.0028290
 555.0 0.0028160
 557.5 0.0028050
 560.0 0.0027950
 562.5 0.0027850
 565.0 0.0027750
 567.5 0.0027820
 570.0 0.0028110
 572.5 0.0028290
 575.0 0.0028470
 577.5 0.0028710
 580.0 0.0028810
 582.5 0.0028870
 585.0 0.0028710
 587.5 0.0028650
 590.0 0.0028840
 592.5 0.0028950
 595.0 0.0029030
 597.5 0.0028970
 600.0 0.0028760
 602.5 0.0028810
 605.0 0.0028810
 607.5 0.0028520
 610.0 0.0027950
 612.5 0.0027590
 615.0 0.0027440
 617.5 0.0027440
 620.0 0.0027370
 622.5 0.0027210
 625.0 0.0027090
 627.5 0.0027060
 630.0 0.0027160
 632.5 0.0027260
 635.0 0.0027260
 637.5 0.0027290
 640.0 0.0027160
 642.5 0.0027040
 645.0 0.0026960
 647.5 0.0026720
 650.0 0.0025970
 652.5 0.0025680
 655.0 0.0025660
 657.5 0.0025780
 660.0 0.0026090
 662.5 0.0026420
 665.0 0.0026590
 667.5 0.0026640
 670.0 0.0026690
 672.5 0.0026550
 675.0 0.0026500
 677.5 0.0026420
 680.0 0.0026330
 682.5 0.0026350
 685.0 0.0026180
 687.5 0.0025990
 690.0 0.0025700
 692.5 0.0025560
 695.0 0.0025300
 697.5 0.0024960
 700.0 0.0024750
 702.5 0.0024550
 705.0 0.0024430
 707.5 0.0024370
 710.0 0.0024300
 712.5 0.0024170
 715.0 0.0023990
 717.5 0.0023660
 720.0 0.0023440
 722.5 0.0023310
 725.0 0.0023180
 727.5 0.0023060
 730.0 0.0022890
 732.5 0.0022850
 735.0 0.0022700
 737.5 0.0022660
 740.0 0.0022450
 742.5 0.0022470
 745.0 0.0022350
 747.5 0.0022450
 750.0 0.0022640
 752.5 0.0022450
 755.0 0.0022510
 757.5 0.0022570
 760.0 0.0022450
 762.5 0.0022140
 765.0 0.0022060
 767.5 0.0021980
 770.0 0.0021960
 772.5 0.0022000
 775.0 0.0022000
 777.5 0.0021960
 780.0 0.0021980
 782.5 0.0022000
 785.0 0.0021920
 787.5 0.0021720
 790.0 0.0021260
 792.5 0.0021010
 795.0 0.0020910
 797.5 0.0020950
 800.0 0.0021010
 802.5 0.0020800
 805.0 0.0020590
 807.5 0.0020550
 810.0 0.0020320
 812.5 0.0020190
 815.0 0.0020060
 817.5 0.0019880
 820.0 0.0019700
 822.5 0.0019820
 825.0 0.0019990
 827.5 0.0020010
 830.0 0.0019840
 832.5 0.0019750
 835.0 0.0019700
 837.5 0.0019620
 840.0 0.0019680
 842.5 0.0019770
 845.0 0.0019640
 847.5 0.0019270
 850.0 0.0018850
 852.5 0.0018500
 855.0 0.0018620
 857.5 0.0018880
 860.0 0.0019120
 862.5 0.0019120
 865.0 0.0018790
 867.5 0.0018690
 870.0 0.0019070
 872.5 0.0019320
 875.0 0.0019210
 877.5 0.0018930
 880.0 0.0018930
 882.5 0.0018810
 885.0 0.0018760
 887.5 0.0018520
 890.0 0.0018350
 892.5 0.0017880
 895.0 0.0017830
 897.5 0.0017700
 900.0 0.0017640
 902.5 0.0017460
 905.0 0.0017270
 907.5 0.0017160
 910.0 0.0016940
 912.5 0.0016840
 915.0 0.0016750
 917.5 0.0016660
 920.0 0.0016340
 922.5 0.0016280
 925.0 0.0016220
 927.5 0.0016530
 930.0 0.0016280
 932.5 0.0016400
 935.0 0.0016130
 937.5 0.0015860
 940.0 0.0015760
 942.5 0.0015820
 945.0 0.0015630
 947.5 0.0015560
 950.0 0.0015530
 952.5 0.0015430
 955.0 0.0015400
 957.5 0.0015300
 960.0 0.0015210
 962.5 0.0015260
 965.0 0.0015220
 967.5 0.0015450
 970.0 0.0015520
 972.5 0.0015520
 975.0 0.0015500
 977.5 0.0015500
 980.0 0.0015490
 982.5 0.0015490
 985.0 0.0015560
 987.5 0.0015530
 990.0 0.0015470
 992.5 0.0015490
 995.0 0.0015660
 997.5 0.0015780
1000.0 0.0015620
1002.5 0.0015420
1005.0 0.0015280
1007.5 0.0015220
1010.0 0.0015150
1012.5 0.0015220
1015.0 0.0015190
1017.5 0.0015150
1020.0 0.0015070
1022.5 0.0015020
1025.0 0.0014970
1027.5 0.0014900
1030.0 0.0014830
1032.5 0.0014640
1035.0 0.0014480
1037.5 0.0014550
1040.0 0.0014850
1042.5 0.0014700
1045.0 0.0014750
1047.5 0.0014660
1050.0 0.0014480
1052.5 0.0014410
1055.0 0.0014360
1057.5 0.0014320
1060.0 0.0014340
1062.5 0.0014150
1065.0 0.0014200
1067.5 0.0014240
1070.0 0.0014190
1072.5 0.0014050
1075.0 0.0014020
1077.5 0.0013960
1080.0 0.0013800

# nm  Flux(W/m2/m) for star HR 6536 from file: table6.dat
 320.0 
 322.5 0.0003720
 325.0 0.0003700
 327.5 0.0004850
 330.0 0.0005590
 332.5 0.0005380
 335.0 0.0005160
 337.5 0.0004660
 340.0 0.0005590
 342.5 0.0006180
 345.0 0.0006180
 347.5 0.0006060
 350.0 0.0006140
 352.5 0.0006680
 355.0 0.0007200
 357.5 0.0005780
 360.0 0.0006080
 362.5 0.0007230
 365.0 0.0008130
 367.5 0.0008900
 370.0 0.0010150
 372.5 0.0009970
 375.0 0.0008530
 377.5 0.0008460
 380.0 0.0008120
 382.5 0.0007260
 385.0 0.0007030
 387.5 0.0008110
 390.0 0.0008460
 392.5 0.0007950
 395.0 0.0007540
 397.5 0.0010040
 400.0 0.0013220
 402.5 0.0015040
 405.0 0.0014930
 407.5 0.0015250
 410.0 0.0015650
 412.5 0.0015730
 415.0 0.0015570
 417.5 0.0015590
 420.0 0.0015940
 422.5 0.0016580
 425.0 0.0017190
 427.5 0.0016630
 430.0 0.0015940
 432.5 0.0017140
 435.0 0.0019300
 437.5 0.0019460
 440.0 0.0019320
 442.5 0.0019680
 445.0 0.0020550
 447.5 0.0021640
 450.0 0.0023010
 452.5 0.0022850
 455.0 0.0022330
 457.5 0.0022760
 460.0 0.0023810
 462.5 0.0024620
 465.0 0.0024320
 467.5 0.0023900
 470.0 0.0024590
 472.5 0.0025260
 475.0 0.0025780
 477.5 0.0026300
 480.0 0.0026690
 482.5 0.0026400
 485.0 0.0025260
 487.5 0.0024640
 490.0 0.0025030
 492.5 0.0025870
 495.0 0.0026280
 497.5 0.0026130
 500.0 0.0025260
 502.5 0.0024930
 505.0 0.0025870
 507.5 0.0026720
 510.0 0.0026590
 512.5 0.0025850
 515.0 0.0025280
 517.5 0.0024910
 520.0 0.0025470
 522.5 0.0025750
 525.0 0.0025490
 527.5 0.0027420
 530.0 0.0027570
 532.5 0.0028210
 535.0 0.0028240
 537.5 0.0028030
 540.0 0.0027520
 542.5 0.0027980
 545.0 0.0028290
 547.5 0.0028050
 550.0 0.0028370
 552.5 0.0028550
 555.0 0.0028370
 557.5 0.0028130
 560.0 0.0027820
 562.5 0.0027930
 565.0 0.0027870
 567.5 0.0027900
 570.0 0.0028000
 572.5 0.0028520
 575.0 0.0028840
 577.5 0.0028730
 580.0 0.0028790
 582.5 0.0029240
 585.0 0.0029400
 587.5 0.0028340
 590.0 0.0028760
 592.5 0.0029730
 595.0 0.0029300
 597.5 0.0028870
 600.0 0.0028650
 602.5 0.0028920
 605.0 0.0029160
 607.5 0.0028790
 610.0 0.0028130
 612.5 0.0027640
 615.0 0.0027420
 617.5 0.0027310
 620.0 0.0027540
 622.5 0.0027590
 625.0 0.0027140
 627.5 0.0026960
 630.0 0.0027110
 632.5 0.0027290
 635.0 0.0027190
 637.5 0.0027520
 640.0 0.0027040
 642.5 0.0027260
 645.0 0.0027750
 647.5 0.0026350
 650.0 0.0025520
 652.5 0.0025680
 655.0 0.0025420
 657.5 0.0025520
 660.0 0.0026420
 662.5 0.0027040
 665.0 0.0027110
 667.5 0.0026940
 670.0 0.0026720
 672.5 0.0026590
 675.0 0.0026420
 677.5 0.0026400
 680.0 0.0026740
 682.5 0.0026470
 685.0 0.0026840
 687.5 0.0026350
 690.0 0.0025870
 692.5 0.0025630
 695.0 0.0025540
 697.5 0.0025260
 700.0 0.0024840
 702.5 0.0024550
 705.0 0.0024730
 707.5 0.0024620
 710.0 0.0024280
 712.5 0.0024190
 715.0 0.0025030
 717.5 0.0024230
 720.0 0.0022970
 722.5 0.0023080
 725.0 0.0023830
 727.5 0.0023380
 730.0 0.0022700
 732.5 0.0022930
 735.0 0.0022570

