# nm  Flux(W/m2/m) for star HR 6596 from file: table5.dat
 320.0 0.0002594
 322.5 0.0002692
 325.0 0.0002821
 327.5 0.0002959
 330.0 0.0003065
 332.5 0.0003105
 335.0 0.0003107
 337.5 0.0003110
 340.0 0.0003128
 342.5 0.0003142
 345.0 0.0003151
 347.5 0.0003171
 350.0 0.0003209
 352.5 0.0003242
 355.0 0.0003236
 357.5 0.0003200
 360.0 0.0003192
 362.5 0.0003248
 365.0 0.0003360
 367.5 0.0003461
 370.0 0.0003532
 372.5 0.0003604
 375.0 0.0003726
 377.5 0.0003876
 380.0 0.0004025
 382.5 0.0004134
 385.0 0.0004227
 387.5 0.0004238
 390.0 0.0004150
 392.5 0.0003985
 395.0 0.0003966
 397.5 0.0004203
 400.0 0.0004630
 402.5 0.0004980
 405.0 0.0005091
 407.5 0.0005049
 410.0 0.0005044
 412.5 0.0005167
 415.0 0.0005316
 417.5 0.0005405
 420.0 0.0005420
 422.5 0.0005375
 425.0 0.0005287
 427.5 0.0005138
 430.0 0.0004975
 432.5 0.0004898
 435.0 0.0004970
 437.5 0.0005152
 440.0 0.0005326
 442.5 0.0005445
 445.0 0.0005506
 447.5 0.0005546
 450.0 0.0005562
 452.5 0.0005551
 455.0 0.0005536
 457.5 0.0005531
 460.0 0.0005526
 462.5 0.0005506
 465.0 0.0005465
 467.5 0.0005430
 470.0 0.0005400
 472.5 0.0005380
 475.0 0.0005355
 477.5 0.0005306
 480.0 0.0005190
 482.5 0.0005012
 485.0 0.0004839
 487.5 0.0004782
 490.0 0.0004857
 492.5 0.0004966
 495.0 0.0005026
 497.5 0.0005016
 500.0 0.0004934
 502.5 0.0004929
 505.0 0.0004893
 507.5 0.0004920
 510.0 0.0004925
 512.5 0.0004822
 515.0 0.0004773
 517.5 0.0004756
 520.0 0.0004747
 522.5 0.0004716
 525.0 0.0004703
 527.5 0.0004677
 530.0 0.0004769
 532.5 0.0004712
 535.0 0.0004708
 537.5 0.0004643
 540.0 0.0004643
 542.5 0.0004592
 545.0 0.0004592
 547.5 0.0004533
 550.0 0.0004542
 552.5 0.0004467
 555.0 0.0004442
 557.5 0.0004377
 560.0 0.0004341
 562.5 0.0004293
 565.0 0.0004285
 567.5 0.0004258
 570.0 0.0004258
 572.5 0.0004278
 575.0 0.0004215
 577.5 0.0004231
 580.0 0.0004207
 582.5 0.0004180
 585.0 0.0004127
 587.5 0.0004138
 590.0 0.0004146
 592.5 0.0004078
 595.0 0.0004100
 597.5 0.0004022
 600.0 0.0004007
 602.5 0.0003981
 605.0 0.0003934
 607.5 0.0003930
 610.0 0.0003905
 612.5 0.0003858
 615.0 0.0003858
 617.5 0.0003802
 620.0 0.0003795
 622.5 0.0003757
 625.0 0.0003712
 627.5 0.0003705
 630.0 0.0003702
 632.5 0.0003698
 635.0 0.0003668
 637.5 0.0003637
 640.0 0.0003611
 642.5 0.0003624
 645.0 0.0003581
 647.5 0.0003509
 650.0 0.0003401
 652.5 0.0003330
 655.0 0.0003257
 657.5 0.0003272
 660.0 0.0003348
 662.5 0.0003395
 665.0 0.0003364
 667.5 0.0003342
 670.0 0.0003342
 672.5 0.0003254
 675.0 0.0003260
 677.5 0.0003269
 680.0 0.0003212
 682.5 0.0003227
 685.0 0.0003180
 687.5 0.0003162
 690.0 0.0003128
 692.5 0.0003110
 695.0 0.0003105
 697.5 0.0003062
 700.0 0.0002973
 702.5 0.0002995
 705.0 0.0002962
 707.5 0.0002903
 710.0 0.0002887
 712.5 0.0002860
 715.0 0.0002831
 717.5 0.0002803
 720.0 0.0002787
 722.5 0.0002793
 725.0 0.0002795
 727.5 0.0002739
 730.0 0.0002749
 732.5 0.0002721
 735.0 0.0002716
 737.5 0.0002684
 740.0 0.0002585
 742.5 0.0002650
 745.0 0.0002477
 747.5 0.0002542
 750.0 0.0002533
 752.5 0.0002570
 755.0 0.0002582
 757.5 0.0002496
 760.0 0.0002482
 762.5 0.0002329
 765.0 0.0002408
 767.5 0.0002359
 770.0 0.0002370
 772.5 0.0002437
 775.0 0.0002403
 777.5 0.0002346
 780.0 0.0002340
 782.5 0.0002375
 785.0 0.0002318
 787.5 0.0002304
 790.0 0.0002301
 792.5 0.0002340
 795.0 0.0002268
 797.5 0.0002178
 800.0 0.0002280
 802.5 0.0002204
 805.0 0.0002230
 807.5 0.0002230
 810.0 0.0002166
 812.5 0.0002166
 815.0 0.0002134
 817.5 0.0002138
 820.0 0.0002118
 822.5 0.0002134
 825.0 0.0002120
 827.5 0.0002093
 830.0 0.0002085
 832.5 0.0002016
 835.0 0.0002053
 837.5 0.0002057
 840.0 0.0002006
 842.5 0.0002021
 845.0 0.0002017
 847.5 0.0001968
 850.0 0.0001890
 852.5 0.0001943
 855.0 0.0001937
 857.5 0.0001879
 860.0 0.0001932
 862.5 0.0001923
 865.0 0.0001904
 867.5 0.0001934
 870.0 0.0001955
 872.5 0.0001878
 875.0 0.0001874
 877.5 0.0001831
 880.0 0.0001871
 882.5 0.0001885
 885.0 0.0001859
 887.5 0.0001801
 890.0 0.0001782
 892.5 0.0001708
 895.0 0.0001683
 897.5 0.0001649
 900.0 0.0001676
 902.5 0.0001728
 905.0 0.0001687
 907.5 0.0001640
 910.0 0.0001640
 912.5 0.0001588
 915.0 0.0001670
 917.5 0.0001592
 920.0 0.0001523
 922.5 0.0001505
 925.0 0.0001485
 927.5 0.0001509
 930.0 0.0001443
 932.5 0.0001632
 935.0 0.0001546
 937.5 0.0001532
 940.0 0.0001526
 942.5 0.0001514
 945.0 0.0001511
 947.5 0.0001516
 950.0 0.0001519
 952.5 0.0001472
 955.0 0.0001502
 957.5 0.0001497
 960.0 0.0001514
 962.5 0.0001486
 965.0 0.0001451
 967.5 0.0001456
 970.0 0.0001451
 972.5 0.0001427
 975.0 0.0001445
 977.5 0.0001416
 980.0 0.0001426
 982.5 0.0001449
 985.0 0.0001420
 987.5 0.0001439
 990.0 0.0001403
 992.5 0.0001394
 995.0 0.0001434
 997.5 0.0001410
1000.0 0.0001373
1002.5 0.0001397
1005.0 0.0001333
1007.5 0.0001382
1010.0 0.0001349
1012.5 0.0001356
1015.0 0.0001330
1017.5 0.0001355
1020.0 0.0001354
1022.5 0.0001383
1025.0 0.0001405
1027.5 0.0001332
1030.0 0.0001369
1032.5 0.0001387
1035.0 0.0001342
1037.5 0.0001332
1040.0 0.0001379
1042.5 0.0001354
1045.0 0.0001324
1047.5 0.0001321
1050.0 0.0001300
1052.5 0.0001284
1055.0 0.0001286
1057.5 0.0001298
1060.0 0.0001273
1062.5 0.0001278
1065.0 0.0001268
1067.5 0.0001266
1070.0 0.0001221
1072.5 0.0001228
1075.0 0.0001230
1077.5 0.0001225
1080.0 0.0001206

# nm  Flux(W/m2/m) for star HR 6596 from file: table6.dat
 320.0 0.0002618
 322.5 0.0002623
 325.0 0.0002798
 327.5 0.0002998
 330.0 0.0003130
 332.5 0.0003151
 335.0 0.0003079
 337.5 0.0003065
 340.0 0.0003154
 342.5 0.0003174
 345.0 0.0003128
 347.5 0.0003145
 350.0 0.0003194
 352.5 0.0003284
 355.0 0.0003320
 357.5 0.0003145
 360.0 0.0003119
 362.5 0.0003192
 365.0 0.0003373
 367.5 0.0003529
 370.0 0.0003561
 372.5 0.0003509
 375.0 0.0003648
 377.5 0.0003952
 380.0 0.0004100
 382.5 0.0004036
 385.0 0.0004321
 387.5 0.0004313
 390.0 0.0004297
 392.5 0.0003923
 395.0 0.0003651
 397.5 0.0003901
 400.0 0.0004804
 402.5 0.0005287
 405.0 0.0005229
 407.5 0.0004966
 410.0 0.0004800
 412.5 0.0005200
 415.0 0.0005445
 417.5 0.0005435
 420.0 0.0005440
 422.5 0.0005390
 425.0 0.0005351
 427.5 0.0005195
 430.0 0.0004911
 432.5 0.0004729
 435.0 0.0004826
 437.5 0.0005238
 440.0 0.0005405
 442.5 0.0005490
 445.0 0.0005465
 447.5 0.0005556
 450.0 0.0005644
 452.5 0.0005531
 455.0 0.0005495
 457.5 0.0005562
 460.0 0.0005526
 462.5 0.0005521
 465.0 0.0005475
 467.5 0.0005405
 470.0 0.0005385
 472.5 0.0005395
 475.0 0.0005360
 477.5 0.0005326
 480.0 0.0005282
 482.5 0.0005105
 485.0 0.0004652
 487.5 0.0004596
 490.0 0.0004911
 492.5 0.0005030
 495.0 0.0005077
 497.5 0.0005030
 500.0 0.0004966
 502.5 0.0004948
 505.0 0.0005035
 507.5 0.0005007
 510.0 0.0004952
 512.5 0.0004902
 515.0 0.0004813
 517.5 0.0004721
 520.0 0.0004769
 522.5 0.0004791
 525.0 0.0004725
 527.5 0.0004708
 530.0 0.0004773
 532.5 0.0004786
 535.0 0.0004782
 537.5 0.0004725
 540.0 0.0004643
 542.5 0.0004639
 545.0 0.0004656
 547.5 0.0004613
 550.0 0.0004592
 552.5 0.0004533
 555.0 0.0004546
 557.5 0.0004496
 560.0 0.0004430
 562.5 0.0004381
 565.0 0.0004293
 567.5 0.0004333
 570.0 0.0004333
 572.5 0.0004357
 575.0 0.0004341
 577.5 0.0004333
 580.0 0.0004309
 582.5 0.0004278
 585.0 0.0004262
 587.5 0.0004196
 590.0 0.0004146
 592.5 0.0004200
 595.0 0.0004231
 597.5 0.0004169
 600.0 0.0004066
 602.5 0.0004025
 605.0 0.0004022
 607.5 0.0004029
 610.0 0.0003981
 612.5 0.0003923
 615.0 0.0003930
 617.5 0.0003934
 620.0 0.0003919
 622.5 0.0003883
 625.0 0.0003784
 627.5 0.0003777
 630.0 0.0003791
 632.5 0.0003753
 635.0 0.0003715
 637.5 0.0003743
 640.0 0.0003664
 642.5 0.0003654
 645.0 0.0003627
 647.5 0.0003597
 650.0 0.0003571
 652.5 0.0003439
 655.0 0.0003230
 657.5 0.0003263
 660.0 0.0003436
 662.5 0.0003429
 665.0 0.0003417
 667.5 0.0003382
 670.0 0.0003311
 672.5 0.0003281
 675.0 0.0003314
 677.5 0.0003281
 680.0 0.0003275
 682.5 0.0003299
 685.0 0.0003266
 687.5 0.0003212
 690.0 0.0003194
 692.5 0.0003156
 695.0 0.0003151
 697.5 0.0003090
 700.0 0.0003039
 702.5 0.0002970
 705.0 0.0002973
 707.5 0.0002981
 710.0 0.0002911
 712.5 0.0002876
 715.0 0.0002816
 717.5 0.0002831
 720.0 0.0002813
 722.5 0.0002813
 725.0 0.0002873
 727.5 0.0002889
 730.0 0.0002759
 732.5 0.0002785
 735.0 0.0002793

