# nm  Flux(W/m2/m) for star HR 6615 from file: table5.dat
 320.0 0.0003750
 322.5 0.0003810
 325.0 0.0003940
 327.5 0.0004200
 330.0 0.0004440
 332.5 0.0004600
 335.0 0.0004720
 337.5 0.0004980
 340.0 0.0005340
 342.5 0.0005630
 345.0 0.0005720
 347.5 0.0005790
 350.0 0.0005990
 352.5 0.0006310
 355.0 0.0006500
 357.5 0.0006490
 360.0 0.0006520
 362.5 0.0006910
 365.0 0.0007970
 367.5 0.0009700
 370.0 0.0011740
 372.5 0.0013850
 375.0 0.0015860
 377.5 0.0017720
 380.0 0.0019270
 382.5 0.0020400
 385.0 0.0021200
 387.5 0.0021260
 390.0 0.0020510
 392.5 0.0019700
 395.0 0.0019990
 397.5 0.0021640
 400.0 0.0023750
 402.5 0.0025120
 405.0 0.0025520
 407.5 0.0025300
 410.0 0.0025100
 412.5 0.0025000
 415.0 0.0024910
 417.5 0.0024840
 420.0 0.0024820
 422.5 0.0024730
 425.0 0.0024250
 427.5 0.0023380
 430.0 0.0022680
 432.5 0.0022510
 435.0 0.0022820
 437.5 0.0023160
 440.0 0.0023360
 442.5 0.0023590
 445.0 0.0023860
 447.5 0.0023990
 450.0 0.0023860
 452.5 0.0023640
 455.0 0.0023620
 457.5 0.0024050
 460.0 0.0024730
 462.5 0.0025350
 465.0 0.0025700
 467.5 0.0025870
 470.0 0.0025940
 472.5 0.0025870
 475.0 0.0025730
 477.5 0.0025370
 480.0 0.0024660
 482.5 0.0023700
 485.0 0.0022970
 487.5 0.0022950
 490.0 0.0023550
 492.5 0.0024230
 495.0 0.0024480
 497.5 0.0024280
 500.0 0.0024340
 502.5 0.0024190
 505.0 0.0024390
 507.5 0.0024460
 510.0 0.0023920
 512.5 0.0023640
 515.0 0.0023440
 517.5 0.0023080
 520.0 0.0022850
 522.5 0.0023230
 525.0 0.0023210
 527.5 0.0023270
 530.0 0.0023250
 532.5 0.0022990
 535.0 0.0023250
 537.5 0.0023310
 540.0 0.0023270
 542.5 0.0023210
 545.0 0.0023360
 547.5 0.0023040
 550.0 0.0023080
 552.5 0.0022640
 555.0 0.0022870
 557.5 0.0023060
 560.0 0.0023040
 562.5 0.0022530
 565.0 0.0022260
 567.5 0.0022350
 570.0 0.0022060
 572.5 0.0022040
 575.0 0.0022040
 577.5 0.0021760
 580.0 0.0021560
 582.5 0.0021200
 585.0 0.0021400
 587.5 0.0021200
 590.0 0.0021220
 592.5 0.0021280
 595.0 0.0021050
 597.5 0.0021070
 600.0 0.0020970
 602.5 0.0021010
 605.0 0.0021050
 607.5 0.0020470
 610.0 0.0020320
 612.5 0.0019900
 615.0 0.0019730
 617.5 0.0019530
 620.0 0.0019570
 622.5 0.0019320
 625.0 0.0019210
 627.5 0.0019230
 630.0 0.0019160
 632.5 0.0019180
 635.0 0.0018980
 637.5 0.0018930
 640.0 0.0018640
 642.5 0.0018690
 645.0 0.0018600
 647.5 0.0018450
 650.0 0.0018160
 652.5 0.0017700
 655.0 0.0017570
 657.5 0.0017640
 660.0 0.0018030
 662.5 0.0018160
 665.0 0.0018330
 667.5 0.0018180
 670.0 0.0017980
 672.5 0.0018050
 675.0 0.0017850
 677.5 0.0017510
 680.0 0.0017430
 682.5 0.0017680
 685.0 0.0017490
 687.5 0.0017460
 690.0 0.0017310
 692.5 0.0017390
 695.0 0.0017060
 697.5 0.0016890
 700.0 0.0016670
 702.5 0.0016350
 705.0 0.0016230
 707.5 0.0015940
 710.0 0.0015570
 712.5 0.0015690
 715.0 0.0015670
 717.5 0.0015600
 720.0 0.0015430
 722.5 0.0015280
 725.0 0.0015160
 727.5 0.0015210
 730.0 0.0014720
 732.5 0.0014740
 735.0 0.0014670
 737.5 0.0014470
 740.0 0.0014450
 742.5 0.0014350
 745.0 0.0014310
 747.5 0.0014010
 750.0 0.0014160
 752.5 0.0014270
 755.0 0.0014010
 757.5 0.0014030
 760.0 0.0013870
 762.5 0.0013770
 765.0 0.0013460
 767.5 0.0013610
 770.0 0.0013630
 772.5 0.0013210
 775.0 0.0013210
 777.5 0.0013110
 780.0 0.0013160
 782.5 0.0013150
 785.0 0.0013190
 787.5 0.0013060
 790.0 0.0012780
 792.5 0.0012800
 795.0 0.0012940
 797.5 0.0012850
 800.0 0.0012880
 802.5 0.0012520
 805.0 0.0012330
 807.5 0.0012570
 810.0 0.0012120
 812.5 0.0012200
 815.0 0.0011760
 817.5 0.0011820
 820.0 0.0011840
 822.5 0.0011910
 825.0 0.0012060
 827.5 0.0011860
 830.0 0.0012130
 832.5 0.0012020
 835.0 0.0011720
 837.5 0.0012190
 840.0 0.0012530
 842.5 0.0012660
 845.0 0.0012470
 847.5 0.0012640
 850.0 0.0012520
 852.5 0.0012810
 855.0 0.0012810
 857.5 0.0013260
 860.0 0.0012810
 862.5 0.0012760
 865.0 0.0012600
 867.5 0.0012420
 870.0 0.0012890
 872.5 0.0012940
 875.0 0.0012980
 877.5 0.0012780
 880.0 0.0012810
 882.5 0.0012740
 885.0 0.0012780
 887.5 0.0012540
 890.0 0.0012150
 892.5 0.0011530
 895.0 0.0011420
 897.5 0.0011170
 900.0 0.0011180
 902.5 0.0010870
 905.0 0.0010870
 907.5 0.0010520
 910.0 0.0010710
 912.5 0.0010950
 915.0 0.0010880
 917.5 0.0010610
 920.0 0.0010310
 922.5 0.0010270
 925.0 0.0010300
 927.5 0.0010780
 930.0 0.0010620
 932.5 0.0010830
 935.0 0.0011010
 937.5 0.0010450
 940.0 0.0010640
 942.5 0.0010220
 945.0 0.0010500
 947.5 0.0010540
 950.0 0.0010350
 952.5 0.0010100
 955.0 0.0010250
 957.5 0.0010050
 960.0 0.0010260
 962.5 0.0009970
 965.0 0.0010180
 967.5 0.0009950
 970.0 0.0009840
 972.5 0.0010030
 975.0 0.0009820
 977.5 0.0010020
 980.0 0.0010040
 982.5 0.0009760
 985.0 0.0009870
 987.5 0.0009770
 990.0 0.0009800
 992.5 0.0009790
 995.0 0.0009760
 997.5 0.0009750
1000.0 0.0009720
1002.5 0.0009200
1005.0 0.0009340
1007.5 0.0009350
1010.0 0.0009460
1012.5 0.0009520
1015.0 0.0009430
1017.5 0.0009210
1020.0 0.0009540
1022.5 0.0009290
1025.0 0.0009340
1027.5 0.0009340
1030.0 0.0009200
1032.5 0.0009320
1035.0 0.0009290
1037.5 0.0009260
1040.0 0.0009200
1042.5 0.0008980
1045.0 0.0008860
1047.5 0.0008900
1050.0 0.0009030
1052.5 0.0008970
1055.0 0.0009080
1057.5 0.0009040
1060.0 0.0009030
1062.5 0.0008700
1065.0 0.0008830
1067.5 0.0008610
1070.0 0.0008440
1072.5 0.0008320
1075.0 0.0008200
1077.5 0.0008200
1080.0 0.0008270

# nm  Flux(W/m2/m) for star HR 6615 from file: table6.dat
 320.0 0.0003790
 322.5 0.0003710
 325.0 0.0003750
 327.5 0.0004250
 330.0 0.0004560
 332.5 0.0004740
 335.0 0.0004530
 337.5 0.0004690
 340.0 0.0005480
 342.5 0.0005970
 345.0 0.0005750
 347.5 0.0005620
 350.0 0.0005580
 352.5 0.0006630
 355.0 0.0006940
 357.5 0.0006230
 360.0 0.0006360
 362.5 0.0006460
 365.0 0.0007240
 367.5 0.0009360
 370.0 0.0012080
 372.5 0.0014180
 375.0 0.0015140
 377.5 0.0018350
 380.0 0.0020290
 382.5 0.0019390
 385.0 0.0021860
 387.5 0.0022800
 390.0 0.0020640
 392.5 0.0018540
 395.0 0.0018130
 397.5 0.0021320
 400.0 0.0025050
 402.5 0.0025780
 405.0 0.0026110
 407.5 0.0025050
 410.0 0.0024590
 412.5 0.0025370
 415.0 0.0025100
 417.5 0.0024390
 420.0 0.0024890
 422.5 0.0025000
 425.0 0.0024960
 427.5 0.0023400
 430.0 0.0021780
 432.5 0.0021740
 435.0 0.0023460
 437.5 0.0023490
 440.0 0.0022800
 442.5 0.0023660
 445.0 0.0024100
 447.5 0.0024120
 450.0 0.0023990
 452.5 0.0023640
 455.0 0.0023010
 457.5 0.0023660
 460.0 0.0025030
 462.5 0.0025750
 465.0 0.0025610
 467.5 0.0025870
 470.0 0.0026180
 472.5 0.0025940
 475.0 0.0025660
 477.5 0.0025520
 480.0 0.0025350
 482.5 0.0023770
 485.0 0.0021680
 487.5 0.0022490
 490.0 0.0023790
 492.5 0.0024410
 495.0 0.0025100
 497.5 0.0024550
 500.0 0.0023310
 502.5 0.0023550
 505.0 0.0024080
 507.5 0.0024570
 510.0 0.0023990
 512.5 0.0023590
 515.0 0.0023140
 517.5 0.0022640
 520.0 0.0023040
 522.5 0.0023010
 525.0 0.0022490
 527.5 0.0022430
 530.0 0.0022680
 532.5 0.0022450
 535.0 0.0023160
 537.5 0.0023420
 540.0 0.0022850
 542.5 0.0022910
 545.0 0.0023080
 547.5 0.0023140
 550.0 0.0023080
 552.5 0.0022680
 555.0 0.0022720
 557.5 0.0022930
 560.0 0.0022890
 562.5 0.0022910
 565.0 0.0022140
 567.5 0.0021880
 570.0 0.0022080
 572.5 0.0022370
 575.0 0.0022330
 577.5 0.0021620
 580.0 0.0021240
 582.5 0.0020640
 585.0 0.0021600
 587.5 0.0021110
 590.0 0.0020660
 592.5 0.0021360
 595.0 0.0021480
 597.5 0.0021160
 600.0 0.0020630
 602.5 0.0020850
 605.0 0.0020910
 607.5 0.0020780
 610.0 0.0020490
 612.5 0.0019950
 615.0 0.0019300
 617.5 0.0019700
 620.0 0.0019790
 622.5 0.0019500
 625.0 0.0019200
 627.5 0.0018950
 630.0 0.0018980
 632.5 0.0019090
 635.0 0.0018640
 637.5 0.0018930
 640.0 0.0018930
 642.5 0.0018640
 645.0 0.0018550
 647.5 0.0018470
 650.0 0.0017680
 652.5 0.0017670
 655.0 0.0016440
 657.5 0.0016860
 660.0 0.0018150
 662.5 0.0018310
 665.0 0.0018280
 667.5 0.0017780
 670.0 0.0017600
 672.5 0.0017800
 675.0 0.0017550
 677.5 0.0017300
 680.0 0.0017120
 682.5 0.0017010
 685.0 0.0017410
 687.5 0.0016610
 690.0 0.0017640
 692.5 0.0017050
 695.0 0.0016970
 697.5 0.0016630
 700.0 0.0016280
 702.5 0.0016130
 705.0 0.0015970
 707.5 0.0015460
 710.0 0.0015160
 712.5 0.0015190
 715.0 0.0015600
 717.5 0.0015620
 720.0 0.0015040
 722.5 0.0015320
 725.0 0.0015400
 727.5 0.0014890
 730.0 0.0014270
 732.5 0.0014570
 735.0 0.0014570

