# nm  Flux(W/m2/m) for star HR 6630 from file: table5.dat
 320.0 0.0001060
 322.5 0.0001170
 325.0 0.0001360
 327.5 0.0001600
 330.0 0.0001760
 332.5 0.0001780
 335.0 0.0001770
 337.5 0.0001810
 340.0 0.0001920
 342.5 0.0001990
 345.0 0.0002040
 347.5 0.0002120
 350.0 0.0002220
 352.5 0.0002220
 355.0 0.0002120
 357.5 0.0002100
 360.0 0.0002420
 362.5 0.0003030
 365.0 0.0003610
 367.5 0.0003740
 370.0 0.0003420
 372.5 0.0003030
 375.0 0.0002830
 377.5 0.0002750
 380.0 0.0002510
 382.5 0.0002260
 385.0 0.0002290
 387.5 0.0002620
 390.0 0.0002920
 392.5 0.0003130
 395.0 0.0003710
 397.5 0.0004800
 400.0 0.0006070
 402.5 0.0006910
 405.0 0.0007280
 407.5 0.0007370
 410.0 0.0007270
 412.5 0.0007050
 415.0 0.0006910
 417.5 0.0007090
 420.0 0.0007540
 422.5 0.0007970
 425.0 0.0008240
 427.5 0.0008510
 430.0 0.0009040
 432.5 0.0009790
 435.0 0.0010410
 437.5 0.0010800
 440.0 0.0011160
 442.5 0.0011720
 445.0 0.0012410
 447.5 0.0013040
 450.0 0.0013480
 452.5 0.0013780
 455.0 0.0014110
 457.5 0.0014510
 460.0 0.0014830
 462.5 0.0014970
 465.0 0.0015020
 467.5 0.0015180
 470.0 0.0015490
 472.5 0.0015860
 475.0 0.0016220
 477.5 0.0016470
 480.0 0.0016600
 482.5 0.0016550
 485.0 0.0016430
 487.5 0.0016490
 490.0 0.0016720
 492.5 0.0016950
 495.0 0.0016950
 497.5 0.0016760
 500.0 0.0016940
 502.5 0.0017160
 505.0 0.0016550
 507.5 0.0017350
 510.0 0.0016370
 512.5 0.0016030
 515.0 0.0015940
 517.5 0.0016100
 520.0 0.0016640
 522.5 0.0017310
 525.0 0.0017800
 527.5 0.0018540
 530.0 0.0019000
 532.5 0.0019110
 535.0 0.0019120
 537.5 0.0019110
 540.0 0.0019180
 542.5 0.0019360
 545.0 0.0019860
 547.5 0.0019640
 550.0 0.0019970
 552.5 0.0019990
 555.0 0.0020230
 557.5 0.0020230
 560.0 0.0020140
 562.5 0.0019790
 565.0 0.0019520
 567.5 0.0020100
 570.0 0.0020460
 572.5 0.0020320
 575.0 0.0020740
 577.5 0.0020890
 580.0 0.0020890
 582.5 0.0020780
 585.0 0.0020890
 587.5 0.0020640
 590.0 0.0020700
 592.5 0.0021240
 595.0 0.0021280
 597.5 0.0021340
 600.0 0.0021400
 602.5 0.0021300
 605.0 0.0021820
 607.5 0.0021340
 610.0 0.0020990
 612.5 0.0020590
 615.0 0.0020590
 617.5 0.0020440
 620.0 0.0020420
 622.5 0.0020380
 625.0 0.0020080
 627.5 0.0020170
 630.0 0.0020250
 632.5 0.0020590
 635.0 0.0020530
 637.5 0.0020470
 640.0 0.0020780
 642.5 0.0020700
 645.0 0.0020700
 647.5 0.0020840
 650.0 0.0020590
 652.5 0.0020320
 655.0 0.0020440
 657.5 0.0020470
 660.0 0.0020950
 662.5 0.0021220
 665.0 0.0021140
 667.5 0.0021140
 670.0 0.0021380
 672.5 0.0020930
 675.0 0.0020840
 677.5 0.0020640
 680.0 0.0020720
 682.5 0.0020930
 685.0 0.0020660
 687.5 0.0020740
 690.0 0.0020720
 692.5 0.0020780
 695.0 0.0020140
 697.5 0.0019900
 700.0 0.0020010
 702.5 0.0019720
 705.0 0.0019820
 707.5 0.0019320
 710.0 0.0018930
 712.5 0.0018950
 715.0 0.0018690
 717.5 0.0018900
 720.0 0.0018950
 722.5 0.0018910
 725.0 0.0018860
 727.5 0.0018850
 730.0 0.0018670
 732.5 0.0018480
 735.0 0.0018420
 737.5 0.0018550
 740.0 0.0018380
 742.5 0.0018350
 745.0 0.0018200
 747.5 0.0018330
 750.0 0.0018470
 752.5 0.0018150
 755.0 0.0017770
 757.5 0.0017980
 760.0 0.0018000
 762.5 0.0019340
 765.0 0.0018690
 767.5 0.0018540
 770.0 0.0018570
 772.5 0.0018330
 775.0 0.0018250
 777.5 0.0018640
 780.0 0.0018790
 782.5 0.0018670
 785.0 0.0018430
 787.5 0.0018200
 790.0 0.0017140
 792.5 0.0016920
 795.0 0.0017330
 797.5 0.0017510
 800.0 0.0017770
 802.5 0.0017060
 805.0 0.0016750
 807.5 0.0016520
 810.0 0.0015970
 812.5 0.0016370
 815.0 0.0016340
 817.5 0.0016530
 820.0 0.0016840
 822.5 0.0016810
 825.0 0.0016780
 827.5 0.0016550
 830.0 0.0016250
 832.5 0.0016410
 835.0 0.0016130
 837.5 0.0016490
 840.0 0.0016730
 842.5 0.0016500
 845.0 0.0016630
 847.5 0.0016410
 850.0 0.0015920
 852.5 0.0016080
 855.0 0.0016570
 857.5 0.0016370
 860.0 0.0016580
 862.5 0.0016470
 865.0 0.0015810
 867.5 0.0016370
 870.0 0.0016700
 872.5 0.0016670
 875.0 0.0016690
 877.5 0.0016290
 880.0 0.0016050
 882.5 0.0016550
 885.0 0.0016490
 887.5 0.0016840
 890.0 0.0015730
 892.5 0.0014860
 895.0 0.0014750
 897.5 0.0014890
 900.0 0.0015260
 902.5 0.0014980
 905.0 0.0015050
 907.5 0.0014700
 910.0 0.0014240
 912.5 0.0013850
 915.0 0.0013740
 917.5 0.0013430
 920.0 0.0013540
 922.5 0.0013480
 925.0 0.0012940
 927.5 0.0013170
 930.0 0.0012670
 932.5 0.0013350
 935.0 0.0013580
 937.5 0.0013170
 940.0 0.0013350
 942.5 0.0012490
 945.0 0.0012810
 947.5 0.0013340
 950.0 0.0013750
 952.5 0.0013500
 955.0 0.0013380
 957.5 0.0013640
 960.0 0.0013240
 962.5 0.0013630
 965.0 0.0013400
 967.5 0.0013030
 970.0 0.0013130
 972.5 0.0012740
 975.0 0.0013480
 977.5 0.0013400
 980.0 0.0013330
 982.5 0.0013970
 985.0 0.0013580
 987.5 0.0013480
 990.0 0.0013660
 992.5 0.0013690
 995.0 0.0013740
 997.5 0.0013550
1000.0 0.0013460
1002.5 0.0013600
1005.0 0.0013680
1007.5 0.0013260
1010.0 0.0013590
1012.5 0.0013510
1015.0 0.0013850
1017.5 0.0013840
1020.0 0.0013780
1022.5 0.0013110
1025.0 0.0013600
1027.5 0.0013300
1030.0 0.0013300
1032.5 0.0013090
1035.0 0.0013460
1037.5 0.0013390
1040.0 0.0013070
1042.5 0.0013160
1045.0 0.0013210
1047.5 0.0013610
1050.0 0.0013370
1052.5 0.0013110
1055.0 0.0012950
1057.5 0.0013210
1060.0 0.0013350
1062.5 0.0012280
1065.0 0.0012670
1067.5 0.0012890
1070.0 0.0013000
1072.5 0.0013040
1075.0 0.0012620
1077.5 0.0012520
1080.0 0.0013420

# nm  Flux(W/m2/m) for star HR 6630 from file: table6.dat
 320.0 0.0001240
 322.5 0.0000930
 325.0 0.0001230
 327.5 0.0001780
 330.0 0.0001880
 332.5 0.0001880
 335.0 0.0001640
 337.5 0.0001590
 340.0 0.0002150
 342.5 0.0002050
 345.0 0.0001890
 347.5 0.0002090
 350.0 0.0002250
 352.5 0.0002520
 355.0 0.0002150
 357.5 0.0001550
 360.0 0.0002210
 362.5 0.0002980
 365.0 0.0003970
 367.5 0.0004440
 370.0 0.0003510
 372.5 0.0002410
 375.0 0.0002600
 377.5 0.0003360
 380.0 0.0002620
 382.5 0.0001820
 385.0 0.0001770
 387.5 0.0002690
 390.0 0.0003640
 392.5 0.0002810
 395.0 0.0002610
 397.5 0.0004560
 400.0 0.0007140
 402.5 0.0007240
 405.0 0.0007010
 407.5 0.0007630
 410.0 0.0007680
 412.5 0.0006790
 415.0 0.0006540
 417.5 0.0006940
 420.0 0.0007420
 422.5 0.0008240
 425.0 0.0008690
 427.5 0.0007880
 430.0 0.0008460
 432.5 0.0010390
 435.0 0.0010800
 437.5 0.0010520
 440.0 0.0011010
 442.5 0.0011660
 445.0 0.0012220
 447.5 0.0013460
 450.0 0.0013700
 452.5 0.0013480
 455.0 0.0014110
 457.5 0.0014490
 460.0 0.0015080
 462.5 0.0015160
 465.0 0.0014830
 467.5 0.0014900
 470.0 0.0015530
 472.5 0.0015980
 475.0 0.0016230
 477.5 0.0016430
 480.0 0.0016890
 482.5 0.0016810
 485.0 0.0015970
 487.5 0.0016350
 490.0 0.0016800
 492.5 0.0017090
 495.0 0.0017300
 497.5 0.0016730
 500.0 0.0016200
 502.5 0.0016700
 505.0 0.0017030
 507.5 0.0017050
 510.0 0.0016610
 512.5 0.0016280
 515.0 0.0015550
 517.5 0.0015520
 520.0 0.0016490
 522.5 0.0017200
 525.0 0.0017060
 527.5 0.0017670
 530.0 0.0018450
 532.5 0.0018420
 535.0 0.0019500
 537.5 0.0019200
 540.0 0.0018500
 542.5 0.0019320
 545.0 0.0019700
 547.5 0.0019430
 550.0 0.0019640
 552.5 0.0020010
 555.0 0.0020030
 557.5 0.0019700
 560.0 0.0020010
 562.5 0.0020100
 565.0 0.0019570
 567.5 0.0019680
 570.0 0.0019990
 572.5 0.0020640
 575.0 0.0020840
 577.5 0.0020400
 580.0 0.0020610
 582.5 0.0021090
 585.0 0.0020970
 587.5 0.0020160
 590.0 0.0020320
 592.5 0.0021580
 595.0 0.0021760
 597.5 0.0021600
 600.0 0.0020840
 602.5 0.0021520
 605.0 0.0021840
 607.5 0.0021580
 610.0 0.0020870
 612.5 0.0020530
 615.0 0.0020320
 617.5 0.0020440
 620.0 0.0020570
 622.5 0.0020190
 625.0 0.0019730
 627.5 0.0019930
 630.0 0.0019840
 632.5 0.0020120
 635.0 0.0020490
 637.5 0.0020720
 640.0 0.0020290
 642.5 0.0020550
 645.0 0.0020820
 647.5 0.0020640
 650.0 0.0020140
 652.5 0.0020850
 655.0 0.0020170
 657.5 0.0020400
 660.0 0.0020910
 662.5 0.0020640
 665.0 0.0021520
 667.5 0.0021180
 670.0 0.0020190
 672.5 0.0020570
 675.0 0.0020570
 677.5 0.0020380
 680.0 0.0020340
 682.5 0.0020530
 685.0 0.0020610
 687.5 0.0019550
 690.0 0.0021130
 692.5 0.0020190
 695.0 0.0019530
 697.5 0.0019460
 700.0 0.0019620
 702.5 0.0019280
 705.0 0.0019500
 707.5 0.0019590
 710.0 0.0018720
 712.5 0.0018200
 715.0 0.0019020
 717.5 0.0018970
 720.0 0.0018230
 722.5 0.0019120
 725.0 0.0019460
 727.5 0.0019140
 730.0 0.0018370
 732.5 0.0018430
 735.0 0.0018380

