# nm  Flux(W/m2/m) for star HR 6746 from file: table5.dat
 320.0 0.0002640
 322.5 0.0002780
 325.0 0.0003090
 327.5 0.0003550
 330.0 0.0003850
 332.5 0.0003890
 335.0 0.0003760
 337.5 0.0003750
 340.0 0.0003920
 342.5 0.0004140
 345.0 0.0004300
 347.5 0.0004480
 350.0 0.0004690
 352.5 0.0004730
 355.0 0.0004580
 357.5 0.0004450
 360.0 0.0004780
 362.5 0.0005550
 365.0 0.0006380
 367.5 0.0006790
 370.0 0.0006640
 372.5 0.0006210
 375.0 0.0005860
 377.5 0.0005610
 380.0 0.0005180
 382.5 0.0004590
 385.0 0.0004340
 387.5 0.0004660
 390.0 0.0005250
 392.5 0.0005690
 395.0 0.0006310
 397.5 0.0007570
 400.0 0.0009320
 402.5 0.0010810
 405.0 0.0011670
 407.5 0.0012040
 410.0 0.0012130
 412.5 0.0011970
 415.0 0.0011720
 417.5 0.0011720
 420.0 0.0012130
 422.5 0.0012720
 425.0 0.0012980
 427.5 0.0012990
 430.0 0.0013210
 432.5 0.0013930
 435.0 0.0014790
 437.5 0.0015400
 440.0 0.0015830
 442.5 0.0016410
 445.0 0.0017200
 447.5 0.0017980
 450.0 0.0018570
 452.5 0.0018900
 455.0 0.0019140
 457.5 0.0019460
 460.0 0.0019880
 462.5 0.0020190
 465.0 0.0020290
 467.5 0.0020360
 470.0 0.0020570
 472.5 0.0020890
 475.0 0.0021220
 477.5 0.0021500
 480.0 0.0021640
 482.5 0.0021520
 485.0 0.0021240
 487.5 0.0021090
 490.0 0.0021240
 492.5 0.0021560
 495.0 0.0021780
 497.5 0.0021680
 500.0 0.0022140
 502.5 0.0021900
 505.0 0.0021920
 507.5 0.0022260
 510.0 0.0022100
 512.5 0.0021860
 515.0 0.0021580
 517.5 0.0021220
 520.0 0.0021480
 522.5 0.0022160
 525.0 0.0022550
 527.5 0.0022950
 530.0 0.0023180
 532.5 0.0023550
 535.0 0.0023570
 537.5 0.0023530
 540.0 0.0023400
 542.5 0.0023510
 545.0 0.0023620
 547.5 0.0024050
 550.0 0.0024100
 552.5 0.0024030
 555.0 0.0023920
 557.5 0.0024120
 560.0 0.0023770
 562.5 0.0023860
 565.0 0.0023590
 567.5 0.0023750
 570.0 0.0023880
 572.5 0.0024120
 575.0 0.0024080
 577.5 0.0024080
 580.0 0.0024280
 582.5 0.0024140
 585.0 0.0024430
 587.5 0.0024190
 590.0 0.0024370
 592.5 0.0024370
 595.0 0.0024710
 597.5 0.0024480
 600.0 0.0024480
 602.5 0.0024820
 605.0 0.0024770
 607.5 0.0024520
 610.0 0.0024250
 612.5 0.0024140
 615.0 0.0023700
 617.5 0.0023530
 620.0 0.0023490
 622.5 0.0023490
 625.0 0.0023180
 627.5 0.0023180
 630.0 0.0023270
 632.5 0.0023590
 635.0 0.0023680
 637.5 0.0023640
 640.0 0.0023640
 642.5 0.0023530
 645.0 0.0023460
 647.5 0.0023620
 650.0 0.0022930
 652.5 0.0022760
 655.0 0.0022780
 657.5 0.0022870
 660.0 0.0023080
 662.5 0.0023160
 665.0 0.0023290
 667.5 0.0023270
 670.0 0.0023230
 672.5 0.0023230
 675.0 0.0022990
 677.5 0.0022800
 680.0 0.0022660
 682.5 0.0022740
 685.0 0.0022470
 687.5 0.0022370
 690.0 0.0022510
 692.5 0.0022550
 695.0 0.0022120
 697.5 0.0022040
 700.0 0.0021760
 702.5 0.0021200
 705.0 0.0021140
 707.5 0.0020780
 710.0 0.0020760
 712.5 0.0020780
 715.0 0.0020660
 717.5 0.0020440
 720.0 0.0020380
 722.5 0.0020160
 725.0 0.0020080
 727.5 0.0020030
 730.0 0.0020040
 732.5 0.0019990
 735.0 0.0019880
 737.5 0.0019770
 740.0 0.0019700
 742.5 0.0019700
 745.0 0.0020080
 747.5 0.0020160
 750.0 0.0020590
 752.5 0.0019320
 755.0 0.0018910
 757.5 0.0019070
 760.0 0.0019880
 762.5 0.0019860
 765.0 0.0020140
 767.5 0.0019820
 770.0 0.0019930
 772.5 0.0019750
 775.0 0.0020030
 777.5 0.0020010
 780.0 0.0019920
 782.5 0.0020160
 785.0 0.0020120
 787.5 0.0019270
 790.0 0.0018450
 792.5 0.0019020
 795.0 0.0018670
 797.5 0.0018790
 800.0 0.0019090
 802.5 0.0018310
 805.0 0.0018300
 807.5 0.0018590
 810.0 0.0017770
 812.5 0.0017730
 815.0 0.0017750
 817.5 0.0017830
 820.0 0.0018330
 822.5 0.0017930
 825.0 0.0018130
 827.5 0.0017860
 830.0 0.0017680
 832.5 0.0017850
 835.0 0.0017510
 837.5 0.0017460
 840.0 0.0018570
 842.5 0.0018080
 845.0 0.0017980
 847.5 0.0017280
 850.0 0.0017350
 852.5 0.0016900
 855.0 0.0016810
 857.5 0.0017700
 860.0 0.0017280
 862.5 0.0017800
 865.0 0.0016970
 867.5 0.0017120
 870.0 0.0017960
 872.5 0.0017910
 875.0 0.0017620
 877.5 0.0017010
 880.0 0.0016780
 882.5 0.0016830
 885.0 0.0017390
 887.5 0.0017090
 890.0 0.0016440
 892.5 0.0014860
 895.0 0.0015120
 897.5 0.0015010
 900.0 0.0015180
 902.5 0.0015590
 905.0 0.0015400
 907.5 0.0014960
 910.0 0.0014530
 912.5 0.0014700
 915.0 0.0014400
 917.5 0.0014090
 920.0 0.0014350
 922.5 0.0014230
 925.0 0.0014100
 927.5 0.0013770
 930.0 0.0013970
 932.5 0.0014030
 935.0 0.0014320
 937.5 0.0014030
 940.0 0.0013910
 942.5 0.0013880
 945.0 0.0013500
 947.5 0.0014370
 950.0 0.0013850
 952.5 0.0014030
 955.0 0.0013840
 957.5 0.0014070
 960.0 0.0013910
 962.5 0.0013820
 965.0 0.0014220
 967.5 0.0013740
 970.0 0.0013730
 972.5 0.0013930
 975.0 0.0013690
 977.5 0.0013650
 980.0 0.0013940
 982.5 0.0014200
 985.0 0.0013960
 987.5 0.0014220
 990.0 0.0013970
 992.5 0.0014300
 995.0 0.0014530
 997.5 0.0013830
1000.0 0.0013680
1002.5 0.0013630
1005.0 0.0013510
1007.5 0.0013960
1010.0 0.0013800
1012.5 0.0013610
1015.0 0.0013930
1017.5 0.0013380
1020.0 0.0013870
1022.5 0.0013610
1025.0 0.0013970
1027.5 0.0013460
1030.0 0.0013550
1032.5 0.0013090
1035.0 0.0013370
1037.5 0.0013150
1040.0 0.0013230
1042.5 0.0013280
1045.0 0.0013290
1047.5 0.0012980
1050.0 0.0013440
1052.5 0.0013010
1055.0 0.0012740
1057.5 0.0013060
1060.0 0.0012940
1062.5 0.0012750
1065.0 0.0012780
1067.5 0.0013220
1070.0 0.0013450
1072.5 0.0012980
1075.0 0.0012730
1077.5 0.0012990
1080.0 0.0012890

# nm  Flux(W/m2/m) for star HR 6746 from file: table6.dat
 320.0 0.0002710
 322.5 0.0002670
 325.0 0.0002600
 327.5 0.0003900
 330.0 0.0004190
 332.5 0.0004010
 335.0 0.0003620
 337.5 0.0003400
 340.0 0.0003910
 342.5 0.0004480
 345.0 0.0004150
 347.5 0.0004280
 350.0 0.0004800
 352.5 0.0005110
 355.0 0.0004800
 357.5 0.0003740
 360.0 0.0004260
 362.5 0.0005650
 365.0 0.0006690
 367.5 0.0007350
 370.0 0.0007070
 372.5 0.0005930
 375.0 0.0005270
 377.5 0.0006080
 380.0 0.0005800
 382.5 0.0004200
 385.0 0.0003370
 387.5 0.0004290
 390.0 0.0006150
 392.5 0.0005850
 395.0 0.0005150
 397.5 0.0006730
 400.0 0.0010040
 402.5 0.0011770
 405.0 0.0011610
 407.5 0.0011960
 410.0 0.0012760
 412.5 0.0012000
 415.0 0.0011440
 417.5 0.0011320
 420.0 0.0011760
 422.5 0.0013090
 425.0 0.0013700
 427.5 0.0012930
 430.0 0.0011920
 432.5 0.0013800
 435.0 0.0015920
 437.5 0.0015300
 440.0 0.0015190
 442.5 0.0016600
 445.0 0.0017170
 447.5 0.0017860
 450.0 0.0019140
 452.5 0.0018900
 455.0 0.0018930
 457.5 0.0019300
 460.0 0.0019930
 462.5 0.0020640
 465.0 0.0020290
 467.5 0.0020010
 470.0 0.0020490
 472.5 0.0021030
 475.0 0.0021240
 477.5 0.0021400
 480.0 0.0021920
 482.5 0.0022000
 485.0 0.0020950
 487.5 0.0020570
 490.0 0.0021280
 492.5 0.0021540
 495.0 0.0022160
 497.5 0.0021960
 500.0 0.0021180
 502.5 0.0021030
 505.0 0.0021640
 507.5 0.0022140
 510.0 0.0021820
 512.5 0.0021860
 515.0 0.0021130
 517.5 0.0020120
 520.0 0.0020970
 522.5 0.0022100
 525.0 0.0022240
 527.5 0.0021900
 530.0 0.0022780
 532.5 0.0022950
 535.0 0.0023330
 537.5 0.0024080
 540.0 0.0023270
 542.5 0.0022910
 545.0 0.0023460
 547.5 0.0023530
 550.0 0.0023680
 552.5 0.0023750
 555.0 0.0023900
 557.5 0.0024050
 560.0 0.0023830
 562.5 0.0023830
 565.0 0.0023680
 567.5 0.0023420
 570.0 0.0023510
 572.5 0.0023830
 575.0 0.0024520
 577.5 0.0024190
 580.0 0.0023140
 582.5 0.0024300
 585.0 0.0024800
 587.5 0.0024080
 590.0 0.0023640
 592.5 0.0024340
 595.0 0.0024520
 597.5 0.0024430
 600.0 0.0024010
 602.5 0.0024210
 605.0 0.0024480
 607.5 0.0024620
 610.0 0.0024250
 612.5 0.0023720
 615.0 0.0023360
 617.5 0.0023400
 620.0 0.0023400
 622.5 0.0023550
 625.0 0.0022930
 627.5 0.0022930
 630.0 0.0023060
 632.5 0.0023380
 635.0 0.0023330
 637.5 0.0023590
 640.0 0.0023460
 642.5 0.0022950
 645.0 0.0023310
 647.5 0.0023920
 650.0 0.0022450
 652.5 0.0022620
 655.0 0.0022450
 657.5 0.0022240
 660.0 0.0023080
 662.5 0.0023660
 665.0 0.0023360
 667.5 0.0022970
 670.0 0.0022870
 672.5 0.0022740
 675.0 0.0022910
 677.5 0.0022950
 680.0 0.0022390
 682.5 0.0021940
 685.0 0.0022700
 687.5 0.0021600
 690.0 0.0022590
 692.5 0.0022280
 695.0 0.0022060
 697.5 0.0021700
 700.0 0.0021380
 702.5 0.0020510
 705.0 0.0020510
 707.5 0.0020610
 710.0 0.0020590
 712.5 0.0020420
 715.0 0.0020660
 717.5 0.0020470
 720.0 0.0019730
 722.5 0.0020120
 725.0 0.0020030
 727.5 0.0019820
 730.0 0.0019770
 732.5 0.0019660
 735.0 0.0019590

