# nm  Flux(W/m2/m) for star HR 7069 from file: table5.dat
 320.0 0.0004570
 322.5 0.0004600
 325.0 0.0004660
 327.5 0.0004730
 330.0 0.0004790
 332.5 0.0004800
 335.0 0.0004790
 337.5 0.0004800
 340.0 0.0004850
 342.5 0.0004920
 345.0 0.0004960
 347.5 0.0004980
 350.0 0.0004980
 352.5 0.0004970
 355.0 0.0004950
 357.5 0.0004920
 360.0 0.0004930
 362.5 0.0004980
 365.0 0.0005050
 367.5 0.0005130
 370.0 0.0005250
 372.5 0.0005490
 375.0 0.0005920
 377.5 0.0006520
 380.0 0.0007220
 382.5 0.0007860
 385.0 0.0008410
 387.5 0.0008860
 390.0 0.0009230
 392.5 0.0009380
 395.0 0.0009430
 397.5 0.0009700
 400.0 0.0010420
 402.5 0.0011130
 405.0 0.0011160
 407.5 0.0010490
 410.0 0.0009870
 412.5 0.0009970
 415.0 0.0010610
 417.5 0.0011220
 420.0 0.0011480
 422.5 0.0011460
 425.0 0.0011260
 427.5 0.0010730
 430.0 0.0009870
 432.5 0.0009020
 435.0 0.0008730
 437.5 0.0009140
 440.0 0.0009810
 442.5 0.0010270
 445.0 0.0010380
 447.5 0.0010350
 450.0 0.0010290
 452.5 0.0010240
 455.0 0.0010170
 457.5 0.0010080
 460.0 0.0009980
 462.5 0.0009870
 465.0 0.0009770
 467.5 0.0009680
 470.0 0.0009590
 472.5 0.0009460
 475.0 0.0009290
 477.5 0.0009040
 480.0 0.0008590
 482.5 0.0007910
 485.0 0.0007230
 487.5 0.0006960
 490.0 0.0007200
 492.5 0.0007700
 495.0 0.0008080
 497.5 0.0008230
 500.0 0.0008230
 502.5 0.0008170
 505.0 0.0008100
 507.5 0.0008030
 510.0 0.0007970
 512.5 0.0007910
 515.0 0.0007940
 517.5 0.0007830
 520.0 0.0007760
 522.5 0.0007750
 525.0 0.0007680
 527.5 0.0007520
 530.0 0.0007380
 532.5 0.0007290
 535.0 0.0007170
 537.5 0.0007040
 540.0 0.0006960
 542.5 0.0006960
 545.0 0.0006880
 547.5 0.0006810
 550.0 0.0006710
 552.5 0.0006640
 555.0 0.0006470
 557.5 0.0006450
 560.0 0.0006370
 562.5 0.0006250
 565.0 0.0006220
 567.5 0.0006150
 570.0 0.0006130
 572.5 0.0006010
 575.0 0.0005980
 577.5 0.0005950
 580.0 0.0005850
 582.5 0.0005770
 585.0 0.0005670
 587.5 0.0005600
 590.0 0.0005560
 592.5 0.0005540
 595.0 0.0005500
 597.5 0.0005430
 600.0 0.0005340
 602.5 0.0005290
 605.0 0.0005250
 607.5 0.0005210
 610.0 0.0005170
 612.5 0.0005080
 615.0 0.0005010
 617.5 0.0004960
 620.0 0.0004970
 622.5 0.0004930
 625.0 0.0004850
 627.5 0.0004760
 630.0 0.0004690
 632.5 0.0004660
 635.0 0.0004620
 637.5 0.0004580
 640.0 0.0004540
 642.5 0.0004530
 645.0 0.0004460
 647.5 0.0004310
 650.0 0.0004150
 652.5 0.0003910
 655.0 0.0003730
 657.5 0.0003670
 660.0 0.0003760
 662.5 0.0003950
 665.0 0.0004050
 667.5 0.0004070
 670.0 0.0004050
 672.5 0.0003990
 675.0 0.0003940
 677.5 0.0003930
 680.0 0.0003930
 682.5 0.0003840
 685.0 0.0003790
 687.5 0.0003740
 690.0 0.0003670
 692.5 0.0003620
 695.0 0.0003600
 697.5 0.0003540
 700.0 0.0003500
 702.5 0.0003480
 705.0 0.0003470
 707.5 0.0003450
 710.0 0.0003420
 712.5 0.0003430
 715.0 0.0003420
 717.5 0.0003390
 720.0 0.0003350
 722.5 0.0003320
 725.0 0.0003280
 727.5 0.0003240
 730.0 0.0003220
 732.5 0.0003210
 735.0 0.0003170
 737.5 0.0003130
 740.0 0.0003150
 742.5 0.0003150
 745.0 0.0003110
 747.5 0.0003140
 750.0 0.0003110
 752.5 0.0003060
 755.0 0.0002980
 757.5 0.0003060
 760.0 0.0003150
 762.5 0.0003060
 765.0 0.0003030
 767.5 0.0002950
 770.0 0.0002940
 772.5 0.0003030
 775.0 0.0002810
 777.5 0.0002810
 780.0 0.0002770
 782.5 0.0002760
 785.0 0.0002800
 787.5 0.0002750
 790.0 0.0002750
 792.5 0.0002740
 795.0 0.0002780
 797.5 0.0002740
 800.0 0.0002730
 802.5 0.0002620
 805.0 0.0002630
 807.5 0.0002620
 810.0 0.0002590
 812.5 0.0002600
 815.0 0.0002550
 817.5 0.0002550
 820.0 0.0002500
 822.5 0.0002510
 825.0 0.0002540
 827.5 0.0002510
 830.0 0.0002510
 832.5 0.0002480
 835.0 0.0002500
 837.5 0.0002470
 840.0 0.0002480
 842.5 0.0002430
 845.0 0.0002410
 847.5 0.0002400
 850.0 0.0002310
 852.5 0.0002470
 855.0 0.0002450
 857.5 0.0002410
 860.0 0.0002390
 862.5 0.0002380
 865.0 0.0002380
 867.5 0.0002330
 870.0 0.0002350
 872.5 0.0002430
 875.0 0.0002350
 877.5 0.0002410
 880.0 0.0002390
 882.5 0.0002270
 885.0 0.0002300
 887.5 0.0002250
 890.0 0.0002330
 892.5 0.0002290
 895.0 0.0002170
 897.5 0.0002140
 900.0 0.0002150
 902.5 0.0002080
 905.0 0.0002170
 907.5 0.0002170
 910.0 0.0002160
 912.5 0.0002150
 915.0 0.0002100
 917.5 0.0002090
 920.0 0.0002000
 922.5 0.0001980
 925.0 0.0002030
 927.5 0.0002090
 930.0 0.0002100
 932.5 0.0002110
 935.0 0.0002110
 937.5 0.0002100
 940.0 0.0002100
 942.5 0.0002090
 945.0 0.0002090
 947.5 0.0002100
 950.0 0.0001970
 952.5 0.0001960
 955.0 0.0001980
 957.5 0.0002010
 960.0 0.0002020
 962.5 0.0002020
 965.0 0.0001970
 967.5 0.0002000
 970.0 0.0002020
 972.5 0.0001960
 975.0 0.0001930
 977.5 0.0001940
 980.0 0.0001900
 982.5 0.0001860
 985.0 0.0001860
 987.5 0.0001870
 990.0 0.0001880
 992.5 0.0001850
 995.0 0.0001820
 997.5 0.0001750
1000.0 0.0001690
1002.5 0.0001650
1005.0 0.0001700
1007.5 0.0001690
1010.0 0.0001720
1012.5 0.0001790
1015.0 0.0001860
1017.5 0.0001870
1020.0 0.0001810
1022.5 0.0001820
1025.0 0.0001840
1027.5 0.0001850
1030.0 0.0001850
1032.5 0.0001840
1035.0 0.0001850
1037.5 0.0001820
1040.0 0.0001790
1042.5 0.0001800
1045.0 0.0001800
1047.5 0.0001830
1050.0 0.0001820
1052.5 0.0001680
1055.0 0.0001650
1057.5 0.0001750
1060.0 0.0001760
1062.5 0.0001720
1065.0 0.0001690
1067.5 0.0001670
1070.0 0.0001630
1072.5 0.0001670
1075.0 0.0001710
1077.5 0.0001710
1080.0 0.0001670

# nm  Flux(W/m2/m) for star HR 7069 from file: table6.dat
 320.0 0.0004630
 322.5 0.0004530
 325.0 0.0004630
 327.5 0.0004760
 330.0 0.0004850
 332.5 0.0004810
 335.0 0.0004760
 337.5 0.0004760
 340.0 0.0004840
 342.5 0.0004940
 345.0 0.0004980
 347.5 0.0005010
 350.0 0.0004980
 352.5 0.0004970
 355.0 0.0004970
 357.5 0.0004900
 360.0 0.0004910
 362.5 0.0004940
 365.0 0.0005050
 367.5 0.0005160
 370.0 0.0005180
 372.5 0.0005310
 375.0 0.0005710
 377.5 0.0006520
 380.0 0.0007290
 382.5 0.0007810
 385.0 0.0008780
 387.5 0.0008680
 390.0 0.0009100
 392.5 0.0010170
 395.0 0.0009270
 397.5 0.0008570
 400.0 0.0010450
 402.5 0.0011980
 405.0 0.0012120
 407.5 0.0010550
 410.0 0.0008530
 412.5 0.0009460
 415.0 0.0011110
 417.5 0.0011590
 420.0 0.0011560
 422.5 0.0011490
 425.0 0.0011410
 427.5 0.0011160
 430.0 0.0010250
 432.5 0.0008340
 435.0 0.0007670
 437.5 0.0009130
 440.0 0.0010300
 442.5 0.0010540
 445.0 0.0010390
 447.5 0.0010310
 450.0 0.0010300
 452.5 0.0010270
 455.0 0.0010200
 457.5 0.0010060
 460.0 0.0010010
 462.5 0.0009870
 465.0 0.0009730
 467.5 0.0009690
 470.0 0.0009620
 472.5 0.0009520
 475.0 0.0009300
 477.5 0.0009090
 480.0 0.0008870
 482.5 0.0008240
 485.0 0.0006700
 487.5 0.0006220
 490.0 0.0007200
 492.5 0.0007940
 495.0 0.0008240
 497.5 0.0008350
 500.0 0.0008260
 502.5 0.0008140
 505.0 0.0008080
 507.5 0.0008060
 510.0 0.0007990
 512.5 0.0007830
 515.0 0.0008020
 517.5 0.0007800
 520.0 0.0007730
 522.5 0.0007730
 525.0 0.0007660
 527.5 0.0007590
 530.0 0.0007170
 532.5 0.0007140
 535.0 0.0007090
 537.5 0.0007000
 540.0 0.0006910
 542.5 0.0006900
 545.0 0.0006850
 547.5 0.0006770
 550.0 0.0006740
 552.5 0.0006660
 555.0 0.0006520
 557.5 0.0006440
 560.0 0.0006350
 562.5 0.0006220
 565.0 0.0006190
 567.5 0.0006180
 570.0 0.0006080
 572.5 0.0006040
 575.0 0.0005990
 577.5 0.0005860
 580.0 0.0005810
 582.5 0.0005810
 585.0 0.0005710
 587.5 0.0005630
 590.0 0.0005530
 592.5 0.0005520
 595.0 0.0005480
 597.5 0.0005450
 600.0 0.0005390
 602.5 0.0005320
 605.0 0.0005240
 607.5 0.0005200
 610.0 0.0005200
 612.5 0.0005210
 615.0 0.0005010
 617.5 0.0004930
 620.0 0.0004960
 622.5 0.0004940
 625.0 0.0004880
 627.5 0.0004800
 630.0 0.0004660
 632.5 0.0004570
 635.0 0.0004580
 637.5 0.0004570
 640.0 0.0004510
 642.5 0.0004490
 645.0 0.0004400
 647.5 0.0004320
 650.0 0.0004280
 652.5 0.0004030
 655.0 0.0003540
 657.5 0.0003380
 660.0 0.0003760
 662.5 0.0004030
 665.0 0.0004070
 667.5 0.0004040
 670.0 0.0003980
 672.5 0.0003930
 675.0 0.0003920
 677.5 0.0003890
 680.0 0.0003860
 682.5 0.0003830
 685.0 0.0003760
 687.5 0.0003670
 690.0 0.0003610
 692.5 0.0003600
 695.0 0.0003550
 697.5 0.0003420
 700.0 0.0003410
 702.5 0.0003470
 705.0 0.0003470
 707.5 0.0003360
 710.0 0.0003440
 712.5 0.0003420
 715.0 0.0003400
 717.5 0.0003390
 720.0 0.0003340
 722.5 0.0003330
 725.0 0.0003280
 727.5 0.0003220
 730.0 0.0003220
 732.5 0.0003190
 735.0 0.0003160

