# nm  Flux(W/m2/m) for star HR 7121 from file: table5.dat
 320.0 0.0178500
 322.5 0.0177700
 325.0 0.0174300
 327.5 0.0169500
 330.0 0.0165000
 332.5 0.0161400
 335.0 0.0159200
 337.5 0.0157200
 340.0 0.0155000
 342.5 0.0152300
 345.0 0.0149700
 347.5 0.0147100
 350.0 0.0144500
 352.5 0.0141800
 355.0 0.0138800
 357.5 0.0135900
 360.0 0.0133400
 362.5 0.0131200
 365.0 0.0129400
 367.5 0.0127800
 370.0 0.0126800
 372.5 0.0126700
 375.0 0.0128500
 377.5 0.0131100
 380.0 0.0134500
 382.5 0.0137500
 385.0 0.0140100
 387.5 0.0141500
 390.0 0.0141900
 392.5 0.0140600
 395.0 0.0137700
 397.5 0.0135000
 400.0 0.0134600
 402.5 0.0135000
 405.0 0.0133400
 407.5 0.0128800
 410.0 0.0124300
 412.5 0.0123100
 415.0 0.0124300
 417.5 0.0125700
 420.0 0.0125100
 422.5 0.0123400
 425.0 0.0120900
 427.5 0.0117400
 430.0 0.0112400
 432.5 0.0107300
 435.0 0.0104200
 437.5 0.0104000
 440.0 0.0104600
 442.5 0.0104300
 445.0 0.0102500
 447.5 0.0100700
 450.0 0.0099400
 452.5 0.0098400
 455.0 0.0096900
 457.5 0.0095100
 460.0 0.0093200
 462.5 0.0091500
 465.0 0.0090000
 467.5 0.0088600
 470.0 0.0087300
 472.5 0.0086000
 475.0 0.0084600
 477.5 0.0082900
 480.0 0.0080500
 482.5 0.0077200
 485.0 0.0073900
 487.5 0.0072100
 490.0 0.0072200
 492.5 0.0072800
 495.0 0.0073000
 497.5 0.0072400
 500.0 0.0071400
 502.5 0.0070300
 505.0 0.0069200
 507.5 0.0068300
 510.0 0.0066900
 512.5 0.0066100
 515.0 0.0065500
 517.5 0.0064700
 520.0 0.0063900
 522.5 0.0062900
 525.0 0.0061600
 527.5 0.0060600
 530.0 0.0059600
 532.5 0.0058700
 535.0 0.0057900
 537.5 0.0057100
 540.0 0.0056200
 542.5 0.0055300
 545.0 0.0054300
 547.5 0.0053500
 550.0 0.0052800
 552.5 0.0052000
 555.0 0.0051100
 557.5 0.0050200
 560.0 0.0049400
 562.5 0.0048400
 565.0 0.0047400
 567.5 0.0046500
 570.0 0.0045700
 572.5 0.0045000
 575.0 0.0044400
 577.5 0.0043900
 580.0 0.0043300
 582.5 0.0042800
 585.0 0.0042000
 587.5 0.0041200
 590.0 0.0040700
 592.5 0.0040200
 595.0 0.0039900
 597.5 0.0039400
 600.0 0.0038900
 602.5 0.0038500
 605.0 0.0038000
 607.5 0.0037500
 610.0 0.0037000
 612.5 0.0036400
 615.0 0.0035900
 617.5 0.0035500
 620.0 0.0035100
 622.5 0.0034500
 625.0 0.0033900
 627.5 0.0033300
 630.0 0.0032700
 632.5 0.0032400
 635.0 0.0032100
 637.5 0.0031700
 640.0 0.0031400
 642.5 0.0030900
 645.0 0.0030300
 647.5 0.0029600
 650.0 0.0027900
 652.5 0.0026800
 655.0 0.0026100
 657.5 0.0025800
 660.0 0.0025900
 662.5 0.0026200
 665.0 0.0026100
 667.5 0.0025800
 670.0 0.0025700
 672.5 0.0025400
 675.0 0.0025200
 677.5 0.0025000
 680.0 0.0024800
 682.5 0.0024500
 685.0 0.0024200
 687.5 0.0023900
 690.0 0.0023500
 692.5 0.0023100
 695.0 0.0022700
 697.5 0.0022500
 700.0 0.0022300
 702.5 0.0022200
 705.0 0.0022000
 707.5 0.0021600
 710.0 0.0021300
 712.5 0.0020900
 715.0 0.0020700
 717.5 0.0020500
 720.0 0.0020100
 722.5 0.0019800
 725.0 0.0019600
 727.5 0.0019300
 730.0 0.0019000
 732.5 0.0018800
 735.0 0.0018500
 737.5 0.0018300
 740.0 0.0017900
 742.5 0.0017900
 745.0 0.0017700
 747.5 0.0017600
 750.0 0.0017600
 752.5 0.0017300
 755.0 0.0017000
 757.5 0.0017000
 760.0 0.0017200
 762.5 0.0017000
 765.0 0.0016700
 767.5 0.0016500
 770.0 0.0016200
 772.5 0.0016700
 775.0 0.0016200
 777.5 0.0015800
 780.0 0.0015600
 782.5 0.0015300
 785.0 0.0015200
 787.5 0.0014900
 790.0 0.0014600
 792.5 0.0014500
 795.0 0.0014400
 797.5 0.0014200
 800.0 0.0014000
 802.5 0.0013900
 805.0 0.0013800
 807.5 0.0013700
 810.0 0.0013100
 812.5 0.0013000
 815.0 0.0012800
 817.5 0.0012800
 820.0 0.0012800
 822.5 0.0012700
 825.0 0.0012600
 827.5 0.0012600
 830.0 0.0012300
 832.5 0.0012200
 835.0 0.0012200
 837.5 0.0012000
 840.0 0.0012100
 842.5 0.0012000
 845.0 0.0011900
 847.5 0.0011900
 850.0 0.0011800
 852.5 0.0011600
 855.0 0.0011500
 857.5 0.0011400
 860.0 0.0011300
 862.5 0.0011300
 865.0 0.0011100
 867.5 0.0011100
 870.0 0.0011100
 872.5 0.0010900
 875.0 0.0010800
 877.5 0.0010700
 880.0 0.0010700
 882.5 0.0010500
 885.0 0.0010400
 887.5 0.0010300
 890.0 0.0010000
 892.5 0.0009800
 895.0 0.0009700
 897.5 0.0009400
 900.0 0.0009200
 902.5 0.0009200
 905.0 0.0009300
 907.5 0.0009300
 910.0 0.0009300
 912.5 0.0009300
 915.0 0.0009200
 917.5 0.0008900
 920.0 0.0008700
 922.5 0.0008400
 925.0 0.0008200
 927.5 0.0008300
 930.0 0.0008200
 932.5 0.0008500
 935.0 0.0008900
 937.5 0.0008900
 940.0 0.0008800
 942.5 0.0008600
 945.0 0.0008300
 947.5 0.0008100
 950.0 0.0007900
 952.5 0.0007800
 955.0 0.0007700
 957.5 0.0007800
 960.0 0.0008000
 962.5 0.0007900
 965.0 0.0007800
 967.5 0.0007800
 970.0 0.0007700
 972.5 0.0007600
 975.0 0.0007500
 977.5 0.0007500
 980.0 0.0007500
 982.5 0.0007400
 985.0 0.0007400
 987.5 0.0007400
 990.0 0.0007300
 992.5 0.0007200
 995.0 0.0007300
 997.5 0.0007100
1000.0 0.0006800
1002.5 0.0006600
1005.0 0.0006500
1007.5 0.0006600
1010.0 0.0006700
1012.5 0.0006800
1015.0 0.0006800
1017.5 0.0006800
1020.0 0.0006700
1022.5 0.0006700
1025.0 0.0006600
1027.5 0.0006600
1030.0 0.0006500
1032.5 0.0006500
1035.0 0.0006400
1037.5 0.0006300
1040.0 0.0006300
1042.5 0.0006200
1045.0 0.0006100
1047.5 0.0006100
1050.0 0.0006000
1052.5 0.0005900
1055.0 0.0005800
1057.5 0.0005800
1060.0 0.0005800
1062.5 0.0005700
1065.0 0.0005600
1067.5 0.0005600
1070.0 0.0005600
1072.5 0.0005500
1075.0 0.0005400
1077.5 0.0005400
1080.0 0.0005400

# nm  Flux(W/m2/m) for star HR 7121 from file: table6.dat
 320.0 0.0179600
 322.5 0.0179000
 325.0 0.0177000
 327.5 0.0168000
 330.0 0.0164100
 332.5 0.0160700
 335.0 0.0159400
 337.5 0.0156200
 340.0 0.0157200
 342.5 0.0151900
 345.0 0.0148700
 347.5 0.0147800
 350.0 0.0144900
 352.5 0.0141400
 355.0 0.0138900
 357.5 0.0135900
 360.0 0.0132800
 362.5 0.0130700
 365.0 0.0129500
 367.5 0.0127600
 370.0 0.0126800
 372.5 0.0123700
 375.0 0.0128500
 377.5 0.0131500
 380.0 0.0134200
 382.5 0.0136400
 385.0 0.0144400
 387.5 0.0140200
 390.0 0.0140700
 392.5 0.0146800
 395.0 0.0136800
 397.5 0.0129800
 400.0 0.0134900
 402.5 0.0136400
 405.0 0.0138300
 407.5 0.0130400
 410.0 0.0117100
 412.5 0.0121000
 415.0 0.0126600
 417.5 0.0127300
 420.0 0.0125300
 422.5 0.0123700
 425.0 0.0121200
 427.5 0.0118600
 430.0 0.0114800
 432.5 0.0104500
 435.0 0.0099500
 437.5 0.0104800
 440.0 0.0106200
 442.5 0.0105900
 445.0 0.0102400
 447.5 0.0099200
 450.0 0.0099700
 452.5 0.0099200
 455.0 0.0097100
 457.5 0.0095100
 460.0 0.0092800
 462.5 0.0091400
 465.0 0.0089900
 467.5 0.0088600
 470.0 0.0087500
 472.5 0.0085800
 475.0 0.0084700
 477.5 0.0082900
 480.0 0.0081800
 482.5 0.0078600
 485.0 0.0071400
 487.5 0.0069300
 490.0 0.0073200
 492.5 0.0073500
 495.0 0.0073100
 497.5 0.0072700
 500.0 0.0071500
 502.5 0.0070100
 505.0 0.0069100
 507.5 0.0068100
 510.0 0.0067400
 512.5 0.0066400
 515.0 0.0065600
 517.5 0.0065000
 520.0 0.0064000
 522.5 0.0062500
 525.0 0.0061200
 527.5 0.0060500
 530.0 0.0059800
 532.5 0.0058300
 535.0 0.0057500
 537.5 0.0057200
 540.0 0.0056200
 542.5 0.0055100
 545.0 0.0054100
 547.5 0.0053200
 550.0 0.0052500
 552.5 0.0051600
 555.0 0.0051100
 557.5 0.0050200
 560.0 0.0049400
 562.5 0.0048100
 565.0 0.0047300
 567.5 0.0046600
 570.0 0.0045500
 572.5 0.0044800
 575.0 0.0044200
 577.5 0.0043700
 580.0 0.0043000
 582.5 0.0042600
 585.0 0.0042300
 587.5 0.0040800
 590.0 0.0040200
 592.5 0.0040300
 595.0 0.0039800
 597.5 0.0039500
 600.0 0.0038800
 602.5 0.0038400
 605.0 0.0037900
 607.5 0.0037500
 610.0 0.0036800
 612.5 0.0036500
 615.0 0.0036100
 617.5 0.0035500
 620.0 0.0034900
 622.5 0.0034600
 625.0 0.0033900
 627.5 0.0032800
 630.0 0.0032500
 632.5 0.0032400
 635.0 0.0032000
 637.5 0.0031700
 640.0 0.0031300
 642.5 0.0031100
 645.0 0.0030600
 647.5 0.0029500
 650.0 0.0028200
 652.5 0.0027400
 655.0 0.0025700
 657.5 0.0025200
 660.0 0.0026700
 662.5 0.0027200
 665.0 0.0026900
 667.5 0.0026300
 670.0 0.0026100
 672.5 0.0025900
 675.0 0.0025400
 677.5 0.0025300
 680.0 0.0024900
 682.5 0.0024800
 685.0 0.0024600
 687.5 0.0023700
 690.0 0.0023900
 692.5 0.0023200
 695.0 0.0022800
 697.5 0.0022800
 700.0 0.0022700
 702.5 0.0022200
 705.0 0.0021800
 707.5 0.0021500
 710.0 0.0021200
 712.5 0.0021300
 715.0 0.0021100
 717.5 0.0020600
 720.0 0.0020100
 722.5 0.0020100
 725.0 0.0019900
 727.5 0.0019400
 730.0 0.0019100
 732.5 0.0019000
 735.0 0.0018700

