# nm  Flux(W/m2/m) for star HR 7150 from file: table5.dat
 320.0 0.0000840
 322.5 0.0000860
 325.0 0.0001010
 327.5 0.0001190
 330.0 0.0001340
 332.5 0.0001390
 335.0 0.0001380
 337.5 0.0001400
 340.0 0.0001480
 342.5 0.0001550
 345.0 0.0001580
 347.5 0.0001620
 350.0 0.0001670
 352.5 0.0001670
 355.0 0.0001590
 357.5 0.0001540
 360.0 0.0001720
 362.5 0.0002110
 365.0 0.0002550
 367.5 0.0002770
 370.0 0.0002680
 372.5 0.0002430
 375.0 0.0002220
 377.5 0.0002100
 380.0 0.0001910
 382.5 0.0001680
 385.0 0.0001630
 387.5 0.0001820
 390.0 0.0002070
 392.5 0.0002240
 395.0 0.0002620
 397.5 0.0003410
 400.0 0.0004380
 402.5 0.0005100
 405.0 0.0005440
 407.5 0.0005550
 410.0 0.0005520
 412.5 0.0005310
 415.0 0.0005080
 417.5 0.0005080
 420.0 0.0005410
 422.5 0.0005860
 425.0 0.0006140
 427.5 0.0006270
 430.0 0.0006530
 432.5 0.0007020
 435.0 0.0007510
 437.5 0.0007760
 440.0 0.0007910
 442.5 0.0008220
 445.0 0.0008740
 447.5 0.0009300
 450.0 0.0009690
 452.5 0.0009860
 455.0 0.0010020
 457.5 0.0010320
 460.0 0.0010720
 462.5 0.0010950
 465.0 0.0010960
 467.5 0.0010940
 470.0 0.0011080
 472.5 0.0011370
 475.0 0.0011740
 477.5 0.0012060
 480.0 0.0012220
 482.5 0.0012170
 485.0 0.0012000
 487.5 0.0011920
 490.0 0.0012060
 492.5 0.0012280
 495.0 0.0012410
 497.5 0.0012290
 500.0 0.0012500
 502.5 0.0012300
 505.0 0.0012590
 507.5 0.0012800
 510.0 0.0012800
 512.5 0.0012550
 515.0 0.0012010
 517.5 0.0012470
 520.0 0.0012460
 522.5 0.0013000
 525.0 0.0012880
 527.5 0.0013650
 530.0 0.0014030
 532.5 0.0014220
 535.0 0.0014530
 537.5 0.0014470
 540.0 0.0014400
 542.5 0.0014520
 545.0 0.0014370
 547.5 0.0014590
 550.0 0.0014510
 552.5 0.0014550
 555.0 0.0014440
 557.5 0.0014620
 560.0 0.0014680
 562.5 0.0014530
 565.0 0.0014820
 567.5 0.0014750
 570.0 0.0014820
 572.5 0.0014830
 575.0 0.0014670
 577.5 0.0015160
 580.0 0.0015090
 582.5 0.0015460
 585.0 0.0015490
 587.5 0.0015520
 590.0 0.0015430
 592.5 0.0015600
 595.0 0.0016100
 597.5 0.0015890
 600.0 0.0015690
 602.5 0.0015920
 605.0 0.0015820
 607.5 0.0015890
 610.0 0.0015530
 612.5 0.0015300
 615.0 0.0014970
 617.5 0.0015210
 620.0 0.0014930
 622.5 0.0015000
 625.0 0.0014680
 627.5 0.0014860
 630.0 0.0014900
 632.5 0.0015420
 635.0 0.0015140
 637.5 0.0015280
 640.0 0.0015110
 642.5 0.0015370
 645.0 0.0015350
 647.5 0.0015230
 650.0 0.0014830
 652.5 0.0014740
 655.0 0.0014670
 657.5 0.0014680
 660.0 0.0014890
 662.5 0.0015160
 665.0 0.0015180
 667.5 0.0015220
 670.0 0.0015160
 672.5 0.0015150
 675.0 0.0015160
 677.5 0.0015150
 680.0 0.0015010
 682.5 0.0015070
 685.0 0.0014910
 687.5 0.0014960
 690.0 0.0015070
 692.5 0.0014720
 695.0 0.0014820
 697.5 0.0014480
 700.0 0.0014220
 702.5 0.0014140
 705.0 0.0014160
 707.5 0.0014160
 710.0 0.0013790
 712.5 0.0013550
 715.0 0.0013610
 717.5 0.0013580
 720.0 0.0013490
 722.5 0.0013390
 725.0 0.0013510
 727.5 0.0013370
 730.0 0.0013380
 732.5 0.0013120
 735.0 0.0013170
 737.5 0.0013150
 740.0 0.0013350
 742.5 0.0013890
 745.0 0.0013120
 747.5 0.0013590
 750.0 0.0013680
 752.5 0.0013650
 755.0 0.0013170
 757.5 0.0013280
 760.0 0.0013430
 762.5 0.0013790
 765.0 0.0013580
 767.5 0.0013800
 770.0 0.0013650
 772.5 0.0013930
 775.0 0.0013430
 777.5 0.0013440
 780.0 0.0013830
 782.5 0.0013260
 785.0 0.0013590
 787.5 0.0012860
 790.0 0.0012970
 792.5 0.0012430
 795.0 0.0012580
 797.5 0.0012850
 800.0 0.0012880
 802.5 0.0012570
 805.0 0.0012040
 807.5 0.0012130
 810.0 0.0011770
 812.5 0.0011980
 815.0 0.0011800
 817.5 0.0012080
 820.0 0.0012070
 822.5 0.0012190
 825.0 0.0012390
 827.5 0.0012010
 830.0 0.0011930
 832.5 0.0012170
 835.0 0.0011720
 837.5 0.0011910
 840.0 0.0012040
 842.5 0.0012220
 845.0 0.0012300
 847.5 0.0012130
 850.0 0.0011550
 852.5 0.0011710
 855.0 0.0011670
 857.5 0.0012090
 860.0 0.0011820
 862.5 0.0012100
 865.0 0.0011510
 867.5 0.0011950
 870.0 0.0012280
 872.5 0.0012070
 875.0 0.0012580
 877.5 0.0012070
 880.0 0.0012420
 882.5 0.0012010
 885.0 0.0011880
 887.5 0.0012080
 890.0 0.0011430
 892.5 0.0010960
 895.0 0.0010780
 897.5 0.0010870
 900.0 0.0011150
 902.5 0.0011380
 905.0 0.0011170
 907.5 0.0010950
 910.0 0.0010370
 912.5 0.0010310
 915.0 0.0010260
 917.5 0.0009910
 920.0 0.0009660
 922.5 0.0009970
 925.0 0.0010030
 927.5 0.0009840
 930.0 0.0009900
 932.5 0.0010190
 935.0 0.0010320
 937.5 0.0009690
 940.0 0.0009910
 942.5 0.0009420
 945.0 0.0009430
 947.5 0.0009990
 950.0 0.0010240
 952.5 0.0010160
 955.0 0.0010220
 957.5 0.0010200
 960.0 0.0009780
 962.5 0.0009860
 965.0 0.0009820
 967.5 0.0009810
 970.0 0.0009580
 972.5 0.0009750
 975.0 0.0009890
 977.5 0.0009790
 980.0 0.0009880
 982.5 0.0010060
 985.0 0.0009930
 987.5 0.0009840
 990.0 0.0010160
 992.5 0.0009900
 995.0 0.0009790
 997.5 0.0010220
1000.0 0.0010080
1002.5 0.0009970
1005.0 0.0010120
1007.5 0.0010030
1010.0 0.0010380
1012.5 0.0010030
1015.0 0.0009990
1017.5 0.0009960
1020.0 0.0010270
1022.5 0.0009910
1025.0 0.0010130
1027.5 0.0009990
1030.0 0.0010140
1032.5 0.0010050
1035.0 0.0010110
1037.5 0.0010160
1040.0 0.0009640
1042.5 0.0009840
1045.0 0.0009580
1047.5 0.0009900
1050.0 0.0009570
1052.5 0.0009540
1055.0 0.0009020
1057.5 0.0009250
1060.0 0.0009110
1062.5 0.0009140
1065.0 0.0008780
1067.5 0.0008810
1070.0 0.0008650
1072.5 0.0008990
1075.0 0.0008720
1077.5 0.0009230
1080.0 0.0009420

# nm  Flux(W/m2/m) for star HR 7150 from file: table6.dat
 320.0 0.0000840
 322.5 0.0000970
 325.0 0.0000790
 327.5 0.0001220
 330.0 0.0001550
 332.5 0.0001440
 335.0 0.0001290
 337.5 0.0001270
 340.0 0.0001530
 342.5 0.0001670
 345.0 0.0001520
 347.5 0.0001540
 350.0 0.0001680
 352.5 0.0001870
 355.0 0.0001690
 357.5 0.0001180
 360.0 0.0001500
 362.5 0.0002090
 365.0 0.0002710
 367.5 0.0003100
 370.0 0.0002960
 372.5 0.0002210
 375.0 0.0001880
 377.5 0.0002420
 380.0 0.0002150
 382.5 0.0001420
 385.0 0.0001210
 387.5 0.0001700
 390.0 0.0002660
 392.5 0.0002080
 395.0 0.0001910
 397.5 0.0003040
 400.0 0.0004970
 402.5 0.0005710
 405.0 0.0005110
 407.5 0.0005540
 410.0 0.0006080
 412.5 0.0005230
 415.0 0.0004800
 417.5 0.0004810
 420.0 0.0005190
 422.5 0.0006040
 425.0 0.0006620
 427.5 0.0006180
 430.0 0.0005780
 432.5 0.0007090
 435.0 0.0008250
 437.5 0.0007670
 440.0 0.0007520
 442.5 0.0008230
 445.0 0.0008610
 447.5 0.0009340
 450.0 0.0010180
 452.5 0.0009840
 455.0 0.0009730
 457.5 0.0010120
 460.0 0.0010920
 462.5 0.0011370
 465.0 0.0010890
 467.5 0.0010690
 470.0 0.0010960
 472.5 0.0011340
 475.0 0.0011810
 477.5 0.0012070
 480.0 0.0012440
 482.5 0.0012500
 485.0 0.0011750
 487.5 0.0011550
 490.0 0.0012210
 492.5 0.0012230
 495.0 0.0012610
 497.5 0.0012670
 500.0 0.0011770
 502.5 0.0011630
 505.0 0.0012330
 507.5 0.0012710
 510.0 0.0012660
 512.5 0.0012430
 515.0 0.0011800
 517.5 0.0011360
 520.0 0.0011930
 522.5 0.0012710
 525.0 0.0012930
 527.5 0.0012570
 530.0 0.0013460
 532.5 0.0013830
 535.0 0.0014130
 537.5 0.0014450
 540.0 0.0013780
 542.5 0.0013630
 545.0 0.0014010
 547.5 0.0013820
 550.0 0.0014020
 552.5 0.0014270
 555.0 0.0014600
 557.5 0.0014440
 560.0 0.0014310
 562.5 0.0014160
 565.0 0.0014150
 567.5 0.0014260
 570.0 0.0014520
 572.5 0.0015400
 575.0 0.0013190
 577.5 0.0013170
 580.0 0.0015890
 582.5 0.0015280
 585.0 0.0015730
 587.5 0.0015360
 590.0 0.0014850
 592.5 0.0015530
 595.0 0.0015920
 597.5 0.0015910
 600.0 0.0015230
 602.5 0.0015370
 605.0 0.0015850
 607.5 0.0015780
 610.0 0.0015330
 612.5 0.0015090
 615.0 0.0014960
 617.5 0.0014980
 620.0 0.0015020
 622.5 0.0014960
 625.0 0.0014440
 627.5 0.0014720
 630.0 0.0014860
 632.5 0.0014870
 635.0 0.0014750
 637.5 0.0015090
 640.0 0.0015110
 642.5 0.0015090
 645.0 0.0015320
 647.5 0.0015500
 650.0 0.0014350
 652.5 0.0014520
 655.0 0.0014190
 657.5 0.0014260
 660.0 0.0014720
 662.5 0.0015080
 665.0 0.0015250
 667.5 0.0014960
 670.0 0.0014930
 672.5 0.0014860
 675.0 0.0014930
 677.5 0.0015040
 680.0 0.0014850
 682.5 0.0014710
 685.0 0.0015090
 687.5 0.0014240
 690.0 0.0014910
 692.5 0.0014820
 695.0 0.0014640
 697.5 0.0014160
 700.0 0.0014050
 702.5 0.0013690
 705.0 0.0013720
 707.5 0.0013740
 710.0 0.0013690
 712.5 0.0013420
 715.0 0.0013480
 717.5 0.0013090
 720.0 0.0012530
 722.5 0.0013070
 725.0 0.0013530
 727.5 0.0013500
 730.0 0.0013050
 732.5 0.0012780
 735.0 0.0012920

