# nm  Flux(W/m2/m) for star HR 7217 from file: table6.dat
 320.0 0.0001190
 322.5 0.0001200
 325.0 0.0001270
 327.5 0.0001610
 330.0 0.0001950
 332.5 0.0001860
 335.0 0.0001710
 337.5 0.0001560
 340.0 0.0001790
 342.5 0.0002100
 345.0 0.0001840
 347.5 0.0001900
 350.0 0.0002080
 352.5 0.0002210
 355.0 0.0002180
 357.5 0.0001730
 360.0 0.0001810
 362.5 0.0002380
 365.0 0.0002950
 367.5 0.0003340
 370.0 0.0003300
 372.5 0.0002780
 375.0 0.0002330
 377.5 0.0002750
 380.0 0.0002790
 382.5 0.0001980
 385.0 0.0001500
 387.5 0.0001700
 390.0 0.0002750
 392.5 0.0002820
 395.0 0.0002200
 397.5 0.0003400
 400.0 0.0005800
 402.5 0.0006220
 405.0 0.0005820
 407.5 0.0005900
 410.0 0.0005990
 412.5 0.0005800
 415.0 0.0005540
 417.5 0.0005650
 420.0 0.0005920
 422.5 0.0006330
 425.0 0.0006550
 427.5 0.0006430
 430.0 0.0006260
 432.5 0.0006980
 435.0 0.0007700
 437.5 0.0007520
 440.0 0.0007560
 442.5 0.0007990
 445.0 0.0008420
 447.5 0.0008770
 450.0 0.0009270
 452.5 0.0009420
 455.0 0.0009400
 457.5 0.0009540
 460.0 0.0009820
 462.5 0.0010050
 465.0 0.0010020
 467.5 0.0009920
 470.0 0.0010060
 472.5 0.0010220
 475.0 0.0010540
 477.5 0.0010640
 480.0 0.0010740
 482.5 0.0010700
 485.0 0.0010470
 487.5 0.0010380
 490.0 0.0010480
 492.5 0.0010580
 495.0 0.0010680
 497.5 0.0010710
 500.0 0.0010520
 502.5 0.0010420
 505.0 0.0010610
 507.5 0.0010850
 510.0 0.0010910
 512.5 0.0010700
 515.0 0.0010270
 517.5 0.0009990
 520.0 0.0010280
 522.5 0.0010690
 525.0 0.0010800
 527.5 0.0010740
 530.0 0.0011140
 532.5 0.0011220
 535.0 0.0011370
 537.5 0.0011510
 540.0 0.0011230
 542.5 0.0011380
 545.0 0.0011600
 547.5 0.0011400
 550.0 0.0011590
 552.5 0.0011560
 555.0 0.0011590
 557.5 0.0011670
 560.0 0.0011610
 562.5 0.0011450
 565.0 0.0011460
 567.5 0.0011420
 570.0 0.0011510
 572.5 0.0011780
 575.0 0.0011740
 577.5 0.0011820
 580.0 0.0011920
 582.5 0.0012130
 585.0 0.0012310
 587.5 0.0011920
 590.0 0.0011800
 592.5 0.0012270
 595.0 0.0012250
 597.5 0.0012150
 600.0 0.0011980
 602.5 0.0012150
 605.0 0.0012290
 607.5 0.0012180
 610.0 0.0011960
 612.5 0.0011740
 615.0 0.0011600
 617.5 0.0011590
 620.0 0.0011500
 622.5 0.0011640
 625.0 0.0011380
 627.5 0.0011360
 630.0 0.0011490
 632.5 0.0011660
 635.0 0.0011560
 637.5 0.0011650
 640.0 0.0011690
 642.5 0.0011650
 645.0 0.0011720
 647.5 0.0011950
 650.0 0.0011160
 652.5 0.0011050
 655.0 0.0010890
 657.5 0.0011070
 660.0 0.0011320
 662.5 0.0011430
 665.0 0.0011630
 667.5 0.0011480
 670.0 0.0011120
 672.5 0.0011060
 675.0 0.0011220
 677.5 0.0011220
 680.0 0.0011090
 682.5 0.0010850
 685.0 0.0011130
 687.5 0.0010840
 690.0 0.0011720
 692.5 0.0011370
 695.0 0.0010940
 697.5 0.0010500
 700.0 0.0010380
 702.5 0.0010220
 705.0 0.0010380
 707.5 0.0010450
 710.0 0.0010310
 712.5 0.0010130
 715.0 0.0010080
 717.5 0.0009890
 720.0 0.0009750
 722.5 0.0009910
 725.0 0.0009940
 727.5 0.0009850
 730.0 0.0009620
 732.5 0.0009620
 735.0 0.0009510

