# nm  Flux(W/m2/m) for star HR 74 from file: table5.dat
 320.0 0.0000730
 322.5 0.0000710
 325.0 0.0000840
 327.5 0.0000980
 330.0 0.0001080
 332.5 0.0001110
 335.0 0.0001100
 337.5 0.0001110
 340.0 0.0001150
 342.5 0.0001190
 345.0 0.0001230
 347.5 0.0001280
 350.0 0.0001330
 352.5 0.0001330
 355.0 0.0001270
 357.5 0.0001260
 360.0 0.0001440
 362.5 0.0001800
 365.0 0.0002180
 367.5 0.0002340
 370.0 0.0002220
 372.5 0.0001990
 375.0 0.0001830
 377.5 0.0001740
 380.0 0.0001610
 382.5 0.0001450
 385.0 0.0001450
 387.5 0.0001620
 390.0 0.0001820
 392.5 0.0001960
 395.0 0.0002280
 397.5 0.0002950
 400.0 0.0003780
 402.5 0.0004420
 405.0 0.0004700
 407.5 0.0004760
 410.0 0.0004690
 412.5 0.0004530
 415.0 0.0004420
 417.5 0.0004520
 420.0 0.0004880
 422.5 0.0005300
 425.0 0.0005600
 427.5 0.0005860
 430.0 0.0006250
 432.5 0.0006790
 435.0 0.0007260
 437.5 0.0007500
 440.0 0.0007660
 442.5 0.0007950
 445.0 0.0008400
 447.5 0.0008860
 450.0 0.0009200
 452.5 0.0009420
 455.0 0.0009630
 457.5 0.0009900
 460.0 0.0010180
 462.5 0.0010330
 465.0 0.0010350
 467.5 0.0010380
 470.0 0.0010530
 472.5 0.0010800
 475.0 0.0011140
 477.5 0.0011410
 480.0 0.0011530
 482.5 0.0011450
 485.0 0.0011300
 487.5 0.0011260
 490.0 0.0011400
 492.5 0.0011580
 495.0 0.0011660
 497.5 0.0011610
 500.0 0.0011520
 502.5 0.0011520
 505.0 0.0011620
 507.5 0.0011680
 510.0 0.0011850
 512.5 0.0011520
 515.0 0.0011110
 517.5 0.0011150
 520.0 0.0011230
 522.5 0.0011430
 525.0 0.0011930
 527.5 0.0012310
 530.0 0.0012660
 532.5 0.0013110
 535.0 0.0013240
 537.5 0.0013350
 540.0 0.0013320
 542.5 0.0013240
 545.0 0.0013240
 547.5 0.0013420
 550.0 0.0013660
 552.5 0.0013780
 555.0 0.0013980
 557.5 0.0014050
 560.0 0.0013910
 562.5 0.0013920
 565.0 0.0013970
 567.5 0.0014070
 570.0 0.0014150
 572.5 0.0014260
 575.0 0.0014410
 577.5 0.0014660
 580.0 0.0014750
 582.5 0.0014870
 585.0 0.0014740
 587.5 0.0014630
 590.0 0.0014470
 592.5 0.0014630
 595.0 0.0014890
 597.5 0.0014970
 600.0 0.0015020
 602.5 0.0015140
 605.0 0.0015180
 607.5 0.0015050
 610.0 0.0014740
 612.5 0.0014560
 615.0 0.0014450
 617.5 0.0014350
 620.0 0.0014320
 622.5 0.0014280
 625.0 0.0014190
 627.5 0.0014070
 630.0 0.0014060
 632.5 0.0014180
 635.0 0.0014260
 637.5 0.0014350
 640.0 0.0014400
 642.5 0.0014530
 645.0 0.0014440
 647.5 0.0014280
 650.0 0.0013880
 652.5 0.0013730
 655.0 0.0013770
 657.5 0.0013840
 660.0 0.0013970
 662.5 0.0014130
 665.0 0.0014240
 667.5 0.0014240
 670.0 0.0014280
 672.5 0.0014340
 675.0 0.0014190
 677.5 0.0014270
 680.0 0.0014360
 682.5 0.0014350
 685.0 0.0014180
 687.5 0.0014160
 690.0 0.0014110
 692.5 0.0013880
 695.0 0.0013610
 697.5 0.0013430
 700.0 0.0013340
 702.5 0.0013350
 705.0 0.0013350
 707.5 0.0013330
 710.0 0.0013260
 712.5 0.0012950
 715.0 0.0012840
 717.5 0.0012720
 720.0 0.0012570
 722.5 0.0012610
 725.0 0.0012580
 727.5 0.0012470
 730.0 0.0012430
 732.5 0.0012490
 735.0 0.0012410
 737.5 0.0012420
 740.0 0.0012510
 742.5 0.0012570
 745.0 0.0012550
 747.5 0.0012620
 750.0 0.0012910
 752.5 0.0012640
 755.0 0.0012600
 757.5 0.0012640
 760.0 0.0012930
 762.5 0.0013130
 765.0 0.0013130
 767.5 0.0013010
 770.0 0.0012980
 772.5 0.0013800
 775.0 0.0013340
 777.5 0.0013210
 780.0 0.0013070
 782.5 0.0012850
 785.0 0.0012710
 787.5 0.0012370
 790.0 0.0011970
 792.5 0.0011680
 795.0 0.0011820
 797.5 0.0011900
 800.0 0.0012080
 802.5 0.0011980
 805.0 0.0011750
 807.5 0.0011640
 810.0 0.0011190
 812.5 0.0011030
 815.0 0.0011070
 817.5 0.0011040
 820.0 0.0011100
 822.5 0.0011370
 825.0 0.0011480
 827.5 0.0011510
 830.0 0.0011300
 832.5 0.0011220
 835.0 0.0011300
 837.5 0.0011200
 840.0 0.0011580
 842.5 0.0011740
 845.0 0.0011730
 847.5 0.0011590
 850.0 0.0011330
 852.5 0.0011020
 855.0 0.0011230
 857.5 0.0011530
 860.0 0.0011610
 862.5 0.0011630
 865.0 0.0011360
 867.5 0.0011260
 870.0 0.0011760
 872.5 0.0011890
 875.0 0.0011800
 877.5 0.0011650
 880.0 0.0011710
 882.5 0.0011710
 885.0 0.0011840
 887.5 0.0011800
 890.0 0.0011380
 892.5 0.0011030
 895.0 0.0010680
 897.5 0.0010690
 900.0 0.0010710
 902.5 0.0010830
 905.0 0.0010770
 907.5 0.0010640
 910.0 0.0010250
 912.5 0.0009940
 915.0 0.0009790
 917.5 0.0009780
 920.0 0.0009770
 922.5 0.0009780
 925.0 0.0009710
 927.5 0.0009510
 930.0 0.0009430
 932.5 0.0009490
 935.0 0.0009860
 937.5 0.0010020
 940.0 0.0009900
 942.5 0.0009520
 945.0 0.0009320
 947.5 0.0009470
 950.0 0.0009750
 952.5 0.0009840
 955.0 0.0009840
 957.5 0.0009860
 960.0 0.0009710
 962.5 0.0009530
 965.0 0.0009210
 967.5 0.0009240
 970.0 0.0009370
 972.5 0.0009240
 975.0 0.0009310
 977.5 0.0009380
 980.0 0.0009590
 982.5 0.0009760
 985.0 0.0009800
 987.5 0.0009840
 990.0 0.0009790
 992.5 0.0009690
 995.0 0.0009750
 997.5 0.0009580
1000.0 0.0009660
1002.5 0.0009750
1005.0 0.0009810
1007.5 0.0009880
1010.0 0.0009870
1012.5 0.0009840
1015.0 0.0009800
1017.5 0.0009840
1020.0 0.0009670
1022.5 0.0009680
1025.0 0.0009810
1027.5 0.0009900
1030.0 0.0009800
1032.5 0.0009770
1035.0 0.0009710
1037.5 0.0009630
1040.0 0.0009670
1042.5 0.0009730
1045.0 0.0009730
1047.5 0.0009540
1050.0 0.0009550
1052.5 0.0009600
1055.0 0.0009590
1057.5 0.0009580
1060.0 0.0009510
1062.5 0.0009570
1065.0 0.0009660
1067.5 0.0009550
1070.0 0.0009510
1072.5 0.0009500
1075.0 0.0009300
1077.5 0.0009150
1080.0 0.0009260

# nm  Flux(W/m2/m) for star HR 74 from file: table6.dat
 320.0 0.0000720
 322.5 0.0000590
 325.0 0.0000800
 327.5 0.0001050
 330.0 0.0001160
 332.5 0.0001140
 335.0 0.0001050
 337.5 0.0001030
 340.0 0.0001180
 342.5 0.0001260
 345.0 0.0001170
 347.5 0.0001230
 350.0 0.0001390
 352.5 0.0001440
 355.0 0.0001290
 357.5 0.0001010
 360.0 0.0001250
 362.5 0.0001780
 365.0 0.0002370
 367.5 0.0002660
 370.0 0.0002400
 372.5 0.0001720
 375.0 0.0001620
 377.5 0.0002010
 380.0 0.0001720
 382.5 0.0001250
 385.0 0.0001170
 387.5 0.0001560
 390.0 0.0002220
 392.5 0.0001860
 395.0 0.0001730
 397.5 0.0002580
 400.0 0.0004250
 402.5 0.0004940
 405.0 0.0004510
 407.5 0.0004800
 410.0 0.0005040
 412.5 0.0004430
 415.0 0.0004160
 417.5 0.0004320
 420.0 0.0004770
 422.5 0.0005450
 425.0 0.0005890
 427.5 0.0005680
 430.0 0.0005710
 432.5 0.0007010
 435.0 0.0007820
 437.5 0.0007380
 440.0 0.0007370
 442.5 0.0007930
 445.0 0.0008340
 447.5 0.0008950
 450.0 0.0009470
 452.5 0.0009370
 455.0 0.0009490
 457.5 0.0009820
 460.0 0.0010380
 462.5 0.0010550
 465.0 0.0010280
 467.5 0.0010160
 470.0 0.0010480
 472.5 0.0010810
 475.0 0.0011140
 477.5 0.0011460
 480.0 0.0011800
 482.5 0.0011620
 485.0 0.0011060
 487.5 0.0011040
 490.0 0.0011460
 492.5 0.0011630
 495.0 0.0011850
 497.5 0.0011680
 500.0 0.0011360
 502.5 0.0011370
 505.0 0.0011720
 507.5 0.0011820
 510.0 0.0011720
 512.5 0.0011400
 515.0 0.0010710
 517.5 0.0010280
 520.0 0.0010860
 522.5 0.0011560
 525.0 0.0011730
 527.5 0.0011860
 530.0 0.0012750
 532.5 0.0012990
 535.0 0.0013190
 537.5 0.0013270
 540.0 0.0012780
 542.5 0.0012800
 545.0 0.0013170
 547.5 0.0013160
 550.0 0.0013420
 552.5 0.0013640
 555.0 0.0013920
 557.5 0.0013740
 560.0 0.0013700
 562.5 0.0013720
 565.0 0.0013790
 567.5 0.0013960
 570.0 0.0013920
 572.5 0.0014190
 575.0 0.0014150
 577.5 0.0014670
 580.0 0.0014410
 582.5 0.0015150
 585.0 0.0015110
 587.5 0.0014280
 590.0 0.0013830
 592.5 0.0014630
 595.0 0.0015120
 597.5 0.0015180
 600.0 0.0014820
 602.5 0.0015050
 605.0 0.0015330
 607.5 0.0015090
 610.0 0.0014820
 612.5 0.0014590
 615.0 0.0014350
 617.5 0.0014470
 620.0 0.0014550
 622.5 0.0014410
 625.0 0.0014050
 627.5 0.0014110
 630.0 0.0014270
 632.5 0.0014370
 635.0 0.0014370
 637.5 0.0014670
 640.0 0.0014710
 642.5 0.0014700
 645.0 0.0014670
 647.5 0.0014660
 650.0 0.0014100
 652.5 0.0014270
 655.0 0.0014180
 657.5 0.0014090
 660.0 0.0014440
 662.5 0.0014710
 665.0 0.0014890
 667.5 0.0014760
 670.0 0.0014430
 672.5 0.0014390
 675.0 0.0014360
 677.5 0.0014440
 680.0 0.0014560
 682.5 0.0014640
 685.0 0.0014480
 687.5 0.0014050
 690.0 0.0014660
 692.5 0.0014160
 695.0 0.0013790
 697.5 0.0013680
 700.0 0.0013440
 702.5 0.0013230
 705.0 0.0013550
 707.5 0.0013600
 710.0 0.0013390
 712.5 0.0013070
 715.0 0.0013000
 717.5 0.0012760
 720.0 0.0012510
 722.5 0.0012680
 725.0 0.0012680
 727.5 0.0012720
 730.0 0.0012650
 732.5 0.0012610
 735.0 0.0012300

