# nm  Flux(W/m2/m) for star HR 7405 from file: table5.dat
 320.0 0.
 322.5 0.
 325.0 0.
 327.5 0.
 330.0 0.0000190
 332.5 0.0000140
 335.0 0.0000140
 337.5 0.0000150
 340.0 0.0000170
 342.5 0.0000190
 345.0 0.0000200
 347.5 0.0000220
 350.0 0.0000240
 352.5 0.0000260
 355.0 0.0000270
 357.5 0.0000270
 360.0 0.0000280
 362.5 0.0000320
 365.0 0.0000370
 367.5 0.0000400
 370.0 0.0000400
 372.5 0.0000370
 375.0 0.0000350
 377.5 0.0000350
 380.0 0.0000350
 382.5 0.0000350
 385.0 0.0000360
 387.5 0.0000370
 390.0 0.0000380
 392.5 0.0000380
 395.0 0.0000420
 397.5 0.0000530
 400.0 0.0000710
 402.5 0.0000890
 405.0 0.0001030
 407.5 0.0001130
 410.0 0.0001190
 412.5 0.0001240
 415.0 0.0001270
 417.5 0.0001290
 420.0 0.0001310
 422.5 0.0001340
 425.0 0.0001400
 427.5 0.0001510
 430.0 0.0001680
 432.5 0.0001910
 435.0 0.0002140
 437.5 0.0002300
 440.0 0.0002410
 442.5 0.0002550
 445.0 0.0002760
 447.5 0.0003000
 450.0 0.0003210
 452.5 0.0003380
 455.0 0.0003520
 457.5 0.0003670
 460.0 0.0003800
 462.5 0.0003900
 465.0 0.0003930
 467.5 0.0003970
 470.0 0.0004030
 472.5 0.0004080
 475.0 0.0004100
 477.5 0.0004100
 480.0 0.0004120
 482.5 0.0004160
 485.0 0.0004250
 487.5 0.0004360
 490.0 0.0004500
 492.5 0.0004590
 495.0 0.0004560
 497.5 0.0004430
 500.0 0.0004310
 502.5 0.0004270
 505.0 0.0004300
 507.5 0.0004350
 510.0 0.0004410
 512.5 0.0004350
 515.0 0.0004230
 517.5 0.0004170
 520.0 0.0004360
 522.5 0.0004580
 525.0 0.0005040
 527.5 0.0005470
 530.0 0.0005840
 532.5 0.0006150
 535.0 0.0006290
 537.5 0.0006370
 540.0 0.0006420
 542.5 0.0006320
 545.0 0.0006220
 547.5 0.0006250
 550.0 0.0006270
 552.5 0.0006310
 555.0 0.0006530
 557.5 0.0006650
 560.0 0.0006550
 562.5 0.0006440
 565.0 0.0006530
 567.5 0.0006660
 570.0 0.0006780
 572.5 0.0007040
 575.0 0.0007130
 577.5 0.0007230
 580.0 0.0007390
 582.5 0.0007410
 585.0 0.0007190
 587.5 0.0006840
 590.0 0.0006660
 592.5 0.0006510
 595.0 0.0006610
 597.5 0.0006870
 600.0 0.0007170
 602.5 0.0007540
 605.0 0.0007860
 607.5 0.0008030
 610.0 0.0008090
 612.5 0.0007910
 615.0 0.0007470
 617.5 0.0007030
 620.0 0.0006540
 622.5 0.0006210
 625.0 0.0006320
 627.5 0.0006610
 630.0 0.0007010
 632.5 0.0007520
 635.0 0.0007930
 637.5 0.0008230
 640.0 0.0008430
 642.5 0.0008690
 645.0 0.0008770
 647.5 0.0008810
 650.0 0.0008690
 652.5 0.0008720
 655.0 0.0008740
 657.5 0.0008690
 660.0 0.0008690
 662.5 0.0008590
 665.0 0.0008420
 667.5 0.0008260
 670.0 0.0008190
 672.5 0.0008030
 675.0 0.0008060
 677.5 0.0008110
 680.0 0.0008210
 682.5 0.0008390
 685.0 0.0008620
 687.5 0.0008820
 690.0 0.0008950
 692.5 0.0009190
 695.0 0.0009320
 697.5 0.0009430
 700.0 0.0009440
 702.5 0.0009300
 705.0 0.0008950
 707.5 0.0008510
 710.0 0.0007950
 712.5 0.0007570
 715.0 0.0007500
 717.5 0.0007590
 720.0 0.0007910
 722.5 0.0008260
 725.0 0.0008520
 727.5 0.0008880
 730.0 0.0009140
 732.5 0.0009410
 735.0 0.0009450
 737.5 0.0009560
 740.0 0.0009840
 742.5 0.0009880
 745.0 0.0009980
 747.5 0.0010150
 750.0 0.0010250
 752.5 0.0010130
 755.0 0.0009970
 757.5 0.0010060
 760.0 0.0010050
 762.5 0.0009840
 765.0 0.0009890
 767.5 0.0009760
 770.0 0.0009630
 772.5 0.0009880
 775.0 0.0009840
 777.5 0.0009890
 780.0 0.0009840
 782.5 0.0009840
 785.0 0.0009890
 787.5 0.0009790
 790.0 0.0009750
 792.5 0.0009760
 795.0 0.0009760
 797.5 0.0009850
 800.0 0.0009960
 802.5 0.0010000
 805.0 0.0009820
 807.5 0.0009940
 810.0 0.0009790
 812.5 0.0009870
 815.0 0.0009910
 817.5 0.0009940
 820.0 0.0009880
 822.5 0.0010020
 825.0 0.0010060
 827.5 0.0010070
 830.0 0.0010050
 832.5 0.0009890
 835.0 0.0009780
 837.5 0.0009750
 840.0 0.0009860
 842.5 0.0009850
 845.0 0.0009840
 847.5 0.0009820
 850.0 0.0009680
 852.5 0.0009480
 855.0 0.0009640
 857.5 0.0009770
 860.0 0.0010100
 862.5 0.0010200
 865.0 0.0009910
 867.5 0.0009750
 870.0 0.0010170
 872.5 0.0010280
 875.0 0.0010210
 877.5 0.0010240
 880.0 0.0010210
 882.5 0.0010180
 885.0 0.0010330
 887.5 0.0010180
 890.0 0.0009920
 892.5 0.0009710
 895.0 0.0009760
 897.5 0.0009700
 900.0 0.0009730
 902.5 0.0009680
 905.0 0.0009600
 907.5 0.0009610
 910.0 0.0009580
 912.5 0.0009330
 915.0 0.0009270
 917.5 0.0009260
 920.0 0.0008990
 922.5 0.0009090
 925.0 0.0009140
 927.5 0.0009320
 930.0 0.0009470
 932.5 0.0009670
 935.0 0.0009540
 937.5 0.0009400
 940.0 0.0009300
 942.5 0.0009270
 945.0 0.0009320
 947.5 0.0009460
 950.0 0.0009550
 952.5 0.0009680
 955.0 0.0009590
 957.5 0.0009310
 960.0 0.0009300
 962.5 0.0009200
 965.0 0.0009080
 967.5 0.0009210
 970.0 0.0009140
 972.5 0.0009100
 975.0 0.0009140
 977.5 0.0009280
 980.0 0.0009300
 982.5 0.0009320
 985.0 0.0009440
 987.5 0.0009390
 990.0 0.0009360
 992.5 0.0009330
 995.0 0.0009340
 997.5 0.0009590
1000.0 0.0009550
1002.5 0.0009510
1005.0 0.0009590
1007.5 0.0009640
1010.0 0.0009490
1012.5 0.0009440
1015.0 0.0009480
1017.5 0.0009540
1020.0 0.0009380
1022.5 0.0009420
1025.0 0.0009410
1027.5 0.0009510
1030.0 0.0009350
1032.5 0.0009320
1035.0 0.0009410
1037.5 0.0009460
1040.0 0.0009640
1042.5 0.0009530
1045.0 0.0009610
1047.5 0.0009480
1050.0 0.0009590
1052.5 0.0009380
1055.0 0.0009330
1057.5 0.0009350
1060.0 0.0009320
1062.5 0.0009420
1065.0 0.0009380
1067.5 0.0009380
1070.0 0.0009360
1072.5 0.0009370
1075.0 0.0009270
1077.5 0.0009200
1080.0 0.0009320

# nm  Flux(W/m2/m) for star HR 7405 from file: table6.dat
 320.0 0.0000097
 322.5 0.0000115
 325.0 0.0000151
 327.5 0.0000187
 330.0 0.0000191
 332.5 0.0000110
 335.0 0.0000116
 337.5 0.0000153
 340.0 0.0000182
 342.5 0.0000198
 345.0 0.0000183
 347.5 0.0000209
 350.0 0.0000244
 352.5 0.0000282
 355.0 0.0000281
 357.5 0.0000248
 360.0 0.0000257
 362.5 0.0000306
 365.0 0.0000380
 367.5 0.0000443
 370.0 0.0000432
 372.5 0.0000354
 375.0 0.0000309
 377.5 0.0000364
 380.0 0.0000380
 382.5 0.0000332
 385.0 0.0000336
 387.5 0.0000366
 390.0 0.0000414
 392.5 0.0000376
 395.0 0.0000324
 397.5 0.0000434
 400.0 0.0000740
 402.5 0.0000959
 405.0 0.0001045
 407.5 0.0001134
 410.0 0.0001225
 412.5 0.0001249
 415.0 0.0001262
 417.5 0.0001307
 420.0 0.0001313
 422.5 0.0001272
 425.0 0.0001397
 427.5 0.0001494
 430.0 0.0001562
 432.5 0.0001897
 435.0 0.0002280
 437.5 0.0002355
 440.0 0.0002318
 442.5 0.0002491
 445.0 0.0002731
 447.5 0.0003009
 450.0 0.0003317
 452.5 0.0003373
 455.0 0.0003464
 457.5 0.0003688
 460.0 0.0003830
 462.5 0.0003988
 465.0 0.0003926
 467.5 0.0003901
 470.0 0.0004003
 472.5 0.0004153
 475.0 0.0004169
 477.5 0.0004014
 480.0 0.0004070
 482.5 0.0004203
 485.0 0.0004223
 487.5 0.0004274
 490.0 0.0004525
 492.5 0.0004738
 495.0 0.0004682
 497.5 0.0004377
 500.0 0.0004200
 502.5 0.0004184
 505.0 0.0004337
 507.5 0.0004389
 510.0 0.0004365
 512.5 0.0004365
 515.0 0.0004254
 517.5 0.0003865
 520.0 0.0004014
 522.5 0.0004669
 525.0 0.0005035
 527.5 0.0005360
 530.0 0.0005894
 532.5 0.0006098
 535.0 0.0006345
 537.5 0.0006421
 540.0 0.0006298
 542.5 0.0006409
 545.0 0.0006304
 547.5 0.0006059
 550.0 0.0006037
 552.5 0.0006206
 555.0 0.0006504
 557.5 0.0006601
 560.0 0.0006333
 562.5 0.0006177
 565.0 0.0006310
 567.5 0.0006510
 570.0 0.0006656
 572.5 0.0006855
 575.0 0.0007086
 577.5 0.0007158
 580.0 0.0007298
 582.5 0.0007434
 585.0 0.0007191
 587.5 0.0006650
 590.0 0.0006126
 592.5 0.0006160
 595.0 0.0006403
 597.5 0.0006650
 600.0 0.0006868
 602.5 0.0007298
 605.0 0.0007849
 607.5 0.0007995
 610.0 0.0007965
 612.5 0.0008002
 615.0 0.0007748
 617.5 0.0007008
 620.0 0.0006421
 622.5 0.0005905
 625.0 0.0005867
 627.5 0.0006304
 630.0 0.0006880
 632.5 0.0007461
 635.0 0.0007791
 637.5 0.0008136
 640.0 0.0008464
 642.5 0.0008630
 645.0 0.0008790
 647.5 0.0008839
 650.0 0.0008535
 652.5 0.0008855
 655.0 0.0009324
 657.5 0.0009238
 660.0 0.0009103
 662.5 0.0009154
 665.0 0.0008978
 667.5 0.0008678
 670.0 0.0008410
 672.5 0.0008173
 675.0 0.0008076
 677.5 0.0008091
 680.0 0.0008219
 682.5 0.0008472
 685.0 0.0008872
 687.5 0.0008978
 690.0 0.0009028
 692.5 0.0009221
 695.0 0.0009419
 697.5 0.0009541
 700.0 0.0009621
 702.5 0.0009419
 705.0 0.0009145
 707.5 0.0008598
 710.0 0.0007762
 712.5 0.0007311
 715.0 0.0007204
 717.5 0.0007523
 720.0 0.0007607
 722.5 0.0007973
 725.0 0.0008364
 727.5 0.0008758
 730.0 0.0008954
 732.5 0.0009087
 735.0 0.0009112

