# nm  Flux(W/m2/m) for star HR 7565 from file: table5.dat
 320.0 0.0009710
 322.5 0.0009638
 325.0 0.0009550
 327.5 0.0009480
 330.0 0.0009428
 332.5 0.0009384
 335.0 0.0009315
 337.5 0.0009221
 340.0 0.0009112
 342.5 0.0009003
 345.0 0.0008896
 347.5 0.0008782
 350.0 0.0008646
 352.5 0.0008496
 355.0 0.0008348
 357.5 0.0008219
 360.0 0.0008113
 362.5 0.0008032
 365.0 0.0007973
 367.5 0.0007943
 370.0 0.0007995
 372.5 0.0008188
 375.0 0.0008511
 377.5 0.0008880
 380.0 0.0009213
 382.5 0.0009445
 385.0 0.0009612
 387.5 0.0009719
 390.0 0.0009790
 392.5 0.0009763
 395.0 0.0009585
 397.5 0.0009367
 400.0 0.0009281
 402.5 0.0009290
 405.0 0.0009204
 407.5 0.0008937
 410.0 0.0008622
 412.5 0.0008504
 415.0 0.0008559
 417.5 0.0008654
 420.0 0.0008638
 422.5 0.0008535
 425.0 0.0008387
 427.5 0.0008173
 430.0 0.0007878
 432.5 0.0007530
 435.0 0.0007298
 437.5 0.0007271
 440.0 0.0007359
 442.5 0.0007393
 445.0 0.0007311
 447.5 0.0007178
 450.0 0.0007047
 452.5 0.0006950
 455.0 0.0006874
 457.5 0.0006780
 460.0 0.0006674
 462.5 0.0006552
 465.0 0.0006427
 467.5 0.0006310
 470.0 0.0006206
 472.5 0.0006098
 475.0 0.0005987
 477.5 0.0005867
 480.0 0.0005707
 482.5 0.0005500
 485.0 0.0005297
 487.5 0.0005181
 490.0 0.0005176
 492.5 0.0005210
 495.0 0.0005210
 497.5 0.0005167
 500.0 0.0005096
 502.5 0.0005016
 505.0 0.0004948
 507.5 0.0004889
 510.0 0.0004880
 512.5 0.0004791
 515.0 0.0004712
 517.5 0.0004647
 520.0 0.0004617
 522.5 0.0004546
 525.0 0.0004483
 527.5 0.0004397
 530.0 0.0004365
 532.5 0.0004305
 535.0 0.0004242
 537.5 0.0004180
 540.0 0.0004108
 542.5 0.0004029
 545.0 0.0003955
 547.5 0.0003894
 550.0 0.0003826
 552.5 0.0003777
 555.0 0.0003750
 557.5 0.0003702
 560.0 0.0003648
 562.5 0.0003568
 565.0 0.0003509
 567.5 0.0003445
 570.0 0.0003395
 572.5 0.0003324
 575.0 0.0003278
 577.5 0.0003242
 580.0 0.0003194
 582.5 0.0003168
 585.0 0.0003116
 587.5 0.0003062
 590.0 0.0003042
 592.5 0.0003023
 595.0 0.0002979
 597.5 0.0002932
 600.0 0.0002900
 602.5 0.0002889
 605.0 0.0002850
 607.5 0.0002818
 610.0 0.0002769
 612.5 0.0002726
 615.0 0.0002674
 617.5 0.0002647
 620.0 0.0002611
 622.5 0.0002575
 625.0 0.0002540
 627.5 0.0002528
 630.0 0.0002498
 632.5 0.0002473
 635.0 0.0002443
 637.5 0.0002412
 640.0 0.0002368
 642.5 0.0002321
 645.0 0.0002310
 647.5 0.0002289
 650.0 0.0002251
 652.5 0.0002233
 655.0 0.0002210
 657.5 0.0002198
 660.0 0.0002186
 662.5 0.0002176
 665.0 0.0002152
 667.5 0.0002120
 670.0 0.0002103
 672.5 0.0002072
 675.0 0.0002034
 677.5 0.0002004
 680.0 0.0001975
 682.5 0.0001944
 685.0 0.0001920
 687.5 0.0001883
 690.0 0.0001871
 692.5 0.0001854
 695.0 0.0001835
 697.5 0.0001791
 700.0 0.0001755
 702.5 0.0001717
 705.0 0.0001698
 707.5 0.0001680
 710.0 0.0001644
 712.5 0.0001613
 715.0 0.0001597
 717.5 0.0001578
 720.0 0.0001560
 722.5 0.0001553
 725.0 0.0001540
 727.5 0.0001507
 730.0 0.0001490
 732.5 0.0001457
 735.0 0.0001441
 737.5 0.0001397
 740.0 0.0001353
 742.5 0.0001350
 745.0 0.0001299
 747.5 0.0001288
 750.0 0.0001287
 752.5 0.0001273
 755.0 0.0001222
 757.5 0.0001192
 760.0 0.0001221
 762.5 0.0001228
 765.0 0.0001259
 767.5 0.0001223
 770.0 0.0001188
 772.5 0.0001151
 775.0 0.0001141
 777.5 0.0001139
 780.0 0.0001109
 782.5 0.0001120
 785.0 0.0001112
 787.5 0.0001074
 790.0 0.0001061
 792.5 0.0001087
 795.0 0.0001091
 797.5 0.0001073
 800.0 0.0001047
 802.5 0.0001020
 805.0 0.0000999
 807.5 0.0001004
 810.0 0.0000948
 812.5 0.0000981
 815.0 0.0000973
 817.5 0.0000961
 820.0 0.0000959
 822.5 0.0000946
 825.0 0.0000934
 827.5 0.0000935
 830.0 0.0000943
 832.5 0.0000933
 835.0 0.0000940
 837.5 0.0000912
 840.0 0.0000915
 842.5 0.0000937
 845.0 0.0000948
 847.5 0.0000918
 850.0 0.0000875
 852.5 0.0000850
 855.0 0.0000861
 857.5 0.0000885
 860.0 0.0000861
 862.5 0.0000850
 865.0 0.0000855
 867.5 0.0000873
 870.0 0.0000853
 872.5 0.0000844
 875.0 0.0000829
 877.5 0.0000827
 880.0 0.0000833
 882.5 0.0000811
 885.0 0.0000809
 887.5 0.0000807
 890.0 0.0000799
 892.5 0.0000756
 895.0 0.0000750
 897.5 0.0000716
 900.0 0.0000696
 902.5 0.0000734
 905.0 0.0000732
 907.5 0.0000713
 910.0 0.0000715
 912.5 0.0000727
 915.0 0.0000707
 917.5 0.0000684
 920.0 0.0000672
 922.5 0.0000671
 925.0 0.0000672
 927.5 0.0000671
 930.0 0.0000690
 932.5 0.0000717
 935.0 0.0000707
 937.5 0.0000679
 940.0 0.0000685
 942.5 0.0000719
 945.0 0.0000707
 947.5 0.0000692
 950.0 0.0000668
 952.5 0.0000651
 955.0 0.0000634
 957.5 0.0000629
 960.0 0.0000619
 962.5 0.0000603
 965.0 0.0000623
 967.5 0.0000610
 970.0 0.0000628
 972.5 0.0000619
 975.0 0.0000624
 977.5 0.0000639
 980.0 0.0000627
 982.5 0.0000625
 985.0 0.0000606
 987.5 0.0000608
 990.0 0.0000600
 992.5 0.0000627
 995.0 0.0000641
 997.5 0.0000604
1000.0 0.0000596
1002.5 0.0000572
1005.0 0.0000531
1007.5 0.0000560
1010.0 0.0000584
1012.5 0.0000588
1015.0 0.0000557
1017.5 0.0000590
1020.0 0.0000585
1022.5 0.0000583
1025.0 0.0000586
1027.5 0.0000586
1030.0 0.0000574
1032.5 0.0000575
1035.0 0.0000568
1037.5 0.0000562
1040.0 0.0000531
1042.5 0.0000539
1045.0 0.0000561
1047.5 0.0000549
1050.0 0.0000539
1052.5 0.0000562
1055.0 0.0000556
1057.5 0.0000521
1060.0 0.0000520
1062.5 0.0000535
1065.0 0.0000513
1067.5 0.0000524
1070.0 0.0000531
1072.5 0.0000547
1075.0 0.0000543
1077.5 0.0000480
1080.0 0.0000519

# nm  Flux(W/m2/m) for star HR 7565 from file: table6.dat
 320.0 0.0009750
 322.5 0.0009660
 325.0 0.0009520
 327.5 0.0009450
 330.0 0.0009420
 332.5 0.0009430
 335.0 0.0009320
 337.5 0.0009240
 340.0 0.0009110
 342.5 0.0008990
 345.0 0.0008900
 347.5 0.0008810
 350.0 0.0008650
 352.5 0.0008500
 355.0 0.0008330
 357.5 0.0008200
 360.0 0.0008100
 362.5 0.0008020
 365.0 0.0007960
 367.5 0.0007910
 370.0 0.0007900
 372.5 0.0008010
 375.0 0.0008460
 377.5 0.0009030
 380.0 0.0009260
 382.5 0.0009380
 385.0 0.0009840
 387.5 0.0009640
 390.0 0.0009640
 392.5 0.0010200
 395.0 0.0009690
 397.5 0.0008980
 400.0 0.0009220
 402.5 0.0009360
 405.0 0.0009500
 407.5 0.0009120
 410.0 0.0008220
 412.5 0.0008280
 415.0 0.0008660
 417.5 0.0008800
 420.0 0.0008680
 422.5 0.0008530
 425.0 0.0008390
 427.5 0.0008240
 430.0 0.0008050
 432.5 0.0007450
 435.0 0.0006940
 437.5 0.0007210
 440.0 0.0007490
 442.5 0.0007520
 445.0 0.0007350
 447.5 0.0007130
 450.0 0.0007030
 452.5 0.0006940
 455.0 0.0006880
 457.5 0.0006810
 460.0 0.0006670
 462.5 0.0006550
 465.0 0.0006440
 467.5 0.0006290
 470.0 0.0006190
 472.5 0.0006120
 475.0 0.0006000
 477.5 0.0005850
 480.0 0.0005770
 482.5 0.0005600
 485.0 0.0005150
 487.5 0.0005010
 490.0 0.0005220
 492.5 0.0005260
 495.0 0.0005220
 497.5 0.0005200
 500.0 0.0005110
 502.5 0.0004980
 505.0 0.0004940
 507.5 0.0004910
 510.0 0.0004840
 512.5 0.0004760
 515.0 0.0004720
 517.5 0.0004690
 520.0 0.0004620
 522.5 0.0004550
 525.0 0.0004460
 527.5 0.0004430
 530.0 0.0004430
 532.5 0.0004320
 535.0 0.0004230
 537.5 0.0004210
 540.0 0.0004170
 542.5 0.0004060
 545.0 0.0003960
 547.5 0.0003910
 550.0 0.0003870
 552.5 0.0003820
 555.0 0.0003750
 557.5 0.0003730
 560.0 0.0003670
 562.5 0.0003590
 565.0 0.0003510
 567.5 0.0003440
 570.0 0.0003390
 572.5 0.0003350
 575.0 0.0003290
 577.5 0.0003240
 580.0 0.0003220
 582.5 0.0003170
 585.0 0.0003100
 587.5 0.0003050
 590.0 0.0003050
 592.5 0.0003030
 595.0 0.0002980
 597.5 0.0002930
 600.0 0.0002890
 602.5 0.0002900
 605.0 0.0002870
 607.5 0.0002820
 610.0 0.0002770
 612.5 0.0002720
 615.0 0.0002680
 617.5 0.0002660
 620.0 0.0002640
 622.5 0.0002590
 625.0 0.0002590
 627.5 0.0002550
 630.0 0.0002500
 632.5 0.0002480
 635.0 0.0002480
 637.5 0.0002440
 640.0 0.0002350
 642.5 0.0002290
 645.0 0.0002320
 647.5 0.0002320
 650.0 0.0002260
 652.5 0.0002240
 655.0 0.0002300
 657.5 0.0002250
 660.0 0.0002240
 662.5 0.0002250
 665.0 0.0002210
 667.5 0.0002160
 670.0 0.0002140
 672.5 0.0002140
 675.0 0.0002100
 677.5 0.0002030
 680.0 0.0002030
 682.5 0.0002010
 685.0 0.0001960
 687.5 0.0001910
 690.0 0.0001910
 692.5 0.0001900
 695.0 0.0001870
 697.5 0.0001810
 700.0 0.0001780
 702.5 0.0001760
 705.0 0.0001750
 707.5 0.0001720
 710.0 0.0001660
 712.5 0.0001660
 715.0 0.0001630
 717.5 0.0001590
 720.0 0.0001560
 722.5 0.0001600
 725.0 0.0001620
 727.5 0.0001520
 730.0 0.0001480
 732.5 0.0001490
 735.0 0.0001480

