# nm  Flux(W/m2/m) for star HR 7569 from file: table6.dat
 320.0 0.0000455
 322.5 0.0000480
 325.0 0.0000546
 327.5 0.0000589
 330.0 0.0000603
 332.5 0.0000592
 335.0 0.0000586
 337.5 0.0000601
 340.0 0.0000625
 342.5 0.0000622
 345.0 0.0000616
 347.5 0.0000629
 350.0 0.0000652
 352.5 0.0000672
 355.0 0.0000655
 357.5 0.0000633
 360.0 0.0000658
 362.5 0.0000704
 365.0 0.0000761
 367.5 0.0000778
 370.0 0.0000742
 372.5 0.0000687
 375.0 0.0000718
 377.5 0.0000761
 380.0 0.0000705
 382.5 0.0000634
 385.0 0.0000661
 387.5 0.0000693
 390.0 0.0000714
 392.5 0.0000652
 395.0 0.0000681
 397.5 0.0000846
 400.0 0.0001027
 402.5 0.0001080
 405.0 0.0001086
 407.5 0.0001100
 410.0 0.0001132
 412.5 0.0001163
 415.0 0.0001175
 417.5 0.0001146
 420.0 0.0001131
 422.5 0.0001114
 425.0 0.0001079
 427.5 0.0001019
 430.0 0.0001012
 432.5 0.0001094
 435.0 0.0001152
 437.5 0.0001168
 440.0 0.0001210
 442.5 0.0001253
 445.0 0.0001281
 447.5 0.0001328
 450.0 0.0001346
 452.5 0.0001332
 455.0 0.0001339
 457.5 0.0001344
 460.0 0.0001350
 462.5 0.0001346
 465.0 0.0001330
 467.5 0.0001323
 470.0 0.0001334
 472.5 0.0001351
 475.0 0.0001360
 477.5 0.0001359
 480.0 0.0001346
 482.5 0.0001294
 485.0 0.0001235
 487.5 0.0001253
 490.0 0.0001282
 492.5 0.0001300
 495.0 0.0001310
 497.5 0.0001288
 500.0 0.0001281
 502.5 0.0001292
 505.0 0.0001299
 507.5 0.0001291
 510.0 0.0001285
 512.5 0.0001257
 515.0 0.0001219
 517.5 0.0001221
 520.0 0.0001267
 522.5 0.0001289
 525.0 0.0001285
 527.5 0.0001304
 530.0 0.0001322
 532.5 0.0001323
 535.0 0.0001319
 537.5 0.0001300
 540.0 0.0001285
 542.5 0.0001292
 545.0 0.0001298
 547.5 0.0001289
 550.0 0.0001285
 552.5 0.0001295
 555.0 0.0001285
 557.5 0.0001260
 560.0 0.0001255
 562.5 0.0001257
 565.0 0.0001255
 567.5 0.0001258
 570.0 0.0001262
 572.5 0.0001269
 575.0 0.0001268
 577.5 0.0001266
 580.0 0.0001272
 582.5 0.0001275
 585.0 0.0001261
 587.5 0.0001238
 590.0 0.0001237
 592.5 0.0001257
 595.0 0.0001268
 597.5 0.0001249
 600.0 0.0001225
 602.5 0.0001226
 605.0 0.0001231
 607.5 0.0001231
 610.0 0.0001235
 612.5 0.0001226
 615.0 0.0001211
 617.5 0.0001213
 620.0 0.0001216
 622.5 0.0001209
 625.0 0.0001201
 627.5 0.0001201
 630.0 0.0001201
 632.5 0.0001200
 635.0 0.0001192
 637.5 0.0001184
 640.0 0.0001173
 642.5 0.0001173
 645.0 0.0001162
 647.5 0.0001124
 650.0 0.0001080
 652.5 0.0001046
 655.0 0.0001030
 657.5 0.0001065
 660.0 0.0001094
 662.5 0.0001130
 665.0 0.0001171
 667.5 0.0001184
 670.0 0.0001178
 672.5 0.0001180
 675.0 0.0001180
 677.5 0.0001184
 680.0 0.0001188
 682.5 0.0001167
 685.0 0.0001160
 687.5 0.0001189
 690.0 0.0001193
 692.5 0.0001161
 695.0 0.0001146
 697.5 0.0001155
 700.0 0.0001158
 702.5 0.0001141
 705.0 0.0001119
 707.5 0.0001131
 710.0 0.0001123
 712.5 0.0001118
 715.0 0.0001096
 717.5 0.0001097
 720.0 0.0001094
 722.5 0.0001063
 725.0 0.0001090
 727.5 0.0001115
 730.0 0.0001117
 732.5 0.0001136
 735.0 0.0001141

