# nm  Flux(W/m2/m) for star HR 7582 from file: table5.dat
 320.0 0.0001780
 322.5 0.0001900
 325.0 0.0002080
 327.5 0.0002360
 330.0 0.0002580
 332.5 0.0002650
 335.0 0.0002560
 337.5 0.0002510
 340.0 0.0002580
 342.5 0.0002760
 345.0 0.0002880
 347.5 0.0002970
 350.0 0.0003080
 352.5 0.0003190
 355.0 0.0003170
 357.5 0.0003060
 360.0 0.0003080
 362.5 0.0003370
 365.0 0.0003760
 367.5 0.0004030
 370.0 0.0003970
 372.5 0.0003820
 375.0 0.0003700
 377.5 0.0003690
 380.0 0.0003520
 382.5 0.0003200
 385.0 0.0003050
 387.5 0.0003210
 390.0 0.0003510
 392.5 0.0003570
 395.0 0.0003850
 397.5 0.0004500
 400.0 0.0005580
 402.5 0.0006270
 405.0 0.0006570
 407.5 0.0006580
 410.0 0.0006640
 412.5 0.0006690
 415.0 0.0006670
 417.5 0.0006680
 420.0 0.0006740
 422.5 0.0006830
 425.0 0.0006750
 427.5 0.0006680
 430.0 0.0006740
 432.5 0.0007130
 435.0 0.0007520
 437.5 0.0007830
 440.0 0.0008020
 442.5 0.0008270
 445.0 0.0008580
 447.5 0.0008900
 450.0 0.0009120
 452.5 0.0009250
 455.0 0.0009320
 457.5 0.0009450
 460.0 0.0009610
 462.5 0.0009740
 465.0 0.0009760
 467.5 0.0009750
 470.0 0.0009820
 472.5 0.0009940
 475.0 0.0010090
 477.5 0.0010200
 480.0 0.0010240
 482.5 0.0010130
 485.0 0.0009990
 487.5 0.0009890
 490.0 0.0009970
 492.5 0.0010090
 495.0 0.0010180
 497.5 0.0010120
 500.0 0.0010020
 502.5 0.0009970
 505.0 0.0010040
 507.5 0.0010100
 510.0 0.0010170
 512.5 0.0010030
 515.0 0.0009940
 517.5 0.0009940
 520.0 0.0010050
 522.5 0.0010140
 525.0 0.0010270
 527.5 0.0010490
 530.0 0.0010620
 532.5 0.0010750
 535.0 0.0010830
 537.5 0.0010770
 540.0 0.0010710
 542.5 0.0010700
 545.0 0.0010730
 547.5 0.0010730
 550.0 0.0010740
 552.5 0.0010780
 555.0 0.0010730
 557.5 0.0010730
 560.0 0.0010690
 562.5 0.0010640
 565.0 0.0010660
 567.5 0.0010620
 570.0 0.0010670
 572.5 0.0010670
 575.0 0.0010700
 577.5 0.0010730
 580.0 0.0010800
 582.5 0.0010820
 585.0 0.0010770
 587.5 0.0010760
 590.0 0.0010730
 592.5 0.0010770
 595.0 0.0010800
 597.5 0.0010810
 600.0 0.0010750
 602.5 0.0010760
 605.0 0.0010740
 607.5 0.0010700
 610.0 0.0010520
 612.5 0.0010410
 615.0 0.0010320
 617.5 0.0010310
 620.0 0.0010330
 622.5 0.0010350
 625.0 0.0010290
 627.5 0.0010210
 630.0 0.0010210
 632.5 0.0010280
 635.0 0.0010290
 637.5 0.0010290
 640.0 0.0010260
 642.5 0.0010230
 645.0 0.0010200
 647.5 0.0010060
 650.0 0.0009840
 652.5 0.0009750
 655.0 0.0009750
 657.5 0.0009800
 660.0 0.0009860
 662.5 0.0010000
 665.0 0.0010060
 667.5 0.0010100
 670.0 0.0010120
 672.5 0.0010050
 675.0 0.0010000
 677.5 0.0009940
 680.0 0.0009920
 682.5 0.0009920
 685.0 0.0009860
 687.5 0.0009840
 690.0 0.0009750
 692.5 0.0009700
 695.0 0.0009620
 697.5 0.0009440
 700.0 0.0009330
 702.5 0.0009280
 705.0 0.0009240
 707.5 0.0009250
 710.0 0.0009210
 712.5 0.0009170
 715.0 0.0009110
 717.5 0.0008960
 720.0 0.0008900
 722.5 0.0008860
 725.0 0.0008810
 727.5 0.0008780
 730.0 0.0008720
 732.5 0.0008710
 735.0 0.0008640
 737.5 0.0008600
 740.0 0.0008520
 742.5 0.0008510
 745.0 0.0008500
 747.5 0.0008500
 750.0 0.0008530
 752.5 0.0008600
 755.0 0.0008630
 757.5 0.0008650
 760.0 0.0008570
 762.5 0.0008470
 765.0 0.0008510
 767.5 0.0008440
 770.0 0.0008440
 772.5 0.0008510
 775.0 0.0008390
 777.5 0.0008380
 780.0 0.0008380
 782.5 0.0008330
 785.0 0.0008260
 787.5 0.0008240
 790.0 0.0008110
 792.5 0.0008010
 795.0 0.0008040
 797.5 0.0008020
 800.0 0.0008020
 802.5 0.0007970
 805.0 0.0007910
 807.5 0.0007810
 810.0 0.0007780
 812.5 0.0007780
 815.0 0.0007770
 817.5 0.0007770
 820.0 0.0007690
 822.5 0.0007660
 825.0 0.0007610
 827.5 0.0007710
 830.0 0.0007790
 832.5 0.0007700
 835.0 0.0007560
 837.5 0.0007590
 840.0 0.0007600
 842.5 0.0007580
 845.0 0.0007650
 847.5 0.0007580
 850.0 0.0007410
 852.5 0.0007350
 855.0 0.0007410
 857.5 0.0007470
 860.0 0.0007540
 862.5 0.0007560
 865.0 0.0007380
 867.5 0.0007360
 870.0 0.0007490
 872.5 0.0007450
 875.0 0.0007390
 877.5 0.0007300
 880.0 0.0007350
 882.5 0.0007350
 885.0 0.0007280
 887.5 0.0007180
 890.0 0.0007110
 892.5 0.0007000
 895.0 0.0006850
 897.5 0.0006860
 900.0 0.0006850
 902.5 0.0006790
 905.0 0.0006720
 907.5 0.0006630
 910.0 0.0006510
 912.5 0.0006440
 915.0 0.0006470
 917.5 0.0006560
 920.0 0.0006500
 922.5 0.0006490
 925.0 0.0006390
 927.5 0.0006410
 930.0 0.0006310
 932.5 0.0006320
 935.0 0.0006260
 937.5 0.0006240
 940.0 0.0006230
 942.5 0.0006170
 945.0 0.0006100
 947.5 0.0006090
 950.0 0.0006030
 952.5 0.0006040
 955.0 0.0006040
 957.5 0.0006030
 960.0 0.0006000
 962.5 0.0006050
 965.0 0.0005960
 967.5 0.0005990
 970.0 0.0005980
 972.5 0.0005950
 975.0 0.0005940
 977.5 0.0006010
 980.0 0.0006030
 982.5 0.0006010
 985.0 0.0006000
 987.5 0.0006010
 990.0 0.0006040
 992.5 0.0006030
 995.0 0.0006140
 997.5 0.0006130
1000.0 0.0006060
1002.5 0.0005960
1005.0 0.0005960
1007.5 0.0005980
1010.0 0.0005970
1012.5 0.0006000
1015.0 0.0006010
1017.5 0.0005950
1020.0 0.0005980
1022.5 0.0005980
1025.0 0.0005900
1027.5 0.0005880
1030.0 0.0005820
1032.5 0.0005770
1035.0 0.0005740
1037.5 0.0005780
1040.0 0.0005750
1042.5 0.0005790
1045.0 0.0005800
1047.5 0.0005770
1050.0 0.0005690
1052.5 0.0005700
1055.0 0.0005780
1057.5 0.0005740
1060.0 0.0005720
1062.5 0.0005740
1065.0 0.0005680
1067.5 0.0005690
1070.0 0.0005740
1072.5 0.0005670
1075.0 0.0005700
1077.5 0.0005690
1080.0 0.0005570

# nm  Flux(W/m2/m) for star HR 7582 from file: table6.dat
 320.0 0.0001820
 322.5 0.0001960
 325.0 0.0001740
 327.5 0.0002480
 330.0 0.0002770
 332.5 0.0002800
 335.0 0.0002610
 337.5 0.0002230
 340.0 0.0002390
 342.5 0.0003100
 345.0 0.0002820
 347.5 0.0002890
 350.0 0.0003040
 352.5 0.0003230
 355.0 0.0003570
 357.5 0.0002870
 360.0 0.0002550
 362.5 0.0003470
 365.0 0.0003820
 367.5 0.0004310
 370.0 0.0004250
 372.5 0.0003680
 375.0 0.0003170
 377.5 0.0004160
 380.0 0.0003880
 382.5 0.0002990
 385.0 0.0002560
 387.5 0.0002760
 390.0 0.0004410
 392.5 0.0003610
 395.0 0.0003070
 397.5 0.0003540
 400.0 0.0006710
 402.5 0.0006740
 405.0 0.0006460
 407.5 0.0006400
 410.0 0.0006760
 412.5 0.0006840
 415.0 0.0006580
 417.5 0.0006630
 420.0 0.0006640
 422.5 0.0006940
 425.0 0.0007000
 427.5 0.0006710
 430.0 0.0005870
 432.5 0.0007350
 435.0 0.0007940
 437.5 0.0007760
 440.0 0.0007830
 442.5 0.0008360
 445.0 0.0008510
 447.5 0.0008930
 450.0 0.0009330
 452.5 0.0009250
 455.0 0.0009220
 457.5 0.0009410
 460.0 0.0009580
 462.5 0.0009950
 465.0 0.0009840
 467.5 0.0009530
 470.0 0.0009770
 472.5 0.0010030
 475.0 0.0010060
 477.5 0.0010180
 480.0 0.0010450
 482.5 0.0010230
 485.0 0.0009930
 487.5 0.0009560
 490.0 0.0010110
 492.5 0.0010050
 495.0 0.0010310
 497.5 0.0010280
 500.0 0.0009890
 502.5 0.0009760
 505.0 0.0010110
 507.5 0.0010200
 510.0 0.0010170
 512.5 0.0009950
 515.0 0.0009820
 517.5 0.0009610
 520.0 0.0009930
 522.5 0.0010120
 525.0 0.0010050
 527.5 0.0010320
 530.0 0.0010750
 532.5 0.0010540
 535.0 0.0010760
 537.5 0.0010870
 540.0 0.0010440
 542.5 0.0010670
 545.0 0.0010760
 547.5 0.0010570
 550.0 0.0010700
 552.5 0.0010760
 555.0 0.0010800
 557.5 0.0010660
 560.0 0.0010430
 562.5 0.0010730
 565.0 0.0010710
 567.5 0.0010560
 570.0 0.0010440
 572.5 0.0010620
 575.0 0.0010770
 577.5 0.0010640
 580.0 0.0010800
 582.5 0.0010900
 585.0 0.0010910
 587.5 0.0010670
 590.0 0.0010580
 592.5 0.0010810
 595.0 0.0010910
 597.5 0.0010930
 600.0 0.0010670
 602.5 0.0010760
 605.0 0.0010840
 607.5 0.0010750
 610.0 0.0010500
 612.5 0.0010570
 615.0 0.0010130
 617.5 0.0010140
 620.0 0.0010430
 622.5 0.0010500
 625.0 0.0010200
 627.5 0.0010060
 630.0 0.0010300
 632.5 0.0010300
 635.0 0.0010210
 637.5 0.0010430
 640.0 0.0010170
 642.5 0.0010130
 645.0 0.0010460
 647.5 0.0009910
 650.0 0.0009590
 652.5 0.0009600
 655.0 0.0009920
 657.5 0.0009650
 660.0 0.0009830
 662.5 0.0010170
 665.0 0.0010180
 667.5 0.0010060
 670.0 0.0010130
 672.5 0.0009870
 675.0 0.0010030
 677.5 0.0010060
 680.0 0.0009690
 682.5 0.0010130
 685.0 0.0009850
 687.5 0.0009900
 690.0 0.0009840
 692.5 0.0009740
 695.0 0.0009680
 697.5 0.0009620
 700.0 0.0009330
 702.5 0.0009320
 705.0 0.0009210
 707.5 0.0009260
 710.0 0.0009340
 712.5 0.0009150
 715.0 0.0009320
 717.5 0.0009040
 720.0 0.0008790
 722.5 0.0008770
 725.0 0.0008840
 727.5 0.0008840
 730.0 0.0008640
 732.5 0.0008960
 735.0 0.0008510

