# nm  Flux(W/m2/m) for star HR 7602 from file: table5.dat
 320.0 0.0002200
 322.5 0.0002310
 325.0 0.0002550
 327.5 0.0002980
 330.0 0.0003320
 332.5 0.0003460
 335.0 0.0003390
 337.5 0.0003380
 340.0 0.0003450
 342.5 0.0003550
 345.0 0.0003550
 347.5 0.0003580
 350.0 0.0003730
 352.5 0.0003870
 355.0 0.0003890
 357.5 0.0003740
 360.0 0.0003770
 362.5 0.0004090
 365.0 0.0004590
 367.5 0.0004860
 370.0 0.0004660
 372.5 0.0004340
 375.0 0.0004170
 377.5 0.0004230
 380.0 0.0004060
 382.5 0.0003610
 385.0 0.0003380
 387.5 0.0003520
 390.0 0.0003910
 392.5 0.0004010
 395.0 0.0004400
 397.5 0.0005170
 400.0 0.0006390
 402.5 0.0007160
 405.0 0.0007540
 407.5 0.0007680
 410.0 0.0007880
 412.5 0.0008020
 415.0 0.0008020
 417.5 0.0007970
 420.0 0.0007930
 422.5 0.0007860
 425.0 0.0007660
 427.5 0.0007580
 430.0 0.0007730
 432.5 0.0008260
 435.0 0.0008690
 437.5 0.0009020
 440.0 0.0009260
 442.5 0.0009660
 445.0 0.0010120
 447.5 0.0010540
 450.0 0.0010800
 452.5 0.0010920
 455.0 0.0010960
 457.5 0.0011070
 460.0 0.0011190
 462.5 0.0011250
 465.0 0.0011190
 467.5 0.0011160
 470.0 0.0011240
 472.5 0.0011410
 475.0 0.0011600
 477.5 0.0011740
 480.0 0.0011790
 482.5 0.0011730
 485.0 0.0011560
 487.5 0.0011420
 490.0 0.0011420
 492.5 0.0011480
 495.0 0.0011530
 497.5 0.0011470
 500.0 0.0011390
 502.5 0.0011330
 505.0 0.0011360
 507.5 0.0011380
 510.0 0.0011240
 512.5 0.0011020
 515.0 0.0010820
 517.5 0.0010590
 520.0 0.0011070
 522.5 0.0011300
 525.0 0.0011580
 527.5 0.0011840
 530.0 0.0011920
 532.5 0.0012040
 535.0 0.0012030
 537.5 0.0011930
 540.0 0.0011910
 542.5 0.0012000
 545.0 0.0012020
 547.5 0.0012010
 550.0 0.0012070
 552.5 0.0012040
 555.0 0.0011900
 557.5 0.0011840
 560.0 0.0011820
 562.5 0.0011770
 565.0 0.0011730
 567.5 0.0011780
 570.0 0.0011890
 572.5 0.0011930
 575.0 0.0011900
 577.5 0.0011970
 580.0 0.0012000
 582.5 0.0011930
 585.0 0.0011890
 587.5 0.0011840
 590.0 0.0011810
 592.5 0.0011850
 595.0 0.0011880
 597.5 0.0011850
 600.0 0.0011800
 602.5 0.0011920
 605.0 0.0011840
 607.5 0.0011760
 610.0 0.0011580
 612.5 0.0011480
 615.0 0.0011390
 617.5 0.0011360
 620.0 0.0011380
 622.5 0.0011270
 625.0 0.0011180
 627.5 0.0011180
 630.0 0.0011210
 632.5 0.0011210
 635.0 0.0011220
 637.5 0.0011210
 640.0 0.0011160
 642.5 0.0011170
 645.0 0.0011210
 647.5 0.0011110
 650.0 0.0010750
 652.5 0.0010660
 655.0 0.0010620
 657.5 0.0010620
 660.0 0.0010670
 662.5 0.0010750
 665.0 0.0010830
 667.5 0.0010810
 670.0 0.0010810
 672.5 0.0010790
 675.0 0.0010780
 677.5 0.0010760
 680.0 0.0010720
 682.5 0.0010690
 685.0 0.0010600
 687.5 0.0010540
 690.0 0.0010440
 692.5 0.0010410
 695.0 0.0010360
 697.5 0.0010240
 700.0 0.0010180
 702.5 0.0010090
 705.0 0.0010060
 707.5 0.0010000
 710.0 0.0009950
 712.5 0.0009880
 715.0 0.0009820
 717.5 0.0009720
 720.0 0.0009630
 722.5 0.0009580
 725.0 0.0009550
 727.5 0.0009510
 730.0 0.0009470
 732.5 0.0009430
 735.0 0.0009350
 737.5 0.0009360
 740.0 0.0009200
 742.5 0.0009190
 745.0 0.0009150
 747.5 0.0009260
 750.0 0.0009320
 752.5 0.0009130
 755.0 0.0009060
 757.5 0.0009030
 760.0 0.0009040
 762.5 0.0009110
 765.0 0.0009150
 767.5 0.0009030
 770.0 0.0008960
 772.5 0.0008940
 775.0 0.0008910
 777.5 0.0008930
 780.0 0.0008910
 782.5 0.0008900
 785.0 0.0008850
 787.5 0.0008770
 790.0 0.0008640
 792.5 0.0008560
 795.0 0.0008530
 797.5 0.0008540
 800.0 0.0008530
 802.5 0.0008480
 805.0 0.0008420
 807.5 0.0008390
 810.0 0.0008320
 812.5 0.0008290
 815.0 0.0008200
 817.5 0.0008150
 820.0 0.0008140
 822.5 0.0008120
 825.0 0.0008130
 827.5 0.0008170
 830.0 0.0008170
 832.5 0.0008080
 835.0 0.0008020
 837.5 0.0008030
 840.0 0.0008050
 842.5 0.0008060
 845.0 0.0008050
 847.5 0.0007880
 850.0 0.0007740
 852.5 0.0007660
 855.0 0.0007730
 857.5 0.0007880
 860.0 0.0007830
 862.5 0.0007800
 865.0 0.0007760
 867.5 0.0007720
 870.0 0.0007830
 872.5 0.0007880
 875.0 0.0007750
 877.5 0.0007640
 880.0 0.0007710
 882.5 0.0007700
 885.0 0.0007610
 887.5 0.0007480
 890.0 0.0007420
 892.5 0.0007200
 895.0 0.0007140
 897.5 0.0007130
 900.0 0.0007150
 902.5 0.0007140
 905.0 0.0007090
 907.5 0.0007030
 910.0 0.0006940
 912.5 0.0006880
 915.0 0.0006900
 917.5 0.0006940
 920.0 0.0006850
 922.5 0.0006820
 925.0 0.0006780
 927.5 0.0006850
 930.0 0.0006730
 932.5 0.0006820
 935.0 0.0006830
 937.5 0.0006790
 940.0 0.0006740
 942.5 0.0006740
 945.0 0.0006680
 947.5 0.0006610
 950.0 0.0006520
 952.5 0.0006500
 955.0 0.0006510
 957.5 0.0006470
 960.0 0.0006420
 962.5 0.0006460
 965.0 0.0006450
 967.5 0.0006480
 970.0 0.0006460
 972.5 0.0006430
 975.0 0.0006440
 977.5 0.0006450
 980.0 0.0006430
 982.5 0.0006420
 985.0 0.0006420
 987.5 0.0006400
 990.0 0.0006370
 992.5 0.0006410
 995.0 0.0006490
 997.5 0.0006530
1000.0 0.0006400
1002.5 0.0006320
1005.0 0.0006280
1007.5 0.0006260
1010.0 0.0006250
1012.5 0.0006260
1015.0 0.0006200
1017.5 0.0006160
1020.0 0.0006230
1022.5 0.0006190
1025.0 0.0006130
1027.5 0.0006120
1030.0 0.0006120
1032.5 0.0006120
1035.0 0.0006040
1037.5 0.0006010
1040.0 0.0006130
1042.5 0.0006080
1045.0 0.0006030
1047.5 0.0005990
1050.0 0.0005940
1052.5 0.0005980
1055.0 0.0005940
1057.5 0.0005890
1060.0 0.0005890
1062.5 0.0005830
1065.0 0.0005870
1067.5 0.0005870
1070.0 0.0005820
1072.5 0.0005770
1075.0 0.0005800
1077.5 0.0005820
1080.0 0.0005740

# nm  Flux(W/m2/m) for star HR 7602 from file: table6.dat
 320.0 0.0002340
 322.5 0.0002360
 325.0 0.0001940
 327.5 0.0003180
 330.0 0.0003720
 332.5 0.0003580
 335.0 0.0003320
 337.5 0.0003120
 340.0 0.0003420
 342.5 0.0003970
 345.0 0.0003340
 347.5 0.0003420
 350.0 0.0003740
 352.5 0.0003830
 355.0 0.0004520
 357.5 0.0003400
 360.0 0.0003270
 362.5 0.0004010
 365.0 0.0004770
 367.5 0.0005270
 370.0 0.0005160
 372.5 0.0004010
 375.0 0.0003190
 377.5 0.0005040
 380.0 0.0004760
 382.5 0.0003100
 385.0 0.0002810
 387.5 0.0003050
 390.0 0.0004920
 392.5 0.0003950
 395.0 0.0003660
 397.5 0.0004020
 400.0 0.0007760
 402.5 0.0007700
 405.0 0.0007150
 407.5 0.0007570
 410.0 0.0008110
 412.5 0.0008190
 415.0 0.0007990
 417.5 0.0007890
 420.0 0.0007940
 422.5 0.0007970
 425.0 0.0007780
 427.5 0.0007510
 430.0 0.0006670
 432.5 0.0008810
 435.0 0.0009180
 437.5 0.0008750
 440.0 0.0008950
 442.5 0.0009850
 445.0 0.0010070
 447.5 0.0010540
 450.0 0.0011130
 452.5 0.0010990
 455.0 0.0010750
 457.5 0.0011050
 460.0 0.0011220
 462.5 0.0011520
 465.0 0.0011100
 467.5 0.0010950
 470.0 0.0011240
 472.5 0.0011360
 475.0 0.0011690
 477.5 0.0011770
 480.0 0.0011760
 482.5 0.0012070
 485.0 0.0011470
 487.5 0.0011110
 490.0 0.0011480
 492.5 0.0011470
 495.0 0.0011680
 497.5 0.0011470
 500.0 0.0011400
 502.5 0.0011190
 505.0 0.0011260
 507.5 0.0011610
 510.0 0.0011380
 512.5 0.0011060
 515.0 0.0010690
 517.5 0.0010280
 520.0 0.0011120
 522.5 0.0011650
 525.0 0.0011400
 527.5 0.0011720
 530.0 0.0012190
 532.5 0.0011870
 535.0 0.0012230
 537.5 0.0012270
 540.0 0.0011660
 542.5 0.0011930
 545.0 0.0012260
 547.5 0.0012000
 550.0 0.0012080
 552.5 0.0012130
 555.0 0.0012120
 557.5 0.0012020
 560.0 0.0011730
 562.5 0.0011860
 565.0 0.0011850
 567.5 0.0011950
 570.0 0.0011760
 572.5 0.0012040
 575.0 0.0012130
 577.5 0.0012100
 580.0 0.0012090
 582.5 0.0011560
 585.0 0.0012410
 587.5 0.0011990
 590.0 0.0011890
 592.5 0.0012170
 595.0 0.0011990
 597.5 0.0012170
 600.0 0.0011750
 602.5 0.0012070
 605.0 0.0012250
 607.5 0.0012020
 610.0 0.0011730
 612.5 0.0011930
 615.0 0.0011620
 617.5 0.0011360
 620.0 0.0011890
 622.5 0.0011680
 625.0 0.0011450
 627.5 0.0011410
 630.0 0.0011530
 632.5 0.0011320
 635.0 0.0011460
 637.5 0.0011550
 640.0 0.0011270
 642.5 0.0011440
 645.0 0.0011910
 647.5 0.0011170
 650.0 0.0010800
 652.5 0.0010870
 655.0 0.0011250
 657.5 0.0010680
 660.0 0.0011000
 662.5 0.0011320
 665.0 0.0011620
 667.5 0.0011190
 670.0 0.0011140
 672.5 0.0010950
 675.0 0.0011020
 677.5 0.0011250
 680.0 0.0011150
 682.5 0.0011010
 685.0 0.0010860
 687.5 0.0010850
 690.0 0.0010760
 692.5 0.0010680
 695.0 0.0010650
 697.5 0.0010520
 700.0 0.0010450
 702.5 0.0010290
 705.0 0.0010280
 707.5 0.0010210
 710.0 0.0010150
 712.5 0.0010220
 715.0 0.0010410
 717.5 0.0009940
 720.0 0.0009740
 722.5 0.0009790
 725.0 0.0009840
 727.5 0.0009710
 730.0 0.0009900
 732.5 0.0009830
 735.0 0.0009380

