# nm  Flux(W/m2/m) for star HR 7754 from file: table5.dat
 320.0 0.0001770
 322.5 0.0002010
 325.0 0.0002160
 327.5 0.0002410
 330.0 0.0002600
 332.5 0.0002670
 335.0 0.0002670
 337.5 0.0002680
 340.0 0.0002730
 342.5 0.0002790
 345.0 0.0002830
 347.5 0.0002900
 350.0 0.0002970
 352.5 0.0003000
 355.0 0.0002960
 357.5 0.0002980
 360.0 0.0003200
 362.5 0.0003630
 365.0 0.0004120
 367.5 0.0004400
 370.0 0.0004370
 372.5 0.0004160
 375.0 0.0003940
 377.5 0.0003720
 380.0 0.0003390
 382.5 0.0003050
 385.0 0.0002980
 387.5 0.0003230
 390.0 0.0003560
 392.5 0.0003830
 395.0 0.0004290
 397.5 0.0005130
 400.0 0.0006170
 402.5 0.0006960
 405.0 0.0007380
 407.5 0.0007560
 410.0 0.0007610
 412.5 0.0007510
 415.0 0.0007380
 417.5 0.0007410
 420.0 0.0007700
 422.5 0.0008050
 425.0 0.0008210
 427.5 0.0008230
 430.0 0.0008350
 432.5 0.0008740
 435.0 0.0009230
 437.5 0.0009570
 440.0 0.0009800
 442.5 0.0010080
 445.0 0.0010500
 447.5 0.0010960
 450.0 0.0011340
 452.5 0.0011550
 455.0 0.0011650
 457.5 0.0011790
 460.0 0.0011960
 462.5 0.0012040
 465.0 0.0012020
 467.5 0.0012000
 470.0 0.0012100
 472.5 0.0012340
 475.0 0.0012590
 477.5 0.0012780
 480.0 0.0012800
 482.5 0.0012660
 485.0 0.0012420
 487.5 0.0012270
 490.0 0.0012330
 492.5 0.0012510
 495.0 0.0012620
 497.5 0.0012570
 500.0 0.0012440
 502.5 0.0012410
 505.0 0.0012510
 507.5 0.0012650
 510.0 0.0013010
 512.5 0.0012750
 515.0 0.0012530
 517.5 0.0012440
 520.0 0.0012440
 522.5 0.0012660
 525.0 0.0012930
 527.5 0.0013090
 530.0 0.0013320
 532.5 0.0013610
 535.0 0.0013650
 537.5 0.0013700
 540.0 0.0013680
 542.5 0.0013690
 545.0 0.0013690
 547.5 0.0013700
 550.0 0.0013800
 552.5 0.0013820
 555.0 0.0013680
 557.5 0.0013580
 560.0 0.0013640
 562.5 0.0013530
 565.0 0.0013480
 567.5 0.0013540
 570.0 0.0013630
 572.5 0.0013840
 575.0 0.0013820
 577.5 0.0013890
 580.0 0.0013970
 582.5 0.0014060
 585.0 0.0014070
 587.5 0.0013920
 590.0 0.0013870
 592.5 0.0013940
 595.0 0.0014010
 597.5 0.0014060
 600.0 0.0014090
 602.5 0.0014050
 605.0 0.0014000
 607.5 0.0013920
 610.0 0.0013720
 612.5 0.0013550
 615.0 0.0013400
 617.5 0.0013380
 620.0 0.0013430
 622.5 0.0013380
 625.0 0.0013300
 627.5 0.0013230
 630.0 0.0013240
 632.5 0.0013240
 635.0 0.0013260
 637.5 0.0013370
 640.0 0.0013380
 642.5 0.0013430
 645.0 0.0013290
 647.5 0.0013150
 650.0 0.0012690
 652.5 0.0012540
 655.0 0.0012530
 657.5 0.0012590
 660.0 0.0012660
 662.5 0.0012750
 665.0 0.0012800
 667.5 0.0012790
 670.0 0.0012800
 672.5 0.0012750
 675.0 0.0012730
 677.5 0.0012760
 680.0 0.0012790
 682.5 0.0012730
 685.0 0.0012640
 687.5 0.0012660
 690.0 0.0012530
 692.5 0.0012330
 695.0 0.0012220
 697.5 0.0012160
 700.0 0.0012110
 702.5 0.0011930
 705.0 0.0011890
 707.5 0.0011920
 710.0 0.0011770
 712.5 0.0011630
 715.0 0.0011450
 717.5 0.0011460
 720.0 0.0011370
 722.5 0.0011250
 725.0 0.0011260
 727.5 0.0011200
 730.0 0.0011070
 732.5 0.0011000
 735.0 0.0010970
 737.5 0.0010860
 740.0 0.0010970
 742.5 0.0011000
 745.0 0.0011020
 747.5 0.0010960
 750.0 0.0011010
 752.5 0.0011130
 755.0 0.0011050
 757.5 0.0011230
 760.0 0.0011490
 762.5 0.0011450
 765.0 0.0011300
 767.5 0.0011210
 770.0 0.0011160
 772.5 0.0011220
 775.0 0.0011200
 777.5 0.0010930
 780.0 0.0011080
 782.5 0.0011110
 785.0 0.0010930
 787.5 0.0010770
 790.0 0.0010450
 792.5 0.0010440
 795.0 0.0010470
 797.5 0.0010440
 800.0 0.0010260
 802.5 0.0010220
 805.0 0.0010160
 807.5 0.0010160
 810.0 0.0009910
 812.5 0.0009890
 815.0 0.0009830
 817.5 0.0009820
 820.0 0.0009940
 822.5 0.0009980
 825.0 0.0009990
 827.5 0.0009940
 830.0 0.0009750
 832.5 0.0009630
 835.0 0.0009590
 837.5 0.0009740
 840.0 0.0009780
 842.5 0.0009710
 845.0 0.0009710
 847.5 0.0009700
 850.0 0.0009450
 852.5 0.0009400
 855.0 0.0009430
 857.5 0.0009510
 860.0 0.0009540
 862.5 0.0009530
 865.0 0.0009350
 867.5 0.0009270
 870.0 0.0009500
 872.5 0.0009560
 875.0 0.0009490
 877.5 0.0009380
 880.0 0.0009450
 882.5 0.0009540
 885.0 0.0009440
 887.5 0.0009180
 890.0 0.0008970
 892.5 0.0008690
 895.0 0.0008680
 897.5 0.0008720
 900.0 0.0008810
 902.5 0.0008800
 905.0 0.0008650
 907.5 0.0008660
 910.0 0.0008380
 912.5 0.0008230
 915.0 0.0008160
 917.5 0.0008410
 920.0 0.0008200
 922.5 0.0008180
 925.0 0.0008050
 927.5 0.0007820
 930.0 0.0007860
 932.5 0.0007970
 935.0 0.0008270
 937.5 0.0008480
 940.0 0.0008570
 942.5 0.0008350
 945.0 0.0008220
 947.5 0.0008230
 950.0 0.0008140
 952.5 0.0008010
 955.0 0.0008040
 957.5 0.0007970
 960.0 0.0007900
 962.5 0.0007870
 965.0 0.0007750
 967.5 0.0007760
 970.0 0.0007660
 972.5 0.0007470
 975.0 0.0007500
 977.5 0.0007600
 980.0 0.0007560
 982.5 0.0007640
 985.0 0.0007690
 987.5 0.0007700
 990.0 0.0007680
 992.5 0.0007730
 995.0 0.0007910
 997.5 0.0007890
1000.0 0.0007930
1002.5 0.0007820
1005.0 0.0007680
1007.5 0.0007740
1010.0 0.0007710
1012.5 0.0007650
1015.0 0.0007590
1017.5 0.0007580
1020.0 0.0007520
1022.5 0.0007470
1025.0 0.0007550
1027.5 0.0007540
1030.0 0.0007510
1032.5 0.0007430
1035.0 0.0007450
1037.5 0.0007410
1040.0 0.0007430
1042.5 0.0007330
1045.0 0.0007380
1047.5 0.0007320
1050.0 0.0007440
1052.5 0.0007500
1055.0 0.0007390
1057.5 0.0007290
1060.0 0.0007300
1062.5 0.0007200
1065.0 0.0007140
1067.5 0.0007180
1070.0 0.0007050
1072.5 0.0006960
1075.0 0.0006860
1077.5 0.0006910
1080.0 0.0006810

# nm  Flux(W/m2/m) for star HR 7754 from file: table6.dat
 320.0 0.0001770
 322.5 0.0001920
 325.0 0.0002060
 327.5 0.0002450
 330.0 0.0002750
 332.5 0.0002800
 335.0 0.0002580
 337.5 0.0002570
 340.0 0.0002790
 342.5 0.0002850
 345.0 0.0002770
 347.5 0.0002840
 350.0 0.0003020
 352.5 0.0003130
 355.0 0.0003000
 357.5 0.0002730
 360.0 0.0002950
 362.5 0.0003620
 365.0 0.0004250
 367.5 0.0004740
 370.0 0.0004650
 372.5 0.0003960
 375.0 0.0003760
 377.5 0.0004020
 380.0 0.0003610
 382.5 0.0002710
 385.0 0.0002430
 387.5 0.0003200
 390.0 0.0004090
 392.5 0.0003690
 395.0 0.0003570
 397.5 0.0004840
 400.0 0.0006720
 402.5 0.0007410
 405.0 0.0007280
 407.5 0.0007580
 410.0 0.0007910
 412.5 0.0007550
 415.0 0.0007200
 417.5 0.0007140
 420.0 0.0007540
 422.5 0.0008280
 425.0 0.0008610
 427.5 0.0008140
 430.0 0.0007700
 432.5 0.0008710
 435.0 0.0009730
 437.5 0.0009570
 440.0 0.0009600
 442.5 0.0010070
 445.0 0.0010380
 447.5 0.0010960
 450.0 0.0011660
 452.5 0.0011610
 455.0 0.0011550
 457.5 0.0011670
 460.0 0.0012030
 462.5 0.0012300
 465.0 0.0011970
 467.5 0.0011800
 470.0 0.0011990
 472.5 0.0012370
 475.0 0.0012660
 477.5 0.0012820
 480.0 0.0012950
 482.5 0.0012890
 485.0 0.0012290
 487.5 0.0011930
 490.0 0.0012330
 492.5 0.0012500
 495.0 0.0012870
 497.5 0.0012750
 500.0 0.0012220
 502.5 0.0012190
 505.0 0.0012580
 507.5 0.0012710
 510.0 0.0012790
 512.5 0.0012740
 515.0 0.0012280
 517.5 0.0011850
 520.0 0.0012070
 522.5 0.0012570
 525.0 0.0012710
 527.5 0.0012740
 530.0 0.0013400
 532.5 0.0013480
 535.0 0.0013590
 537.5 0.0013640
 540.0 0.0013260
 542.5 0.0013370
 545.0 0.0013680
 547.5 0.0013630
 550.0 0.0013590
 552.5 0.0013690
 555.0 0.0013690
 557.5 0.0013510
 560.0 0.0013380
 562.5 0.0013460
 565.0 0.0013440
 567.5 0.0013510
 570.0 0.0013660
 572.5 0.0013820
 575.0 0.0013830
 577.5 0.0013690
 580.0 0.0013610
 582.5 0.0013980
 585.0 0.0014030
 587.5 0.0013680
 590.0 0.0013590
 592.5 0.0014030
 595.0 0.0014180
 597.5 0.0014050
 600.0 0.0013880
 602.5 0.0013920
 605.0 0.0014030
 607.5 0.0013910
 610.0 0.0013550
 612.5 0.0013350
 615.0 0.0013190
 617.5 0.0013210
 620.0 0.0013220
 622.5 0.0013110
 625.0 0.0012980
 627.5 0.0013110
 630.0 0.0013060
 632.5 0.0013030
 635.0 0.0013000
 637.5 0.0013120
 640.0 0.0013290
 642.5 0.0013270
 645.0 0.0013110
 647.5 0.0013210
 650.0 0.0012680
 652.5 0.0012570
 655.0 0.0012640
 657.5 0.0012690
 660.0 0.0012840
 662.5 0.0013030
 665.0 0.0013070
 667.5 0.0012970
 670.0 0.0012980
 672.5 0.0012890
 675.0 0.0012850
 677.5 0.0012810
 680.0 0.0012680
 682.5 0.0012790
 685.0 0.0012760
 687.5 0.0012330
 690.0 0.0012600
 692.5 0.0012430
 695.0 0.0012270
 697.5 0.0012230
 700.0 0.0012060
 702.5 0.0011820
 705.0 0.0011950
 707.5 0.0011810
 710.0 0.0011730
 712.5 0.0011710
 715.0 0.0011740
 717.5 0.0011510
 720.0 0.0011150
 722.5 0.0011260
 725.0 0.0011260
 727.5 0.0011010
 730.0 0.0010900
 732.5 0.0011010
 735.0 0.0010880

