# nm  Flux(W/m2/m) for star HR 7776 from file: table5.dat
 320.0 0.0007010
 322.5 0.0007140
 325.0 0.0007390
 327.5 0.0007670
 330.0 0.0007840
 332.5 0.0007850
 335.0 0.0007760
 337.5 0.0007740
 340.0 0.0007800
 342.5 0.0007870
 345.0 0.0007890
 347.5 0.0007910
 350.0 0.0007930
 352.5 0.0007910
 355.0 0.0007830
 357.5 0.0007760
 360.0 0.0007930
 362.5 0.0008340
 365.0 0.0008840
 367.5 0.0009170
 370.0 0.0009300
 372.5 0.0009390
 375.0 0.0009610
 377.5 0.0009870
 380.0 0.0010040
 382.5 0.0010120
 385.0 0.0010370
 387.5 0.0010800
 390.0 0.0011260
 392.5 0.0011550
 395.0 0.0011930
 397.5 0.0012840
 400.0 0.0014140
 402.5 0.0015180
 405.0 0.0015500
 407.5 0.0015260
 410.0 0.0014910
 412.5 0.0014760
 415.0 0.0014820
 417.5 0.0015070
 420.0 0.0015500
 422.5 0.0016000
 425.0 0.0016250
 427.5 0.0016160
 430.0 0.0015980
 432.5 0.0016100
 435.0 0.0016500
 437.5 0.0017050
 440.0 0.0017490
 442.5 0.0017910
 445.0 0.0018400
 447.5 0.0018900
 450.0 0.0019300
 452.5 0.0019500
 455.0 0.0019620
 457.5 0.0019820
 460.0 0.0020060
 462.5 0.0020190
 465.0 0.0020170
 467.5 0.0020120
 470.0 0.0020210
 472.5 0.0020460
 475.0 0.0020760
 477.5 0.0020990
 480.0 0.0020950
 482.5 0.0020570
 485.0 0.0020060
 487.5 0.0019790
 490.0 0.0019930
 492.5 0.0020270
 495.0 0.0020490
 497.5 0.0020440
 500.0 0.0020230
 502.5 0.0020160
 505.0 0.0020270
 507.5 0.0020420
 510.0 0.0020440
 512.5 0.0020170
 515.0 0.0019880
 517.5 0.0019750
 520.0 0.0019860
 522.5 0.0020100
 525.0 0.0020320
 527.5 0.0020590
 530.0 0.0021030
 532.5 0.0021420
 535.0 0.0021600
 537.5 0.0021620
 540.0 0.0021460
 542.5 0.0021360
 545.0 0.0021360
 547.5 0.0021380
 550.0 0.0021400
 552.5 0.0021420
 555.0 0.0021440
 557.5 0.0021400
 560.0 0.0021300
 562.5 0.0021280
 565.0 0.0021240
 567.5 0.0021200
 570.0 0.0021240
 572.5 0.0021300
 575.0 0.0021460
 577.5 0.0021560
 580.0 0.0021640
 582.5 0.0021720
 585.0 0.0021640
 587.5 0.0021520
 590.0 0.0021460
 592.5 0.0021560
 595.0 0.0021620
 597.5 0.0021620
 600.0 0.0021640
 602.5 0.0021680
 605.0 0.0021700
 607.5 0.0021480
 610.0 0.0021180
 612.5 0.0020820
 615.0 0.0020550
 617.5 0.0020440
 620.0 0.0020340
 622.5 0.0020360
 625.0 0.0020340
 627.5 0.0020270
 630.0 0.0020210
 632.5 0.0020160
 635.0 0.0020170
 637.5 0.0020250
 640.0 0.0020270
 642.5 0.0020270
 645.0 0.0020100
 647.5 0.0019860
 650.0 0.0019370
 652.5 0.0019090
 655.0 0.0018910
 657.5 0.0019020
 660.0 0.0019250
 662.5 0.0019500
 665.0 0.0019620
 667.5 0.0019640
 670.0 0.0019680
 672.5 0.0019660
 675.0 0.0019640
 677.5 0.0019550
 680.0 0.0019460
 682.5 0.0019390
 685.0 0.0019340
 687.5 0.0019320
 690.0 0.0019300
 692.5 0.0019110
 695.0 0.0018810
 697.5 0.0018520
 700.0 0.0018300
 702.5 0.0018150
 705.0 0.0018060
 707.5 0.0017980
 710.0 0.0017800
 712.5 0.0017620
 715.0 0.0017440
 717.5 0.0017280
 720.0 0.0017140
 722.5 0.0017090
 725.0 0.0017060
 727.5 0.0016940
 730.0 0.0016810
 732.5 0.0016660
 735.0 0.0016630
 737.5 0.0016640
 740.0 0.0016570
 742.5 0.0016750
 745.0 0.0016370
 747.5 0.0016400
 750.0 0.0016570
 752.5 0.0017390
 755.0 0.0016250
 757.5 0.0016010
 760.0 0.0016080
 762.5 0.0016440
 765.0 0.0017300
 767.5 0.0017390
 770.0 0.0017000
 772.5 0.0017080
 775.0 0.0016970
 777.5 0.0016950
 780.0 0.0016780
 782.5 0.0016570
 785.0 0.0016440
 787.5 0.0016070
 790.0 0.0015430
 792.5 0.0015210
 795.0 0.0015400
 797.5 0.0015650
 800.0 0.0015320
 802.5 0.0014910
 805.0 0.0014900
 807.5 0.0014910
 810.0 0.0014910
 812.5 0.0014640
 815.0 0.0014390
 817.5 0.0014700
 820.0 0.0014790
 822.5 0.0014790
 825.0 0.0014960
 827.5 0.0014860
 830.0 0.0014560
 832.5 0.0014910
 835.0 0.0014630
 837.5 0.0014410
 840.0 0.0014960
 842.5 0.0014890
 845.0 0.0014600
 847.5 0.0014510
 850.0 0.0014230
 852.5 0.0013890
 855.0 0.0013940
 857.5 0.0014430
 860.0 0.0014510
 862.5 0.0014220
 865.0 0.0014200
 867.5 0.0014000
 870.0 0.0014470
 872.5 0.0014620
 875.0 0.0014520
 877.5 0.0014230
 880.0 0.0014440
 882.5 0.0014510
 885.0 0.0014370
 887.5 0.0014340
 890.0 0.0014320
 892.5 0.0013780
 895.0 0.0013430
 897.5 0.0013350
 900.0 0.0013610
 902.5 0.0013780
 905.0 0.0014030
 907.5 0.0013580
 910.0 0.0012760
 912.5 0.0012430
 915.0 0.0012720
 917.5 0.0012850
 920.0 0.0013130
 922.5 0.0013160
 925.0 0.0012550
 927.5 0.0012060
 930.0 0.0011610
 932.5 0.0011750
 935.0 0.0012020
 937.5 0.0012300
 940.0 0.0012590
 942.5 0.0012870
 945.0 0.0012260
 947.5 0.0012030
 950.0 0.0012250
 952.5 0.0012100
 955.0 0.0011970
 957.5 0.0011930
 960.0 0.0011670
 962.5 0.0011720
 965.0 0.0011580
 967.5 0.0011680
 970.0 0.0011410
 972.5 0.0011270
 975.0 0.0011170
 977.5 0.0011580
 980.0 0.0011980
 982.5 0.0011720
 985.0 0.0011850
 987.5 0.0012120
 990.0 0.0012010
 992.5 0.0011820
 995.0 0.0011950
 997.5 0.0012120
1000.0 0.0012280
1002.5 0.0012060
1005.0 0.0011720
1007.5 0.0011640
1010.0 0.0011300
1012.5 0.0011380
1015.0 0.0011600
1017.5 0.0011400
1020.0 0.0011410
1022.5 0.0011550
1025.0 0.0011450
1027.5 0.0011380
1030.0 0.0011310
1032.5 0.0011270
1035.0 0.0011170
1037.5 0.0011210
1040.0 0.0011150
1042.5 0.0011000
1045.0 0.0011410
1047.5 0.0011340
1050.0 0.0011120
1052.5 0.0011050
1055.0 0.0010940
1057.5 0.0010960
1060.0 0.0010770
1062.5 0.0010940
1065.0 0.0010970
1067.5 0.0010820
1070.0 0.0010960
1072.5 0.0010690
1075.0 0.0010540
1077.5 0.0010250
1080.0 0.0010300

# nm  Flux(W/m2/m) for star HR 7776 from file: table6.dat
 320.0 0.0006920
 322.5 0.0007010
 325.0 0.0007290
 327.5 0.0007820
 330.0 0.0008040
 332.5 0.0007930
 335.0 0.0007680
 337.5 0.0007570
 340.0 0.0007800
 342.5 0.0008040
 345.0 0.0007860
 347.5 0.0007830
 350.0 0.0007920
 352.5 0.0008080
 355.0 0.0007940
 357.5 0.0007450
 360.0 0.0007630
 362.5 0.0008280
 365.0 0.0009040
 367.5 0.0009400
 370.0 0.0009430
 372.5 0.0009080
 375.0 0.0009420
 377.5 0.0010190
 380.0 0.0010270
 382.5 0.0009800
 385.0 0.0010160
 387.5 0.0010670
 390.0 0.0011620
 392.5 0.0011960
 395.0 0.0011130
 397.5 0.0011870
 400.0 0.0014790
 402.5 0.0016080
 405.0 0.0015850
 407.5 0.0015250
 410.0 0.0014570
 412.5 0.0014640
 415.0 0.0014850
 417.5 0.0014850
 420.0 0.0015280
 422.5 0.0016220
 425.0 0.0016800
 427.5 0.0016310
 430.0 0.0015490
 432.5 0.0015690
 435.0 0.0016610
 437.5 0.0017250
 440.0 0.0017390
 442.5 0.0017950
 445.0 0.0018280
 447.5 0.0018880
 450.0 0.0019730
 452.5 0.0019550
 455.0 0.0019410
 457.5 0.0019700
 460.0 0.0020190
 462.5 0.0020550
 465.0 0.0020100
 467.5 0.0019860
 470.0 0.0020170
 472.5 0.0020380
 475.0 0.0020820
 477.5 0.0021130
 480.0 0.0021260
 482.5 0.0021030
 485.0 0.0019680
 487.5 0.0019090
 490.0 0.0019990
 492.5 0.0020400
 495.0 0.0020760
 497.5 0.0020680
 500.0 0.0020030
 502.5 0.0019810
 505.0 0.0020320
 507.5 0.0020640
 510.0 0.0020570
 512.5 0.0020250
 515.0 0.0019750
 517.5 0.0019370
 520.0 0.0019680
 522.5 0.0020140
 525.0 0.0020160
 527.5 0.0020250
 530.0 0.0021160
 532.5 0.0021520
 535.0 0.0021700
 537.5 0.0021820
 540.0 0.0021220
 542.5 0.0021160
 545.0 0.0021560
 547.5 0.0021320
 550.0 0.0021260
 552.5 0.0021340
 555.0 0.0021540
 557.5 0.0021380
 560.0 0.0021160
 562.5 0.0021240
 565.0 0.0021320
 567.5 0.0021220
 570.0 0.0021010
 572.5 0.0021280
 575.0 0.0021520
 577.5 0.0021520
 580.0 0.0021480
 582.5 0.0021800
 585.0 0.0021900
 587.5 0.0021420
 590.0 0.0021140
 592.5 0.0021660
 595.0 0.0021760
 597.5 0.0021680
 600.0 0.0021400
 602.5 0.0021660
 605.0 0.0021980
 607.5 0.0021680
 610.0 0.0021200
 612.5 0.0020760
 615.0 0.0020340
 617.5 0.0020340
 620.0 0.0020440
 622.5 0.0020440
 625.0 0.0020060
 627.5 0.0020120
 630.0 0.0020170
 632.5 0.0020120
 635.0 0.0020080
 637.5 0.0020320
 640.0 0.0020290
 642.5 0.0020270
 645.0 0.0020340
 647.5 0.0020120
 650.0 0.0019020
 652.5 0.0019140
 655.0 0.0018930
 657.5 0.0018760
 660.0 0.0019320
 662.5 0.0019750
 665.0 0.0019810
 667.5 0.0019700
 670.0 0.0019790
 672.5 0.0019720
 675.0 0.0019680
 677.5 0.0019570
 680.0 0.0019390
 682.5 0.0019440
 685.0 0.0019500
 687.5 0.0019180
 690.0 0.0019550
 692.5 0.0019320
 695.0 0.0018880
 697.5 0.0018480
 700.0 0.0018280
 702.5 0.0018030
 705.0 0.0018160
 707.5 0.0018110
 710.0 0.0017730
 712.5 0.0017600
 715.0 0.0017720
 717.5 0.0017300
 720.0 0.0016800
 722.5 0.0017190
 725.0 0.0017250
 727.5 0.0017060
 730.0 0.0016580
 732.5 0.0016580
 735.0 0.0016600

