# nm  Flux(W/m2/m) for star HR 7869 from file: table5.dat
 320.0 0.0002350
 322.5 0.0002550
 325.0 0.0002830
 327.5 0.0003160
 330.0 0.0003410
 332.5 0.0003480
 335.0 0.0003440
 337.5 0.0003430
 340.0 0.0003540
 342.5 0.0003700
 345.0 0.0003840
 347.5 0.0003980
 350.0 0.0004110
 352.5 0.0004120
 355.0 0.0003980
 357.5 0.0003900
 360.0 0.0004210
 362.5 0.0004910
 365.0 0.0005650
 367.5 0.0006010
 370.0 0.0005850
 372.5 0.0005450
 375.0 0.0005110
 377.5 0.0004870
 380.0 0.0004450
 382.5 0.0003920
 385.0 0.0003780
 387.5 0.0004130
 390.0 0.0004690
 392.5 0.0005080
 395.0 0.0005700
 397.5 0.0006930
 400.0 0.0008510
 402.5 0.0009810
 405.0 0.0010570
 407.5 0.0010960
 410.0 0.0011110
 412.5 0.0010920
 415.0 0.0010670
 417.5 0.0010620
 420.0 0.0011010
 422.5 0.0011550
 425.0 0.0011820
 427.5 0.0011800
 430.0 0.0011870
 432.5 0.0012410
 435.0 0.0013150
 437.5 0.0013610
 440.0 0.0013880
 442.5 0.0014300
 445.0 0.0015040
 447.5 0.0015880
 450.0 0.0016500
 452.5 0.0016760
 455.0 0.0016890
 457.5 0.0017140
 460.0 0.0017550
 462.5 0.0017860
 465.0 0.0017960
 467.5 0.0017980
 470.0 0.0018110
 472.5 0.0018370
 475.0 0.0018710
 477.5 0.0019070
 480.0 0.0019340
 482.5 0.0019280
 485.0 0.0019000
 487.5 0.0018780
 490.0 0.0018880
 492.5 0.0019180
 495.0 0.0019440
 497.5 0.0019410
 500.0 0.0019090
 502.5 0.0019250
 505.0 0.0019520
 507.5 0.0019550
 510.0 0.0019090
 512.5 0.0018780
 515.0 0.0018660
 517.5 0.0018570
 520.0 0.0018790
 522.5 0.0018900
 525.0 0.0019520
 527.5 0.0020250
 530.0 0.0020290
 532.5 0.0020820
 535.0 0.0021070
 537.5 0.0020740
 540.0 0.0020320
 542.5 0.0020720
 545.0 0.0020910
 547.5 0.0020640
 550.0 0.0020970
 552.5 0.0021110
 555.0 0.0020910
 557.5 0.0021050
 560.0 0.0020890
 562.5 0.0020930
 565.0 0.0020840
 567.5 0.0021220
 570.0 0.0021260
 572.5 0.0021400
 575.0 0.0021320
 577.5 0.0021600
 580.0 0.0021400
 582.5 0.0021500
 585.0 0.0021560
 587.5 0.0021580
 590.0 0.0021600
 592.5 0.0021720
 595.0 0.0021260
 597.5 0.0021660
 600.0 0.0021460
 602.5 0.0021500
 605.0 0.0021620
 607.5 0.0021030
 610.0 0.0020890
 612.5 0.0020930
 615.0 0.0021050
 617.5 0.0020590
 620.0 0.0020630
 622.5 0.0020570
 625.0 0.0020490
 627.5 0.0020490
 630.0 0.0020630
 632.5 0.0020550
 635.0 0.0020930
 637.5 0.0020950
 640.0 0.0020870
 642.5 0.0020720
 645.0 0.0020930
 647.5 0.0020950
 650.0 0.0020490
 652.5 0.0020470
 655.0 0.0020360
 657.5 0.0020320
 660.0 0.0020610
 662.5 0.0021030
 665.0 0.0020840
 667.5 0.0020760
 670.0 0.0020870
 672.5 0.0021010
 675.0 0.0020530
 677.5 0.0020320
 680.0 0.0020460
 682.5 0.0020470
 685.0 0.0020340
 687.5 0.0020160
 690.0 0.0019590
 692.5 0.0019840
 695.0 0.0019790
 697.5 0.0019360
 700.0 0.0019230
 702.5 0.0018900
 705.0 0.0019020
 707.5 0.0018760
 710.0 0.0018540
 712.5 0.0018740
 715.0 0.0018520
 717.5 0.0018470
 720.0 0.0018110
 722.5 0.0017960
 725.0 0.0017930
 727.5 0.0017780
 730.0 0.0017780
 732.5 0.0017750
 735.0 0.0017650
 737.5 0.0017310
 740.0 0.0017410
 742.5 0.0017700
 745.0 0.0017310
 747.5 0.0017510
 750.0 0.0017430
 752.5 0.0017490
 755.0 0.0017550
 757.5 0.0017440
 760.0 0.0017490
 762.5 0.0017300
 765.0 0.0017170
 767.5 0.0017310
 770.0 0.0017250
 772.5 0.0016860
 775.0 0.0016970
 777.5 0.0017190
 780.0 0.0017330
 782.5 0.0017330
 785.0 0.0017200
 787.5 0.0017080
 790.0 0.0016380
 792.5 0.0016380
 795.0 0.0016290
 797.5 0.0016230
 800.0 0.0016290
 802.5 0.0016070
 805.0 0.0015690
 807.5 0.0015970
 810.0 0.0016070
 812.5 0.0015970
 815.0 0.0015980
 817.5 0.0015950
 820.0 0.0016000
 822.5 0.0016130
 825.0 0.0015890
 827.5 0.0015820
 830.0 0.0015570
 832.5 0.0015690
 835.0 0.0015630
 837.5 0.0015720
 840.0 0.0015400
 842.5 0.0015420
 845.0 0.0015460
 847.5 0.0014960
 850.0 0.0014640
 852.5 0.0014830
 855.0 0.0014780
 857.5 0.0014870
 860.0 0.0014890
 862.5 0.0015250
 865.0 0.0014850
 867.5 0.0014930
 870.0 0.0015250
 872.5 0.0015070
 875.0 0.0015320
 877.5 0.0015020
 880.0 0.0015000
 882.5 0.0014850
 885.0 0.0015210
 887.5 0.0015280
 890.0 0.0014870
 892.5 0.0014150
 895.0 0.0014060
 897.5 0.0013800
 900.0 0.0013930
 902.5 0.0013640
 905.0 0.0013690
 907.5 0.0013610
 910.0 0.0013180
 912.5 0.0012990
 915.0 0.0012650
 917.5 0.0012530
 920.0 0.0012390
 922.5 0.0012430
 925.0 0.0012310
 927.5 0.0012350
 930.0 0.0012160
 932.5 0.0012160
 935.0 0.0011890
 937.5 0.0011970
 940.0 0.0011870
 942.5 0.0011780
 945.0 0.0011760
 947.5 0.0012010
 950.0 0.0012420
 952.5 0.0012120
 955.0 0.0012170
 957.5 0.0011950
 960.0 0.0011970
 962.5 0.0011820
 965.0 0.0011870
 967.5 0.0011860
 970.0 0.0011930
 972.5 0.0012220
 975.0 0.0012040
 977.5 0.0012110
 980.0 0.0012180
 982.5 0.0012260
 985.0 0.0012130
 987.5 0.0012450
 990.0 0.0012420
 992.5 0.0012280
 995.0 0.0012430
 997.5 0.0012650
1000.0 0.0012340
1002.5 0.0012460
1005.0 0.0012390
1007.5 0.0012350
1010.0 0.0012330
1012.5 0.0012250
1015.0 0.0012230
1017.5 0.0012130
1020.0 0.0012180
1022.5 0.0012200
1025.0 0.0012200
1027.5 0.0012110
1030.0 0.0012180
1032.5 0.0011970
1035.0 0.0011900
1037.5 0.0011840
1040.0 0.0012070
1042.5 0.0011840
1045.0 0.0012020
1047.5 0.0011860
1050.0 0.0011760
1052.5 0.0011810
1055.0 0.0011500
1057.5 0.0012010
1060.0 0.0011650
1062.5 0.0011850
1065.0 0.0011600
1067.5 0.0011210
1070.0 0.0011240
1072.5 0.0011520
1075.0 0.0011220
1077.5 0.0011570
1080.0 0.0011130

# nm  Flux(W/m2/m) for star HR 7869 from file: table6.dat
 320.0 0.0002450
 322.5 0.0002440
 325.0 0.0002570
 327.5 0.0003380
 330.0 0.0003610
 332.5 0.0003520
 335.0 0.0003490
 337.5 0.0003180
 340.0 0.0003430
 342.5 0.0003960
 345.0 0.0003770
 347.5 0.0003840
 350.0 0.0004200
 352.5 0.0004370
 355.0 0.0004170
 357.5 0.0003370
 360.0 0.0003660
 362.5 0.0005010
 365.0 0.0005990
 367.5 0.0006470
 370.0 0.0006300
 372.5 0.0005140
 375.0 0.0004520
 377.5 0.0005440
 380.0 0.0004940
 382.5 0.0003390
 385.0 0.0003000
 387.5 0.0003830
 390.0 0.0005610
 392.5 0.0005100
 395.0 0.0004550
 397.5 0.0006280
 400.0 0.0009310
 402.5 0.0010730
 405.0 0.0010100
 407.5 0.0011040
 410.0 0.0011980
 412.5 0.0010710
 415.0 0.0010460
 417.5 0.0010300
 420.0 0.0010670
 422.5 0.0011720
 425.0 0.0012540
 427.5 0.0012020
 430.0 0.0010660
 432.5 0.0011990
 435.0 0.0014300
 437.5 0.0013790
 440.0 0.0013190
 442.5 0.0014220
 445.0 0.0015070
 447.5 0.0015720
 450.0 0.0017110
 452.5 0.0017110
 455.0 0.0016440
 457.5 0.0016830
 460.0 0.0017730
 462.5 0.0018330
 465.0 0.0017960
 467.5 0.0017590
 470.0 0.0018160
 472.5 0.0018420
 475.0 0.0018540
 477.5 0.0019050
 480.0 0.0019680
 482.5 0.0019700
 485.0 0.0018900
 487.5 0.0018200
 490.0 0.0018850
 492.5 0.0019160
 495.0 0.0019730
 497.5 0.0019810
 500.0 0.0019040
 502.5 0.0018570
 505.0 0.0018900
 507.5 0.0019280
 510.0 0.0019610
 512.5 0.0019500
 515.0 0.0018370
 517.5 0.0017440
 520.0 0.0018540
 522.5 0.0019250
 525.0 0.0019140
 527.5 0.0018950
 530.0 0.0019990
 532.5 0.0020300
 535.0 0.0020760
 537.5 0.0021130
 540.0 0.0020250
 542.5 0.0020300
 545.0 0.0021050
 547.5 0.0020760
 550.0 0.0020850
 552.5 0.0020970
 555.0 0.0021130
 557.5 0.0021220
 560.0 0.0020800
 562.5 0.0020740
 565.0 0.0020780
 567.5 0.0020870
 570.0 0.0020720
 572.5 0.0021030
 575.0 0.0021660
 577.5 0.0021110
 580.0 0.0020190
 582.5 0.0022060
 585.0 0.0022390
 587.5 0.0021580
 590.0 0.0021160
 592.5 0.0021740
 595.0 0.0021840
 597.5 0.0021860
 600.0 0.0021440
 602.5 0.0021740
 605.0 0.0021840
 607.5 0.0021400
 610.0 0.0021140
 612.5 0.0021620
 615.0 0.0021320
 617.5 0.0020530
 620.0 0.0020380
 622.5 0.0020970
 625.0 0.0020630
 627.5 0.0020510
 630.0 0.0020380
 632.5 0.0020840
 635.0 0.0021280
 637.5 0.0021520
 640.0 0.0020990
 642.5 0.0020760
 645.0 0.0021280
 647.5 0.0021360
 650.0 0.0019840
 652.5 0.0020030
 655.0 0.0019660
 657.5 0.0019810
 660.0 0.0020640
 662.5 0.0020910
 665.0 0.0021050
 667.5 0.0020630
 670.0 0.0020210
 672.5 0.0020270
 675.0 0.0020470
 677.5 0.0020400
 680.0 0.0019990
 682.5 0.0019810
 685.0 0.0020360
 687.5 0.0018880
 690.0 0.0019970
 692.5 0.0020360
 695.0 0.0019770
 697.5 0.0019250
 700.0 0.0019210
 702.5 0.0018540
 705.0 0.0018570
 707.5 0.0018720
 710.0 0.0018780
 712.5 0.0018370
 715.0 0.0018500
 717.5 0.0018370
 720.0 0.0017520
 722.5 0.0018000
 725.0 0.0018060
 727.5 0.0017910
 730.0 0.0017680
 732.5 0.0017780
 735.0 0.0018050

