# nm  Flux(W/m2/m) for star HR 7986 from file: table6.dat
 320.0 0.0000760
 322.5 0.0000640
 325.0 0.0000710
 327.5 0.0000890
 330.0 0.0001070
 332.5 0.0001090
 335.0 0.0001000
 337.5 0.0000870
 340.0 0.0001000
 342.5 0.0001190
 345.0 0.0001110
 347.5 0.0001120
 350.0 0.0001210
 352.5 0.0001300
 355.0 0.0001210
 357.5 0.0000930
 360.0 0.0001050
 362.5 0.0001500
 365.0 0.0002030
 367.5 0.0002340
 370.0 0.0002220
 372.5 0.0001720
 375.0 0.0001450
 377.5 0.0001800
 380.0 0.0001630
 382.5 0.0001160
 385.0 0.0001010
 387.5 0.0001260
 390.0 0.0001910
 392.5 0.0001670
 395.0 0.0001450
 397.5 0.0002110
 400.0 0.0003560
 402.5 0.0004300
 405.0 0.0003810
 407.5 0.0004000
 410.0 0.0004410
 412.5 0.0003970
 415.0 0.0003590
 417.5 0.0003550
 420.0 0.0003900
 422.5 0.0004650
 425.0 0.0005230
 427.5 0.0005210
 430.0 0.0005010
 432.5 0.0005710
 435.0 0.0006690
 437.5 0.0006610
 440.0 0.0006330
 442.5 0.0006700
 445.0 0.0007070
 447.5 0.0007410
 450.0 0.0008060
 452.5 0.0008080
 455.0 0.0008090
 457.5 0.0008360
 460.0 0.0008890
 462.5 0.0009290
 465.0 0.0009070
 467.5 0.0009070
 470.0 0.0009450
 472.5 0.0009690
 475.0 0.0010060
 477.5 0.0010250
 480.0 0.0010440
 482.5 0.0010500
 485.0 0.0010100
 487.5 0.0009970
 490.0 0.0010220
 492.5 0.0010410
 495.0 0.0010790
 497.5 0.0010610
 500.0 0.0010290
 502.5 0.0010350
 505.0 0.0010680
 507.5 0.0010860
 510.0 0.0011010
 512.5 0.0010740
 515.0 0.0010450
 517.5 0.0010310
 520.0 0.0010450
 522.5 0.0010760
 525.0 0.0010830
 527.5 0.0010830
 530.0 0.0011760
 532.5 0.0012110
 535.0 0.0012410
 537.5 0.0012370
 540.0 0.0012080
 542.5 0.0012200
 545.0 0.0012300
 547.5 0.0012210
 550.0 0.0012430
 552.5 0.0012520
 555.0 0.0012780
 557.5 0.0012810
 560.0 0.0012690
 562.5 0.0012500
 565.0 0.0012500
 567.5 0.0012600
 570.0 0.0012740
 572.5 0.0013210
 575.0 0.0013500
 577.5 0.0013530
 580.0 0.0013190
 582.5 0.0013800
 585.0 0.0013880
 587.5 0.0013370
 590.0 0.0013000
 592.5 0.0013640
 595.0 0.0013960
 597.5 0.0013870
 600.0 0.0013510
 602.5 0.0013650
 605.0 0.0014020
 607.5 0.0014100
 610.0 0.0013870
 612.5 0.0013550
 615.0 0.0013290
 617.5 0.0013280
 620.0 0.0013270
 622.5 0.0013240
 625.0 0.0012670
 627.5 0.0012750
 630.0 0.0013010
 632.5 0.0013150
 635.0 0.0013000
 637.5 0.0013180
 640.0 0.0013280
 642.5 0.0013210
 645.0 0.0013350
 647.5 0.0013540
 650.0 0.0012660
 652.5 0.0012660
 655.0 0.0012500
 657.5 0.0012620
 660.0 0.0013050
 662.5 0.0013190
 665.0 0.0013240
 667.5 0.0013320
 670.0 0.0013280
 672.5 0.0013220
 675.0 0.0013290
 677.5 0.0013320
 680.0 0.0013190
 682.5 0.0013130
 685.0 0.0013400
 687.5 0.0012850
 690.0 0.0013390
 692.5 0.0012880
 695.0 0.0012620
 697.5 0.0012250
 700.0 0.0012250
 702.5 0.0011960
 705.0 0.0012150
 707.5 0.0012280
 710.0 0.0012090
 712.5 0.0011550
 715.0 0.0011660
 717.5 0.0011590
 720.0 0.0011280
 722.5 0.0011650
 725.0 0.0011730
 727.5 0.0011460
 730.0 0.0011080
 732.5 0.0011080
 735.0 0.0011150

