# nm  Flux(W/m2/m) for star HR 8001 from file: table5.dat
 320.0 0.0010720
 322.5 0.0010580
 325.0 0.0010460
 327.5 0.0010340
 330.0 0.0010230
 332.5 0.0010110
 335.0 0.0009990
 337.5 0.0009840
 340.0 0.0009700
 342.5 0.0009590
 345.0 0.0009510
 347.5 0.0009440
 350.0 0.0009300
 352.5 0.0009110
 355.0 0.0008940
 357.5 0.0008820
 360.0 0.0008730
 362.5 0.0008620
 365.0 0.0008490
 367.5 0.0008390
 370.0 0.0008420
 372.5 0.0008610
 375.0 0.0008960
 377.5 0.0009360
 380.0 0.0009770
 382.5 0.0010110
 385.0 0.0010410
 387.5 0.0010660
 390.0 0.0010830
 392.5 0.0010830
 395.0 0.0010640
 397.5 0.0010470
 400.0 0.0010490
 402.5 0.0010580
 405.0 0.0010420
 407.5 0.0010000
 410.0 0.0009630
 412.5 0.0009570
 415.0 0.0009700
 417.5 0.0009830
 420.0 0.0009810
 422.5 0.0009720
 425.0 0.0009560
 427.5 0.0009260
 430.0 0.0008830
 432.5 0.0008390
 435.0 0.0008150
 437.5 0.0008180
 440.0 0.0008290
 442.5 0.0008330
 445.0 0.0008230
 447.5 0.0008110
 450.0 0.0008010
 452.5 0.0007920
 455.0 0.0007820
 457.5 0.0007700
 460.0 0.0007570
 462.5 0.0007450
 465.0 0.0007330
 467.5 0.0007210
 470.0 0.0007090
 472.5 0.0006960
 475.0 0.0006820
 477.5 0.0006650
 480.0 0.0006400
 482.5 0.0006060
 485.0 0.0005760
 487.5 0.0005640
 490.0 0.0005730
 492.5 0.0005880
 495.0 0.0005980
 497.5 0.0005990
 500.0 0.0005930
 502.5 0.0005830
 505.0 0.0005710
 507.5 0.0005610
 510.0 0.0005470
 512.5 0.0005380
 515.0 0.0005350
 517.5 0.0005240
 520.0 0.0005190
 522.5 0.0005190
 525.0 0.0005090
 527.5 0.0005070
 530.0 0.0004990
 532.5 0.0004910
 535.0 0.0004830
 537.5 0.0004720
 540.0 0.0004660
 542.5 0.0004620
 545.0 0.0004590
 547.5 0.0004510
 550.0 0.0004470
 552.5 0.0004360
 555.0 0.0004230
 557.5 0.0004160
 560.0 0.0004160
 562.5 0.0004120
 565.0 0.0004060
 567.5 0.0003960
 570.0 0.0003870
 572.5 0.0003810
 575.0 0.0003790
 577.5 0.0003740
 580.0 0.0003710
 582.5 0.0003620
 585.0 0.0003580
 587.5 0.0003560
 590.0 0.0003550
 592.5 0.0003460
 595.0 0.0003440
 597.5 0.0003360
 600.0 0.0003320
 602.5 0.0003300
 605.0 0.0003240
 607.5 0.0003180
 610.0 0.0003170
 612.5 0.0003120
 615.0 0.0003070
 617.5 0.0003050
 620.0 0.0003000
 622.5 0.0002970
 625.0 0.0002930
 627.5 0.0002890
 630.0 0.0002840
 632.5 0.0002800
 635.0 0.0002780
 637.5 0.0002750
 640.0 0.0002710
 642.5 0.0002720
 645.0 0.0002700
 647.5 0.0002650
 650.0 0.0002500
 652.5 0.0002370
 655.0 0.0002310
 657.5 0.0002300
 660.0 0.0002330
 662.5 0.0002390
 665.0 0.0002380
 667.5 0.0002360
 670.0 0.0002340
 672.5 0.0002270
 675.0 0.0002250
 677.5 0.0002230
 680.0 0.0002200
 682.5 0.0002190
 685.0 0.0002150
 687.5 0.0002130
 690.0 0.0002120
 692.5 0.0002070
 695.0 0.0002060
 697.5 0.0002050
 700.0 0.0002000
 702.5 0.0001980
 705.0 0.0001930
 707.5 0.0001910
 710.0 0.0001880
 712.5 0.0001880
 715.0 0.0001850
 717.5 0.0001830
 720.0 0.0001810
 722.5 0.0001810
 725.0 0.0001780
 727.5 0.0001740
 730.0 0.0001730
 732.5 0.0001710
 735.0 0.0001710
 737.5 0.0001720
 740.0 0.0001620
 742.5 0.0001600
 745.0 0.0001550
 747.5 0.0001560
 750.0 0.0001550
 752.5 0.0001550
 755.0 0.0001530
 757.5 0.0001530
 760.0 0.0001540
 762.5 0.0001470
 765.0 0.0001450
 767.5 0.0001440
 770.0 0.0001420
 772.5 0.0001410
 775.0 0.0001380
 777.5 0.0001390
 780.0 0.0001380
 782.5 0.0001360
 785.0 0.0001370
 787.5 0.0001360
 790.0 0.0001320
 792.5 0.0001310
 795.0 0.0001300
 797.5 0.0001290
 800.0 0.0001280
 802.5 0.0001270
 805.0 0.0001230
 807.5 0.0001190
 810.0 0.0001210
 812.5 0.0001220
 815.0 0.0001180
 817.5 0.0001160
 820.0 0.0001150
 822.5 0.0001150
 825.0 0.0001180
 827.5 0.0001150
 830.0 0.0001120
 832.5 0.0001130
 835.0 0.0001110
 837.5 0.0001120
 840.0 0.0001100
 842.5 0.0001080
 845.0 0.0001090
 847.5 0.0001090
 850.0 0.0001050
 852.5 0.0001080
 855.0 0.0001070
 857.5 0.0001050
 860.0 0.0001050
 862.5 0.0001050
 865.0 0.0001020
 867.5 0.0001030
 870.0 0.0001040
 872.5 0.0001020
 875.0 0.0001010
 877.5 0.0001000
 880.0 0.0001010
 882.5 0.0000990
 885.0 0.0000950
 887.5 0.0000950
 890.0 0.0000970
 892.5 0.0000960
 895.0 0.0000940
 897.5 0.0000900
 900.0 0.0000860
 902.5 0.0000860
 905.0 0.0000870
 907.5 0.0000910
 910.0 0.0000900
 912.5 0.0000860
 915.0 0.0000880
 917.5 0.0000840
 920.0 0.0000810
 922.5 0.0000790
 925.0 0.0000810
 927.5 0.0000850
 930.0 0.0000910
 932.5 0.0000920
 935.0 0.0000930
 937.5 0.0000910
 940.0 0.0000860
 942.5 0.0000870
 945.0 0.0000860
 947.5 0.0000830
 950.0 0.0000810
 952.5 0.0000780
 955.0 0.0000780
 957.5 0.0000760
 960.0 0.0000790
 962.5 0.0000770
 965.0 0.0000780
 967.5 0.0000780
 970.0 0.0000760
 972.5 0.0000720
 975.0 0.0000730
 977.5 0.0000720
 980.0 0.0000750
 982.5 0.0000750
 985.0 0.0000750
 987.5 0.0000740
 990.0 0.0000730
 992.5 0.0000730
 995.0 0.0000730
 997.5 0.0000730
1000.0 0.0000720
1002.5 0.0000700
1005.0 0.0000700
1007.5 0.0000690
1010.0 0.0000700
1012.5 0.0000740
1015.0 0.0000730
1017.5 0.0000720
1020.0 0.0000720
1022.5 0.0000730
1025.0 0.0000710
1027.5 0.0000740
1030.0 0.0000730
1032.5 0.0000720
1035.0 0.0000720
1037.5 0.0000720
1040.0 0.0000690
1042.5 0.0000680
1045.0 0.0000690
1047.5 0.0000670
1050.0 0.0000670
1052.5 0.0000680
1055.0 0.0000640
1057.5 0.0000620
1060.0 0.0000630
1062.5 0.0000590
1065.0 0.0000580
1067.5 0.0000590
1070.0 0.0000630
1072.5 0.0000610
1075.0 0.0000590
1077.5 0.0000610
1080.0 0.0000640

# nm  Flux(W/m2/m) for star HR 8001 from file: table6.dat
 320.0 0.0010660
 322.5 0.0010600
 325.0 0.0010500
 327.5 0.0010280
 330.0 0.0010220
 332.5 0.0010140
 335.0 0.0010040
 337.5 0.0009790
 340.0 0.0009720
 342.5 0.0009570
 345.0 0.0009400
 347.5 0.0009590
 350.0 0.0009380
 352.5 0.0009020
 355.0 0.0008880
 357.5 0.0008810
 360.0 0.0008730
 362.5 0.0008710
 365.0 0.0008460
 367.5 0.0008250
 370.0 0.0008350
 372.5 0.0008440
 375.0 0.0008890
 377.5 0.0009470
 380.0 0.0009800
 382.5 0.0010010
 385.0 0.0010720
 387.5 0.0010510
 390.0 0.0010730
 392.5 0.0011520
 395.0 0.0010530
 397.5 0.0009920
 400.0 0.0010530
 402.5 0.0010810
 405.0 0.0010860
 407.5 0.0010020
 410.0 0.0008970
 412.5 0.0009450
 415.0 0.0009940
 417.5 0.0009920
 420.0 0.0009790
 422.5 0.0009770
 425.0 0.0009620
 427.5 0.0009390
 430.0 0.0009050
 432.5 0.0008100
 435.0 0.0007720
 437.5 0.0008250
 440.0 0.0008450
 442.5 0.0008430
 445.0 0.0008230
 447.5 0.0008050
 450.0 0.0008020
 452.5 0.0007920
 455.0 0.0007860
 457.5 0.0007710
 460.0 0.0007520
 462.5 0.0007490
 465.0 0.0007320
 467.5 0.0007200
 470.0 0.0007110
 472.5 0.0006980
 475.0 0.0006830
 477.5 0.0006660
 480.0 0.0006540
 482.5 0.0006170
 485.0 0.0005450
 487.5 0.0005400
 490.0 0.0005800
 492.5 0.0005940
 495.0 0.0006010
 497.5 0.0006050
 500.0 0.0005950
 502.5 0.0005830
 505.0 0.0005700
 507.5 0.0005600
 510.0 0.0005520
 512.5 0.0005480
 515.0 0.0005400
 517.5 0.0005280
 520.0 0.0005190
 522.5 0.0005140
 525.0 0.0005150
 527.5 0.0005140
 530.0 0.0005100
 532.5 0.0005020
 535.0 0.0004920
 537.5 0.0004840
 540.0 0.0004790
 542.5 0.0004690
 545.0 0.0004610
 547.5 0.0004570
 550.0 0.0004520
 552.5 0.0004410
 555.0 0.0004340
 557.5 0.0004240
 560.0 0.0004150
 562.5 0.0004150
 565.0 0.0004120
 567.5 0.0004030
 570.0 0.0003870
 572.5 0.0003770
 575.0 0.0003780
 577.5 0.0003750
 580.0 0.0003750
 582.5 0.0003760
 585.0 0.0003640
 587.5 0.0003570
 590.0 0.0003540
 592.5 0.0003530
 595.0 0.0003530
 597.5 0.0003460
 600.0 0.0003390
 602.5 0.0003220
 605.0 0.0003190
 607.5 0.0003200
 610.0 0.0003190
 612.5 0.0003160
 615.0 0.0003110
 617.5 0.0003100
 620.0 0.0003090
 622.5 0.0003030
 625.0 0.0002950
 627.5 0.0002910
 630.0 0.0002830
 632.5 0.0002770
 635.0 0.0002810
 637.5 0.0002760
 640.0 0.0002740
 642.5 0.0002770
 645.0 0.0002770
 647.5 0.0002660
 650.0 0.0002490
 652.5 0.0002330
 655.0 0.0002190
 657.5 0.0002190
 660.0 0.0002410
 662.5 0.0002530
 665.0 0.0002480
 667.5 0.0002380
 670.0 0.0002340
 672.5 0.0002330
 675.0 0.0002300
 677.5 0.0002230
 680.0 0.0002230
 682.5 0.0002230
 685.0 0.0002160
 687.5 0.0002120
 690.0 0.0002130
 692.5 0.0002130
 695.0 0.0002090
 697.5 0.0002110
 700.0 0.0002120
 702.5 0.0002030
 705.0 0.0001980
 707.5 0.0001970
 710.0 0.0001890
 712.5 0.0001900
 715.0 0.0001890
 717.5 0.0001860
 720.0 0.0001850
 722.5 0.0001910
 725.0 0.0001900
 727.5 0.0001800
 730.0 0.0001770
 732.5 0.0001770
 735.0 0.0001830

