# nm  Flux(W/m2/m) for star HR 8079 from file: table5.dat
 320.0 0.0000290
 322.5 0.0000300
 325.0 0.0000330
 327.5 0.0000380
 330.0 0.0000410
 332.5 0.0000430
 335.0 0.0000440
 337.5 0.0000460
 340.0 0.0000490
 342.5 0.0000520
 345.0 0.0000540
 347.5 0.0000550
 350.0 0.0000580
 352.5 0.0000600
 355.0 0.0000600
 357.5 0.0000600
 360.0 0.0000630
 362.5 0.0000710
 365.0 0.0000810
 367.5 0.0000870
 370.0 0.0000870
 372.5 0.0000840
 375.0 0.0000830
 377.5 0.0000830
 380.0 0.0000830
 382.5 0.0000820
 385.0 0.0000820
 387.5 0.0000840
 390.0 0.0000860
 392.5 0.0000880
 395.0 0.0000980
 397.5 0.0001200
 400.0 0.0001490
 402.5 0.0001740
 405.0 0.0001910
 407.5 0.0002020
 410.0 0.0002090
 412.5 0.0002140
 415.0 0.0002180
 417.5 0.0002230
 420.0 0.0002320
 422.5 0.0002450
 425.0 0.0002600
 427.5 0.0002780
 430.0 0.0003050
 432.5 0.0003420
 435.0 0.0003770
 437.5 0.0004000
 440.0 0.0004160
 442.5 0.0004370
 445.0 0.0004720
 447.5 0.0005140
 450.0 0.0005520
 452.5 0.0005810
 455.0 0.0006090
 457.5 0.0006430
 460.0 0.0006780
 462.5 0.0007030
 465.0 0.0007160
 467.5 0.0007260
 470.0 0.0007390
 472.5 0.0007560
 475.0 0.0007740
 477.5 0.0007900
 480.0 0.0008010
 482.5 0.0008050
 485.0 0.0008050
 487.5 0.0008130
 490.0 0.0008370
 492.5 0.0008660
 495.0 0.0008810
 497.5 0.0008780
 500.0 0.0008710
 502.5 0.0008740
 505.0 0.0008860
 507.5 0.0008930
 510.0 0.0008890
 512.5 0.0008630
 515.0 0.0008360
 517.5 0.0008390
 520.0 0.0008640
 522.5 0.0009090
 525.0 0.0009720
 527.5 0.0010340
 530.0 0.0010870
 532.5 0.0011470
 535.0 0.0011770
 537.5 0.0011860
 540.0 0.0011930
 542.5 0.0011950
 545.0 0.0011970
 547.5 0.0012060
 550.0 0.0012340
 552.5 0.0012650
 555.0 0.0012800
 557.5 0.0012860
 560.0 0.0012860
 562.5 0.0012840
 565.0 0.0012910
 567.5 0.0013060
 570.0 0.0013300
 572.5 0.0013550
 575.0 0.0013740
 577.5 0.0014130
 580.0 0.0014370
 582.5 0.0014470
 585.0 0.0014180
 587.5 0.0013780
 590.0 0.0013610
 592.5 0.0013790
 595.0 0.0014200
 597.5 0.0014570
 600.0 0.0014970
 602.5 0.0015350
 605.0 0.0015660
 607.5 0.0015730
 610.0 0.0015560
 612.5 0.0015280
 615.0 0.0014860
 617.5 0.0014340
 620.0 0.0013780
 622.5 0.0013430
 625.0 0.0013440
 627.5 0.0013740
 630.0 0.0014300
 632.5 0.0014780
 635.0 0.0015190
 637.5 0.0015520
 640.0 0.0015830
 642.5 0.0016160
 645.0 0.0016200
 647.5 0.0016170
 650.0 0.0015860
 652.5 0.0015820
 655.0 0.0015980
 657.5 0.0016140
 660.0 0.0016380
 662.5 0.0016600
 665.0 0.0016670
 667.5 0.0016640
 670.0 0.0016570
 672.5 0.0016490
 675.0 0.0016500
 677.5 0.0016580
 680.0 0.0016750
 682.5 0.0016950
 685.0 0.0017120
 687.5 0.0017280
 690.0 0.0017310
 692.5 0.0017270
 695.0 0.0017090
 697.5 0.0016980
 700.0 0.0016970
 702.5 0.0016800
 705.0 0.0016550
 707.5 0.0016130
 710.0 0.0015560
 712.5 0.0015180
 715.0 0.0015090
 717.5 0.0015230
 720.0 0.0015570
 722.5 0.0015890
 725.0 0.0016140
 727.5 0.0016310
 730.0 0.0016410
 732.5 0.0016580
 735.0 0.0016690
 737.5 0.0016900
 740.0 0.0017170
 742.5 0.0017280
 745.0 0.0017310
 747.5 0.0017540
 750.0 0.0017820
 752.5 0.0018000
 755.0 0.0018100
 757.5 0.0018130
 760.0 0.0017960
 762.5 0.0017680
 765.0 0.0017730
 767.5 0.0017750
 770.0 0.0017730
 772.5 0.0017880
 775.0 0.0017950
 777.5 0.0018110
 780.0 0.0018250
 782.5 0.0018130
 785.0 0.0017850
 787.5 0.0017520
 790.0 0.0016950
 792.5 0.0016690
 795.0 0.0016760
 797.5 0.0017010
 800.0 0.0017120
 802.5 0.0017010
 805.0 0.0016830
 807.5 0.0016720
 810.0 0.0016520
 812.5 0.0016550
 815.0 0.0016430
 817.5 0.0016520
 820.0 0.0016720
 822.5 0.0016950
 825.0 0.0017220
 827.5 0.0017140
 830.0 0.0016870
 832.5 0.0016690
 835.0 0.0016600
 837.5 0.0016610
 840.0 0.0016810
 842.5 0.0017050
 845.0 0.0016970
 847.5 0.0016670
 850.0 0.0016460
 852.5 0.0016340
 855.0 0.0016570
 857.5 0.0017120
 860.0 0.0017470
 862.5 0.0017460
 865.0 0.0017120
 867.5 0.0017050
 870.0 0.0017520
 872.5 0.0017850
 875.0 0.0017950
 877.5 0.0017780
 880.0 0.0017980
 882.5 0.0018030
 885.0 0.0018210
 887.5 0.0018150
 890.0 0.0018050
 892.5 0.0017440
 895.0 0.0017090
 897.5 0.0017120
 900.0 0.0017380
 902.5 0.0017430
 905.0 0.0017470
 907.5 0.0017140
 910.0 0.0016520
 912.5 0.0016010
 915.0 0.0015940
 917.5 0.0016000
 920.0 0.0016260
 922.5 0.0016320
 925.0 0.0016280
 927.5 0.0015910
 930.0 0.0015550
 932.5 0.0015430
 935.0 0.0016000
 937.5 0.0016250
 940.0 0.0016130
 942.5 0.0015820
 945.0 0.0015420
 947.5 0.0015560
 950.0 0.0015700
 952.5 0.0015570
 955.0 0.0015520
 957.5 0.0015590
 960.0 0.0015350
 962.5 0.0015430
 965.0 0.0015210
 967.5 0.0015110
 970.0 0.0015050
 972.5 0.0014970
 975.0 0.0015110
 977.5 0.0015520
 980.0 0.0015880
 982.5 0.0016130
 985.0 0.0016310
 987.5 0.0016220
 990.0 0.0016190
 992.5 0.0016170
 995.0 0.0016340
 997.5 0.0016430
1000.0 0.0016580
1002.5 0.0016470
1005.0 0.0016440
1007.5 0.0016380
1010.0 0.0016290
1012.5 0.0016520
1015.0 0.0016580
1017.5 0.0016440
1020.0 0.0016430
1022.5 0.0016410
1025.0 0.0016490
1027.5 0.0016440
1030.0 0.0016410
1032.5 0.0016230
1035.0 0.0016230
1037.5 0.0016380
1040.0 0.0016430
1042.5 0.0016430
1045.0 0.0016610
1047.5 0.0016530
1050.0 0.0016380
1052.5 0.0016410
1055.0 0.0016340
1057.5 0.0016310
1060.0 0.0016290
1062.5 0.0016220
1065.0 0.0016290
1067.5 0.0016290
1070.0 0.0016170
1072.5 0.0016130
1075.0 0.0015970
1077.5 0.0015690
1080.0 0.0015570

# nm  Flux(W/m2/m) for star HR 8079 from file: table6.dat
 320.0 0.0000280
 322.5 0.0000270
 325.0 0.0000310
 327.5 0.0000390
 330.0 0.0000450
 332.5 0.0000450
 335.0 0.0000410
 337.5 0.0000430
 340.0 0.0000490
 342.5 0.0000540
 345.0 0.0000540
 347.5 0.0000540
 350.0 0.0000560
 352.5 0.0000620
 355.0 0.0000650
 357.5 0.0000560
 360.0 0.0000560
 362.5 0.0000700
 365.0 0.0000850
 367.5 0.0000940
 370.0 0.0000920
 372.5 0.0000780
 375.0 0.0000770
 377.5 0.0000890
 380.0 0.0000870
 382.5 0.0000770
 385.0 0.0000780
 387.5 0.0000850
 390.0 0.0000920
 392.5 0.0000830
 395.0 0.0000820
 397.5 0.0001090
 400.0 0.0001600
 402.5 0.0001860
 405.0 0.0001900
 407.5 0.0002030
 410.0 0.0002150
 412.5 0.0002130
 415.0 0.0002160
 417.5 0.0002230
 420.0 0.0002280
 422.5 0.0002390
 425.0 0.0002670
 427.5 0.0002760
 430.0 0.0002820
 432.5 0.0003420
 435.0 0.0004010
 437.5 0.0004090
 440.0 0.0004030
 442.5 0.0004290
 445.0 0.0004600
 447.5 0.0005170
 450.0 0.0005740
 452.5 0.0005800
 455.0 0.0005950
 457.5 0.0006370
 460.0 0.0006890
 462.5 0.0007240
 465.0 0.0007140
 467.5 0.0007160
 470.0 0.0007350
 472.5 0.0007630
 475.0 0.0007770
 477.5 0.0007840
 480.0 0.0008080
 482.5 0.0008220
 485.0 0.0007960
 487.5 0.0007840
 490.0 0.0008340
 492.5 0.0008820
 495.0 0.0009070
 497.5 0.0008840
 500.0 0.0008490
 502.5 0.0008570
 505.0 0.0009040
 507.5 0.0009040
 510.0 0.0008900
 512.5 0.0008700
 515.0 0.0008310
 517.5 0.0007930
 520.0 0.0008340
 522.5 0.0009200
 525.0 0.0009520
 527.5 0.0010140
 530.0 0.0011110
 532.5 0.0011460
 535.0 0.0011960
 537.5 0.0012080
 540.0 0.0011780
 542.5 0.0012000
 545.0 0.0012040
 547.5 0.0011960
 550.0 0.0012100
 552.5 0.0012590
 555.0 0.0013110
 557.5 0.0013060
 560.0 0.0012860
 562.5 0.0012810
 565.0 0.0012890
 567.5 0.0013150
 570.0 0.0013210
 572.5 0.0013650
 575.0 0.0014010
 577.5 0.0014030
 580.0 0.0014510
 582.5 0.0015010
 585.0 0.0014700
 587.5 0.0013690
 590.0 0.0013290
 592.5 0.0014020
 595.0 0.0014620
 597.5 0.0014830
 600.0 0.0014890
 602.5 0.0015390
 605.0 0.0016050
 607.5 0.0016140
 610.0 0.0015860
 612.5 0.0015560
 615.0 0.0015140
 617.5 0.0014660
 620.0 0.0014150
 622.5 0.0013340
 625.0 0.0013040
 627.5 0.0013750
 630.0 0.0014490
 632.5 0.0014960
 635.0 0.0015140
 637.5 0.0015530
 640.0 0.0015860
 642.5 0.0016250
 645.0 0.0016780
 647.5 0.0016470
 650.0 0.0015730
 652.5 0.0016110
 655.0 0.0016400
 657.5 0.0016460
 660.0 0.0016780
 662.5 0.0017030
 665.0 0.0017090
 667.5 0.0016980
 670.0 0.0016900
 672.5 0.0016700
 675.0 0.0016530
 677.5 0.0016640
 680.0 0.0016800
 682.5 0.0017140
 685.0 0.0017300
 687.5 0.0017620
 690.0 0.0017850
 692.5 0.0017490
 695.0 0.0017120
 697.5 0.0017090
 700.0 0.0017090
 702.5 0.0017220
 705.0 0.0017090
 707.5 0.0016280
 710.0 0.0015570
 712.5 0.0015140
 715.0 0.0015250
 717.5 0.0015290
 720.0 0.0015280
 722.5 0.0015950
 725.0 0.0016430
 727.5 0.0016350
 730.0 0.0016400
 732.5 0.0016640
 735.0 0.0016490

