# nm  Flux(W/m2/m) for star HR 8115 from file: table5.dat
 320.0 0.0002490
 322.5 0.0002640
 325.0 0.0002870
 327.5 0.0003310
 330.0 0.0003580
 332.5 0.0003630
 335.0 0.0003450
 337.5 0.0003380
 340.0 0.0003520
 342.5 0.0003750
 345.0 0.0003880
 347.5 0.0003950
 350.0 0.0004000
 352.5 0.0003910
 355.0 0.0003660
 357.5 0.0003480
 360.0 0.0003840
 362.5 0.0004660
 365.0 0.0005570
 367.5 0.0006060
 370.0 0.0005920
 372.5 0.0005440
 375.0 0.0004870
 377.5 0.0004480
 380.0 0.0003950
 382.5 0.0003360
 385.0 0.0003240
 387.5 0.0003710
 390.0 0.0004520
 392.5 0.0004860
 395.0 0.0005460
 397.5 0.0006580
 400.0 0.0008290
 402.5 0.0009410
 405.0 0.0009800
 407.5 0.0009690
 410.0 0.0009550
 412.5 0.0009270
 415.0 0.0009010
 417.5 0.0009090
 420.0 0.0009650
 422.5 0.0010330
 425.0 0.0010720
 427.5 0.0010880
 430.0 0.0011180
 432.5 0.0011810
 435.0 0.0012440
 437.5 0.0012940
 440.0 0.0013300
 442.5 0.0013830
 445.0 0.0014440
 447.5 0.0015080
 450.0 0.0015520
 452.5 0.0015760
 455.0 0.0015860
 457.5 0.0016130
 460.0 0.0016440
 462.5 0.0016700
 465.0 0.0016640
 467.5 0.0016520
 470.0 0.0016600
 472.5 0.0016980
 475.0 0.0017490
 477.5 0.0017950
 480.0 0.0018110
 482.5 0.0017960
 485.0 0.0017650
 487.5 0.0017430
 490.0 0.0017550
 492.5 0.0017780
 495.0 0.0017950
 497.5 0.0017780
 500.0 0.0017570
 502.5 0.0017490
 505.0 0.0017650
 507.5 0.0017780
 510.0 0.0018050
 512.5 0.0017770
 515.0 0.0017570
 517.5 0.0017620
 520.0 0.0017900
 522.5 0.0018260
 525.0 0.0018550
 527.5 0.0018910
 530.0 0.0019250
 532.5 0.0019500
 535.0 0.0019550
 537.5 0.0019520
 540.0 0.0019430
 542.5 0.0019440
 545.0 0.0019430
 547.5 0.0019390
 550.0 0.0019390
 552.5 0.0019460
 555.0 0.0019320
 557.5 0.0019270
 560.0 0.0019160
 562.5 0.0019090
 565.0 0.0019050
 567.5 0.0019140
 570.0 0.0019180
 572.5 0.0019390
 575.0 0.0019500
 577.5 0.0019570
 580.0 0.0019660
 582.5 0.0019700
 585.0 0.0019660
 587.5 0.0019520
 590.0 0.0019460
 592.5 0.0019550
 595.0 0.0019680
 597.5 0.0019750
 600.0 0.0019640
 602.5 0.0019730
 605.0 0.0019660
 607.5 0.0019530
 610.0 0.0019300
 612.5 0.0019050
 615.0 0.0018900
 617.5 0.0018860
 620.0 0.0018850
 622.5 0.0018790
 625.0 0.0018710
 627.5 0.0018590
 630.0 0.0018520
 632.5 0.0018540
 635.0 0.0018540
 637.5 0.0018570
 640.0 0.0018480
 642.5 0.0018450
 645.0 0.0018330
 647.5 0.0018210
 650.0 0.0017820
 652.5 0.0017650
 655.0 0.0017670
 657.5 0.0017750
 660.0 0.0017950
 662.5 0.0018160
 665.0 0.0018300
 667.5 0.0018300
 670.0 0.0018250
 672.5 0.0018160
 675.0 0.0018030
 677.5 0.0018050
 680.0 0.0017960
 682.5 0.0017950
 685.0 0.0017830
 687.5 0.0017750
 690.0 0.0017550
 692.5 0.0017310
 695.0 0.0017140
 697.5 0.0016860
 700.0 0.0016660
 702.5 0.0016530
 705.0 0.0016460
 707.5 0.0016440
 710.0 0.0016310
 712.5 0.0016160
 715.0 0.0015940
 717.5 0.0015660
 720.0 0.0015590
 722.5 0.0015520
 725.0 0.0015500
 727.5 0.0015420
 730.0 0.0015290
 732.5 0.0015250
 735.0 0.0015160
 737.5 0.0015140
 740.0 0.0015470
 742.5 0.0015470
 745.0 0.0015460
 747.5 0.0015450
 750.0 0.0015500
 752.5 0.0015550
 755.0 0.0015760
 757.5 0.0015700
 760.0 0.0015660
 762.5 0.0015490
 765.0 0.0015370
 767.5 0.0015320
 770.0 0.0015470
 772.5 0.0015560
 775.0 0.0015350
 777.5 0.0015290
 780.0 0.0015500
 782.5 0.0015460
 785.0 0.0015150
 787.5 0.0014930
 790.0 0.0014370
 792.5 0.0014180
 795.0 0.0014180
 797.5 0.0014300
 800.0 0.0014260
 802.5 0.0014140
 805.0 0.0013980
 807.5 0.0013850
 810.0 0.0013630
 812.5 0.0013560
 815.0 0.0013630
 817.5 0.0013590
 820.0 0.0013550
 822.5 0.0013610
 825.0 0.0013680
 827.5 0.0013650
 830.0 0.0013590
 832.5 0.0013440
 835.0 0.0013380
 837.5 0.0013400
 840.0 0.0013430
 842.5 0.0013540
 845.0 0.0013540
 847.5 0.0013420
 850.0 0.0013160
 852.5 0.0013070
 855.0 0.0013150
 857.5 0.0013290
 860.0 0.0013430
 862.5 0.0013420
 865.0 0.0013170
 867.5 0.0013120
 870.0 0.0013420
 872.5 0.0013460
 875.0 0.0013330
 877.5 0.0013180
 880.0 0.0013290
 882.5 0.0013230
 885.0 0.0013300
 887.5 0.0013060
 890.0 0.0012850
 892.5 0.0012620
 895.0 0.0012540
 897.5 0.0012540
 900.0 0.0012530
 902.5 0.0012440
 905.0 0.0012300
 907.5 0.0012030
 910.0 0.0011720
 912.5 0.0011490
 915.0 0.0011370
 917.5 0.0011370
 920.0 0.0011230
 922.5 0.0011210
 925.0 0.0011080
 927.5 0.0011140
 930.0 0.0011140
 932.5 0.0011400
 935.0 0.0011300
 937.5 0.0011060
 940.0 0.0011010
 942.5 0.0010740
 945.0 0.0010580
 947.5 0.0010690
 950.0 0.0010700
 952.5 0.0010780
 955.0 0.0010790
 957.5 0.0010680
 960.0 0.0010580
 962.5 0.0010690
 965.0 0.0010580
 967.5 0.0010630
 970.0 0.0010570
 972.5 0.0010510
 975.0 0.0010610
 977.5 0.0010680
 980.0 0.0010710
 982.5 0.0010710
 985.0 0.0010720
 987.5 0.0010710
 990.0 0.0010750
 992.5 0.0010810
 995.0 0.0011040
 997.5 0.0010970
1000.0 0.0010920
1002.5 0.0010820
1005.0 0.0010870
1007.5 0.0010880
1010.0 0.0010790
1012.5 0.0010770
1015.0 0.0010810
1017.5 0.0010730
1020.0 0.0010680
1022.5 0.0010660
1025.0 0.0010660
1027.5 0.0010600
1030.0 0.0010480
1032.5 0.0010340
1035.0 0.0010230
1037.5 0.0010230
1040.0 0.0010370
1042.5 0.0010330
1045.0 0.0010360
1047.5 0.0010320
1050.0 0.0010290
1052.5 0.0010310
1055.0 0.0010330
1057.5 0.0010210
1060.0 0.0010270
1062.5 0.0010180
1065.0 0.0010180
1067.5 0.0010160
1070.0 0.0010140
1072.5 0.0010030
1075.0 0.0009990
1077.5 0.0009940
1080.0 0.0009890

# nm  Flux(W/m2/m) for star HR 8115 from file: table6.dat
 320.0 0.0002700
 322.5 0.0002630
 325.0 0.0002160
 327.5 0.0003810
 330.0 0.0003790
 332.5 0.0003790
 335.0 0.0003530
 337.5 0.0002820
 340.0 0.0003450
 342.5 0.0004190
 345.0 0.0003790
 347.5 0.0003830
 350.0 0.0004020
 352.5 0.0004270
 355.0 0.0004000
 357.5 0.0002500
 360.0 0.0003370
 362.5 0.0004780
 365.0 0.0005920
 367.5 0.0006520
 370.0 0.0006450
 372.5 0.0005520
 375.0 0.0003960
 377.5 0.0005000
 380.0 0.0004420
 382.5 0.0003040
 385.0 0.0002270
 387.5 0.0002790
 390.0 0.0006300
 392.5 0.0004870
 395.0 0.0004250
 397.5 0.0005250
 400.0 0.0009820
 402.5 0.0010450
 405.0 0.0009580
 407.5 0.0009320
 410.0 0.0010080
 412.5 0.0009510
 415.0 0.0008460
 417.5 0.0008500
 420.0 0.0009590
 422.5 0.0010680
 425.0 0.0011280
 427.5 0.0010660
 430.0 0.0010310
 432.5 0.0012090
 435.0 0.0012890
 437.5 0.0012940
 440.0 0.0012880
 442.5 0.0013970
 445.0 0.0014350
 447.5 0.0015090
 450.0 0.0015860
 452.5 0.0016010
 455.0 0.0015520
 457.5 0.0016010
 460.0 0.0016370
 462.5 0.0017310
 465.0 0.0016760
 467.5 0.0016050
 470.0 0.0016370
 472.5 0.0016950
 475.0 0.0017520
 477.5 0.0018110
 480.0 0.0018400
 482.5 0.0018330
 485.0 0.0017460
 487.5 0.0016830
 490.0 0.0017770
 492.5 0.0017650
 495.0 0.0018350
 497.5 0.0018050
 500.0 0.0017280
 502.5 0.0016940
 505.0 0.0017980
 507.5 0.0017980
 510.0 0.0017860
 512.5 0.0017440
 515.0 0.0016810
 517.5 0.0016550
 520.0 0.0017730
 522.5 0.0017980
 525.0 0.0017820
 527.5 0.0018200
 530.0 0.0019250
 532.5 0.0018740
 535.0 0.0019280
 537.5 0.0019270
 540.0 0.0018600
 542.5 0.0018980
 545.0 0.0019440
 547.5 0.0018880
 550.0 0.0018930
 552.5 0.0019110
 555.0 0.0019120
 557.5 0.0019120
 560.0 0.0018760
 562.5 0.0018860
 565.0 0.0018590
 567.5 0.0018850
 570.0 0.0018790
 572.5 0.0019090
 575.0 0.0019180
 577.5 0.0019230
 580.0 0.0019180
 582.5 0.0019520
 585.0 0.0019550
 587.5 0.0019020
 590.0 0.0018570
 592.5 0.0019570
 595.0 0.0019280
 597.5 0.0019500
 600.0 0.0018860
 602.5 0.0019390
 605.0 0.0019590
 607.5 0.0019520
 610.0 0.0018900
 612.5 0.0018760
 615.0 0.0018310
 617.5 0.0018260
 620.0 0.0018660
 622.5 0.0018450
 625.0 0.0018030
 627.5 0.0018030
 630.0 0.0018330
 632.5 0.0018180
 635.0 0.0018100
 637.5 0.0018310
 640.0 0.0018110
 642.5 0.0017900
 645.0 0.0018370
 647.5 0.0017600
 650.0 0.0016980
 652.5 0.0017140
 655.0 0.0017490
 657.5 0.0016860
 660.0 0.0017550
 662.5 0.0018130
 665.0 0.0018330
 667.5 0.0018060
 670.0 0.0017770
 672.5 0.0017640
 675.0 0.0017440
 677.5 0.0017820
 680.0 0.0017850
 682.5 0.0017470
 685.0 0.0017470
 687.5 0.0017230
 690.0 0.0017270
 692.5 0.0017080
 695.0 0.0017030
 697.5 0.0016500
 700.0 0.0016340
 702.5 0.0016130
 705.0 0.0016070
 707.5 0.0016610
 710.0 0.0015980
 712.5 0.0015810
 715.0 0.0015880
 717.5 0.0015230
 720.0 0.0014700
 722.5 0.0015070
 725.0 0.0015180
 727.5 0.0014940
 730.0 0.0014960
 732.5 0.0014940
 735.0 0.0014640

