# nm  Flux(W/m2/m) for star HR 8254 from file: table6.dat
 320.0 0.0001230
 322.5 0.0001150
 325.0 0.0001060
 327.5 0.0001730
 330.0 0.0002000
 332.5 0.0001980
 335.0 0.0001890
 337.5 0.0001610
 340.0 0.0001780
 342.5 0.0002130
 345.0 0.0001810
 347.5 0.0001860
 350.0 0.0002000
 352.5 0.0002190
 355.0 0.0002160
 357.5 0.0001660
 360.0 0.0001490
 362.5 0.0002420
 365.0 0.0003130
 367.5 0.0003600
 370.0 0.0003410
 372.5 0.0002700
 375.0 0.0001980
 377.5 0.0002710
 380.0 0.0002770
 382.5 0.0001710
 385.0 0.0001260
 387.5 0.0001530
 390.0 0.0002870
 392.5 0.0003190
 395.0 0.0002280
 397.5 0.0003380
 400.0 0.0005660
 402.5 0.0006060
 405.0 0.0005610
 407.5 0.0005930
 410.0 0.0006280
 412.5 0.0005740
 415.0 0.0005310
 417.5 0.0005120
 420.0 0.0005380
 422.5 0.0006130
 425.0 0.0006750
 427.5 0.0006420
 430.0 0.0005860
 432.5 0.0006740
 435.0 0.0007950
 437.5 0.0007830
 440.0 0.0007500
 442.5 0.0008080
 445.0 0.0008600
 447.5 0.0008930
 450.0 0.0009600
 452.5 0.0009500
 455.0 0.0009380
 457.5 0.0009750
 460.0 0.0010040
 462.5 0.0010270
 465.0 0.0010020
 467.5 0.0009960
 470.0 0.0010070
 472.5 0.0010370
 475.0 0.0010660
 477.5 0.0010840
 480.0 0.0011030
 482.5 0.0010990
 485.0 0.0010440
 487.5 0.0010140
 490.0 0.0010480
 492.5 0.0010460
 495.0 0.0010780
 497.5 0.0010890
 500.0 0.0010510
 502.5 0.0010280
 505.0 0.0010650
 507.5 0.0010990
 510.0 0.0010760
 512.5 0.0010560
 515.0 0.0010230
 517.5 0.0009380
 520.0 0.0009710
 522.5 0.0010640
 525.0 0.0010930
 527.5 0.0010660
 530.0 0.0011530
 532.5 0.0011750
 535.0 0.0011660
 537.5 0.0011860
 540.0 0.0011500
 542.5 0.0011450
 545.0 0.0011680
 547.5 0.0011660
 550.0 0.0011650
 552.5 0.0011780
 555.0 0.0011900
 557.5 0.0011690
 560.0 0.0011500
 562.5 0.0011640
 565.0 0.0011620
 567.5 0.0011680
 570.0 0.0011690
 572.5 0.0011660
 575.0 0.0012040
 577.5 0.0012120
 580.0 0.0012010
 582.5 0.0012290
 585.0 0.0012580
 587.5 0.0012020
 590.0 0.0011560
 592.5 0.0012280
 595.0 0.0012580
 597.5 0.0012460
 600.0 0.0012030
 602.5 0.0012290
 605.0 0.0012390
 607.5 0.0012370
 610.0 0.0012030
 612.5 0.0011900
 615.0 0.0011710
 617.5 0.0011500
 620.0 0.0011870
 622.5 0.0012000
 625.0 0.0011560
 627.5 0.0011320
 630.0 0.0011520
 632.5 0.0011560
 635.0 0.0011490
 637.5 0.0011790
 640.0 0.0011560
 642.5 0.0011530
 645.0 0.0011740
 647.5 0.0011770
 650.0 0.0011160
 652.5 0.0011240
 655.0 0.0011130
 657.5 0.0010780
 660.0 0.0011340
 662.5 0.0011930
 665.0 0.0011890
 667.5 0.0011710
 670.0 0.0011810
 672.5 0.0011030
 675.0 0.0011110
 677.5 0.0011250
 680.0 0.0011260
 682.5 0.0011190
 685.0 0.0011320
 687.5 0.0010770
 690.0 0.0010870
 692.5 0.0010970
 695.0 0.0010840
 697.5 0.0010550
 700.0 0.0010480
 702.5 0.0010180
 705.0 0.0010390
 707.5 0.0010540
 710.0 0.0010110
 712.5 0.0009970
 715.0 0.0010380
 717.5 0.0009850
 720.0 0.0009590
 722.5 0.0009600
 725.0 0.0009940
 727.5 0.0009910
 730.0 0.0009650
 732.5 0.0009580
 735.0 0.0009590

