# nm  Flux(W/m2/m) for star HR 834 from file: table5.dat
 320.0 0.0000370
 322.5 0.0000380
 325.0 0.0000400
 327.5 0.0000440
 330.0 0.0000480
 332.5 0.0000510
 335.0 0.0000520
 337.5 0.0000530
 340.0 0.0000550
 342.5 0.0000560
 345.0 0.0000570
 347.5 0.0000590
 350.0 0.0000610
 352.5 0.0000630
 355.0 0.0000630
 357.5 0.0000620
 360.0 0.0000640
 362.5 0.0000710
 365.0 0.0000800
 367.5 0.0000870
 370.0 0.0000880
 372.5 0.0000860
 375.0 0.0000850
 377.5 0.0000860
 380.0 0.0000860
 382.5 0.0000850
 385.0 0.0000850
 387.5 0.0000880
 390.0 0.0000920
 392.5 0.0000940
 395.0 0.0001020
 397.5 0.0001200
 400.0 0.0001490
 402.5 0.0001770
 405.0 0.0001950
 407.5 0.0002040
 410.0 0.0002080
 412.5 0.0002090
 415.0 0.0002090
 417.5 0.0002130
 420.0 0.0002230
 422.5 0.0002380
 425.0 0.0002550
 427.5 0.0002720
 430.0 0.0002920
 432.5 0.0003230
 435.0 0.0003560
 437.5 0.0003790
 440.0 0.0003910
 442.5 0.0004030
 445.0 0.0004260
 447.5 0.0004590
 450.0 0.0004920
 452.5 0.0005170
 455.0 0.0005370
 457.5 0.0005630
 460.0 0.0005940
 462.5 0.0006220
 465.0 0.0006380
 467.5 0.0006490
 470.0 0.0006610
 472.5 0.0006790
 475.0 0.0007010
 477.5 0.0007230
 480.0 0.0007410
 482.5 0.0007470
 485.0 0.0007450
 487.5 0.0007450
 490.0 0.0007610
 492.5 0.0007880
 495.0 0.0008100
 497.5 0.0008140
 500.0 0.0008070
 502.5 0.0008080
 505.0 0.0008230
 507.5 0.0008390
 510.0 0.0008560
 512.5 0.0008350
 515.0 0.0008170
 517.5 0.0008150
 520.0 0.0008360
 522.5 0.0008650
 525.0 0.0009110
 527.5 0.0009630
 530.0 0.0010190
 532.5 0.0010730
 535.0 0.0010970
 537.5 0.0011030
 540.0 0.0011120
 542.5 0.0011300
 545.0 0.0011450
 547.5 0.0011640
 550.0 0.0011910
 552.5 0.0012090
 555.0 0.0012210
 557.5 0.0012340
 560.0 0.0012390
 562.5 0.0012410
 565.0 0.0012460
 567.5 0.0012570
 570.0 0.0012710
 572.5 0.0012930
 575.0 0.0013120
 577.5 0.0013380
 580.0 0.0013600
 582.5 0.0013700
 585.0 0.0013550
 587.5 0.0013350
 590.0 0.0013350
 592.5 0.0013560
 595.0 0.0013930
 597.5 0.0014240
 600.0 0.0014440
 602.5 0.0014660
 605.0 0.0014800
 607.5 0.0014800
 610.0 0.0014520
 612.5 0.0014320
 615.0 0.0014180
 617.5 0.0014000
 620.0 0.0013830
 622.5 0.0013700
 625.0 0.0013610
 627.5 0.0013680
 630.0 0.0013960
 632.5 0.0014280
 635.0 0.0014510
 637.5 0.0014750
 640.0 0.0014910
 642.5 0.0015070
 645.0 0.0015070
 647.5 0.0015020
 650.0 0.0014660
 652.5 0.0014620
 655.0 0.0014720
 657.5 0.0014870
 660.0 0.0015080
 662.5 0.0015370
 665.0 0.0015630
 667.5 0.0015810
 670.0 0.0016000
 672.5 0.0016080
 675.0 0.0016110
 677.5 0.0016100
 680.0 0.0016130
 682.5 0.0016200
 685.0 0.0016230
 687.5 0.0016260
 690.0 0.0016130
 692.5 0.0015970
 695.0 0.0015760
 697.5 0.0015590
 700.0 0.0015500
 702.5 0.0015500
 705.0 0.0015420
 707.5 0.0015300
 710.0 0.0015110
 712.5 0.0014910
 715.0 0.0014830
 717.5 0.0014870
 720.0 0.0015010
 722.5 0.0015080
 725.0 0.0015110
 727.5 0.0015110
 730.0 0.0015080
 732.5 0.0015110
 735.0 0.0015160
 737.5 0.0015320
 740.0 0.0015500
 742.5 0.0015630
 745.0 0.0015650
 747.5 0.0015810
 750.0 0.0016050
 752.5 0.0016260
 755.0 0.0016440
 757.5 0.0016570
 760.0 0.0016600
 762.5 0.0016500
 765.0 0.0016490
 767.5 0.0016380
 770.0 0.0016440
 772.5 0.0016700
 775.0 0.0016800
 777.5 0.0017030
 780.0 0.0017160
 782.5 0.0017030
 785.0 0.0016780
 787.5 0.0016220
 790.0 0.0015630
 792.5 0.0015430
 795.0 0.0015390
 797.5 0.0015620
 800.0 0.0015790
 802.5 0.0015780
 805.0 0.0015630
 807.5 0.0015430
 810.0 0.0015210
 812.5 0.0015220
 815.0 0.0015280
 817.5 0.0015450
 820.0 0.0015620
 822.5 0.0015720
 825.0 0.0015890
 827.5 0.0015890
 830.0 0.0015700
 832.5 0.0015490
 835.0 0.0015420
 837.5 0.0015530
 840.0 0.0015690
 842.5 0.0015820
 845.0 0.0015860
 847.5 0.0015720
 850.0 0.0015420
 852.5 0.0015250
 855.0 0.0015500
 857.5 0.0015850
 860.0 0.0016140
 862.5 0.0016200
 865.0 0.0015920
 867.5 0.0015920
 870.0 0.0016430
 872.5 0.0016860
 875.0 0.0016940
 877.5 0.0016810
 880.0 0.0016900
 882.5 0.0016950
 885.0 0.0017050
 887.5 0.0016950
 890.0 0.0016920
 892.5 0.0016490
 895.0 0.0016470
 897.5 0.0016370
 900.0 0.0016350
 902.5 0.0016290
 905.0 0.0016250
 907.5 0.0016160
 910.0 0.0015790
 912.5 0.0015260
 915.0 0.0014850
 917.5 0.0014680
 920.0 0.0014490
 922.5 0.0014570
 925.0 0.0014700
 927.5 0.0014970
 930.0 0.0014960
 932.5 0.0015110
 935.0 0.0014900
 937.5 0.0014700
 940.0 0.0014530
 942.5 0.0014480
 945.0 0.0014520
 947.5 0.0014600
 950.0 0.0014700
 952.5 0.0014790
 955.0 0.0014850
 957.5 0.0014820
 960.0 0.0014720
 962.5 0.0014740
 965.0 0.0014600
 967.5 0.0014640
 970.0 0.0014620
 972.5 0.0014700
 975.0 0.0014850
 977.5 0.0015080
 980.0 0.0015260
 982.5 0.0015370
 985.0 0.0015460
 987.5 0.0015490
 990.0 0.0015520
 992.5 0.0015590
 995.0 0.0015910
 997.5 0.0015920
1000.0 0.0015910
1002.5 0.0015920
1005.0 0.0016040
1007.5 0.0016100
1010.0 0.0016110
1012.5 0.0016110
1015.0 0.0016100
1017.5 0.0016010
1020.0 0.0016040
1022.5 0.0016040
1025.0 0.0016230
1027.5 0.0016160
1030.0 0.0015910
1032.5 0.0015860
1035.0 0.0015880
1037.5 0.0015890
1040.0 0.0016110
1042.5 0.0016190
1045.0 0.0016230
1047.5 0.0016190
1050.0 0.0016160
1052.5 0.0016130
1055.0 0.0016070
1057.5 0.0016030
1060.0 0.0016230
1062.5 0.0016140
1065.0 0.0016100
1067.5 0.0016200
1070.0 0.0016220
1072.5 0.0016100
1075.0 0.0015880
1077.5 0.0015850
1080.0 0.0015720

# nm  Flux(W/m2/m) for star HR 834 from file: table6.dat
 320.0 0.0000360
 322.5 0.0000370
 325.0 0.0000390
 327.5 0.0000440
 330.0 0.0000500
 332.5 0.0000530
 335.0 0.0000520
 337.5 0.0000520
 340.0 0.0000550
 342.5 0.0000560
 345.0 0.0000570
 347.5 0.0000580
 350.0 0.0000610
 352.5 0.0000650
 355.0 0.0000650
 357.5 0.0000590
 360.0 0.0000580
 362.5 0.0000680
 365.0 0.0000820
 367.5 0.0000930
 370.0 0.0000940
 372.5 0.0000820
 375.0 0.0000770
 377.5 0.0000900
 380.0 0.0000910
 382.5 0.0000810
 385.0 0.0000810
 387.5 0.0000880
 390.0 0.0000970
 392.5 0.0000950
 395.0 0.0000890
 397.5 0.0001030
 400.0 0.0001540
 402.5 0.0001910
 405.0 0.0002000
 407.5 0.0002030
 410.0 0.0002130
 412.5 0.0002110
 415.0 0.0002050
 417.5 0.0002100
 420.0 0.0002160
 422.5 0.0002340
 425.0 0.0002640
 427.5 0.0002760
 430.0 0.0002710
 432.5 0.0003140
 435.0 0.0003760
 437.5 0.0003980
 440.0 0.0003820
 442.5 0.0003920
 445.0 0.0004160
 447.5 0.0004550
 450.0 0.0005080
 452.5 0.0005240
 455.0 0.0005260
 457.5 0.0005530
 460.0 0.0005930
 462.5 0.0006440
 465.0 0.0006440
 467.5 0.0006370
 470.0 0.0006550
 472.5 0.0006820
 475.0 0.0006990
 477.5 0.0007200
 480.0 0.0007500
 482.5 0.0007670
 485.0 0.0007440
 487.5 0.0007170
 490.0 0.0007520
 492.5 0.0007910
 495.0 0.0008330
 497.5 0.0008330
 500.0 0.0007910
 502.5 0.0007820
 505.0 0.0008290
 507.5 0.0008550
 510.0 0.0008530
 512.5 0.0008360
 515.0 0.0008040
 517.5 0.0007680
 520.0 0.0007880
 522.5 0.0008360
 525.0 0.0008680
 527.5 0.0009020
 530.0 0.0009940
 532.5 0.0010490
 535.0 0.0010970
 537.5 0.0011240
 540.0 0.0010800
 542.5 0.0010850
 545.0 0.0011270
 547.5 0.0011330
 550.0 0.0011320
 552.5 0.0011640
 555.0 0.0012200
 557.5 0.0012360
 560.0 0.0012220
 562.5 0.0012200
 565.0 0.0012250
 567.5 0.0012260
 570.0 0.0012210
 572.5 0.0012500
 575.0 0.0012840
 577.5 0.0012860
 580.0 0.0013030
 582.5 0.0013730
 585.0 0.0013880
 587.5 0.0013230
 590.0 0.0012490
 592.5 0.0013120
 595.0 0.0013910
 597.5 0.0014160
 600.0 0.0013970
 602.5 0.0014130
 605.0 0.0014710
 607.5 0.0014750
 610.0 0.0014280
 612.5 0.0013980
 615.0 0.0013750
 617.5 0.0013750
 620.0 0.0013850
 622.5 0.0013420
 625.0 0.0012950
 627.5 0.0013180
 630.0 0.0013610
 632.5 0.0013890
 635.0 0.0014130
 637.5 0.0014400
 640.0 0.0014640
 642.5 0.0014620
 645.0 0.0014900
 647.5 0.0015050
 650.0 0.0014530
 652.5 0.0014620
 655.0 0.0014590
 657.5 0.0014520
 660.0 0.0014910
 662.5 0.0015290
 665.0 0.0015520
 667.5 0.0015570
 670.0 0.0015620
 672.5 0.0015620
 675.0 0.0015690
 677.5 0.0015850
 680.0 0.0015910
 682.5 0.0015910
 685.0 0.0015720
 687.5 0.0015690
 690.0 0.0016220
 692.5 0.0016100
 695.0 0.0015650
 697.5 0.0015260
 700.0 0.0015070
 702.5 0.0014970
 705.0 0.0015150
 707.5 0.0015260
 710.0 0.0015010
 712.5 0.0014620
 715.0 0.0014530
 717.5 0.0014520
 720.0 0.0014280
 722.5 0.0014450
 725.0 0.0014900
 727.5 0.0014820
 730.0 0.0014620
 732.5 0.0014720
 735.0 0.0014750

