# nm  Flux(W/m2/m) for star HR 8414 from file: table5.dat
 320.0 0.0002950
 322.5 0.0003070
 325.0 0.0003360
 327.5 0.0003720
 330.0 0.0003980
 332.5 0.0004030
 335.0 0.0003980
 337.5 0.0004050
 340.0 0.0004290
 342.5 0.0004590
 345.0 0.0004780
 347.5 0.0004910
 350.0 0.0005040
 352.5 0.0005140
 355.0 0.0005150
 357.5 0.0005110
 360.0 0.0005270
 362.5 0.0005720
 365.0 0.0006400
 367.5 0.0007050
 370.0 0.0007450
 372.5 0.0007510
 375.0 0.0007340
 377.5 0.0007070
 380.0 0.0006690
 382.5 0.0006300
 385.0 0.0006120
 387.5 0.0006190
 390.0 0.0006280
 392.5 0.0006270
 395.0 0.0006680
 397.5 0.0007940
 400.0 0.0009830
 402.5 0.0011480
 405.0 0.0012500
 407.5 0.0012940
 410.0 0.0013190
 412.5 0.0013290
 415.0 0.0013350
 417.5 0.0013480
 420.0 0.0013870
 422.5 0.0014340
 425.0 0.0014620
 427.5 0.0014700
 430.0 0.0014910
 432.5 0.0015560
 435.0 0.0016320
 437.5 0.0016840
 440.0 0.0017030
 442.5 0.0017280
 445.0 0.0017830
 447.5 0.0018570
 450.0 0.0019180
 452.5 0.0019460
 455.0 0.0019660
 457.5 0.0020040
 460.0 0.0020630
 462.5 0.0021110
 465.0 0.0021320
 467.5 0.0021480
 470.0 0.0021740
 472.5 0.0022140
 475.0 0.0022570
 477.5 0.0022870
 480.0 0.0022870
 482.5 0.0022530
 485.0 0.0022060
 487.5 0.0021840
 490.0 0.0022040
 492.5 0.0022390
 495.0 0.0022570
 497.5 0.0022450
 500.0 0.0022260
 502.5 0.0022330
 505.0 0.0022640
 507.5 0.0022930
 510.0 0.0022930
 512.5 0.0022620
 515.0 0.0022280
 517.5 0.0022160
 520.0 0.0022220
 522.5 0.0022280
 525.0 0.0022530
 527.5 0.0022890
 530.0 0.0023360
 532.5 0.0023830
 535.0 0.0024100
 537.5 0.0024120
 540.0 0.0024050
 542.5 0.0024080
 545.0 0.0024140
 547.5 0.0024230
 550.0 0.0024390
 552.5 0.0024480
 555.0 0.0024480
 557.5 0.0024430
 560.0 0.0024390
 562.5 0.0024300
 565.0 0.0024190
 567.5 0.0024170
 570.0 0.0024370
 572.5 0.0024590
 575.0 0.0024800
 577.5 0.0024980
 580.0 0.0025050
 582.5 0.0025140
 585.0 0.0025100
 587.5 0.0025030
 590.0 0.0025050
 592.5 0.0025170
 595.0 0.0025170
 597.5 0.0025120
 600.0 0.0024980
 602.5 0.0025000
 605.0 0.0024910
 607.5 0.0024710
 610.0 0.0024250
 612.5 0.0023900
 615.0 0.0023700
 617.5 0.0023640
 620.0 0.0023620
 622.5 0.0023640
 625.0 0.0023530
 627.5 0.0023400
 630.0 0.0023400
 632.5 0.0023490
 635.0 0.0023550
 637.5 0.0023570
 640.0 0.0023510
 642.5 0.0023420
 645.0 0.0023210
 647.5 0.0022950
 650.0 0.0022390
 652.5 0.0022200
 655.0 0.0022160
 657.5 0.0022280
 660.0 0.0022620
 662.5 0.0022970
 665.0 0.0023140
 667.5 0.0023180
 670.0 0.0023100
 672.5 0.0022950
 675.0 0.0022820
 677.5 0.0022680
 680.0 0.0022530
 682.5 0.0022430
 685.0 0.0022280
 687.5 0.0022280
 690.0 0.0022240
 692.5 0.0022080
 695.0 0.0021860
 697.5 0.0021540
 700.0 0.0021320
 702.5 0.0021070
 705.0 0.0020950
 707.5 0.0020850
 710.0 0.0020720
 712.5 0.0020550
 715.0 0.0020340
 717.5 0.0020060
 720.0 0.0019820
 722.5 0.0019720
 725.0 0.0019700
 727.5 0.0019610
 730.0 0.0019440
 732.5 0.0019340
 735.0 0.0019230
 737.5 0.0019200
 740.0 0.0018880
 742.5 0.0019040
 745.0 0.0018950
 747.5 0.0019000
 750.0 0.0019140
 752.5 0.0019280
 755.0 0.0019020
 757.5 0.0019110
 760.0 0.0019070
 762.5 0.0018880
 765.0 0.0018590
 767.5 0.0018600
 770.0 0.0018620
 772.5 0.0018570
 775.0 0.0018620
 777.5 0.0018590
 780.0 0.0018670
 782.5 0.0018690
 785.0 0.0018600
 787.5 0.0018370
 790.0 0.0017960
 792.5 0.0017750
 795.0 0.0017640
 797.5 0.0017650
 800.0 0.0017700
 802.5 0.0017490
 805.0 0.0017360
 807.5 0.0017350
 810.0 0.0017120
 812.5 0.0017010
 815.0 0.0016830
 817.5 0.0016550
 820.0 0.0016430
 822.5 0.0016520
 825.0 0.0016690
 827.5 0.0016720
 830.0 0.0016630
 832.5 0.0016530
 835.0 0.0016440
 837.5 0.0016400
 840.0 0.0016470
 842.5 0.0016550
 845.0 0.0016440
 847.5 0.0016160
 850.0 0.0015720
 852.5 0.0015320
 855.0 0.0015370
 857.5 0.0015690
 860.0 0.0015940
 862.5 0.0015980
 865.0 0.0015630
 867.5 0.0015490
 870.0 0.0015790
 872.5 0.0016070
 875.0 0.0016100
 877.5 0.0015860
 880.0 0.0015940
 882.5 0.0015860
 885.0 0.0015750
 887.5 0.0015570
 890.0 0.0015450
 892.5 0.0015010
 895.0 0.0014890
 897.5 0.0014800
 900.0 0.0014790
 902.5 0.0014670
 905.0 0.0014530
 907.5 0.0014390
 910.0 0.0014130
 912.5 0.0014010
 915.0 0.0013910
 917.5 0.0013790
 920.0 0.0013560
 922.5 0.0013630
 925.0 0.0013680
 927.5 0.0013750
 930.0 0.0013550
 932.5 0.0013530
 935.0 0.0013280
 937.5 0.0013090
 940.0 0.0012920
 942.5 0.0012990
 945.0 0.0013000
 947.5 0.0012910
 950.0 0.0012840
 952.5 0.0012780
 955.0 0.0012810
 957.5 0.0012670
 960.0 0.0012510
 962.5 0.0012590
 965.0 0.0012500
 967.5 0.0012680
 970.0 0.0012690
 972.5 0.0012690
 975.0 0.0012670
 977.5 0.0012730
 980.0 0.0012740
 982.5 0.0012760
 985.0 0.0012850
 987.5 0.0012840
 990.0 0.0012820
 992.5 0.0012820
 995.0 0.0012940
 997.5 0.0013010
1000.0 0.0012980
1002.5 0.0012790
1005.0 0.0012650
1007.5 0.0012640
1010.0 0.0012570
1012.5 0.0012550
1015.0 0.0012510
1017.5 0.0012470
1020.0 0.0012430
1022.5 0.0012370
1025.0 0.0012340
1027.5 0.0012280
1030.0 0.0012120
1032.5 0.0012030
1035.0 0.0011900
1037.5 0.0011960
1040.0 0.0012170
1042.5 0.0012080
1045.0 0.0012080
1047.5 0.0012010
1050.0 0.0011930
1052.5 0.0011910
1055.0 0.0011820
1057.5 0.0011750
1060.0 0.0011750
1062.5 0.0011610
1065.0 0.0011630
1067.5 0.0011590
1070.0 0.0011520
1072.5 0.0011400
1075.0 0.0011300
1077.5 0.0011280
1080.0 0.0011240

# nm  Flux(W/m2/m) for star HR 8414 from file: table6.dat
 320.0 0.0003050
 322.5 0.0002830
 325.0 0.0003160
 327.5 0.0003870
 330.0 0.0004310
 332.5 0.0004120
 335.0 0.0003810
 337.5 0.0003790
 340.0 0.0004250
 342.5 0.0004860
 345.0 0.0004810
 347.5 0.0004840
 350.0 0.0004930
 352.5 0.0005290
 355.0 0.0005460
 357.5 0.0004780
 360.0 0.0004910
 362.5 0.0005620
 365.0 0.0006430
 367.5 0.0007130
 370.0 0.0007920
 372.5 0.0007770
 375.0 0.0007090
 377.5 0.0007140
 380.0 0.0007060
 382.5 0.0006100
 385.0 0.0005500
 387.5 0.0006150
 390.0 0.0007030
 392.5 0.0006120
 395.0 0.0005400
 397.5 0.0007110
 400.0 0.0010460
 402.5 0.0012340
 405.0 0.0012750
 407.5 0.0012790
 410.0 0.0013490
 412.5 0.0013320
 415.0 0.0013300
 417.5 0.0013240
 420.0 0.0013600
 422.5 0.0014470
 425.0 0.0015230
 427.5 0.0014640
 430.0 0.0013980
 432.5 0.0015370
 435.0 0.0017030
 437.5 0.0017200
 440.0 0.0016720
 442.5 0.0017090
 445.0 0.0017550
 447.5 0.0018550
 450.0 0.0019820
 452.5 0.0019590
 455.0 0.0019230
 457.5 0.0019750
 460.0 0.0020740
 462.5 0.0021680
 465.0 0.0021280
 467.5 0.0021140
 470.0 0.0021700
 472.5 0.0022180
 475.0 0.0022640
 477.5 0.0022990
 480.0 0.0023230
 482.5 0.0022930
 485.0 0.0021660
 487.5 0.0021240
 490.0 0.0022040
 492.5 0.0022510
 495.0 0.0023010
 497.5 0.0022620
 500.0 0.0021880
 502.5 0.0021880
 505.0 0.0022780
 507.5 0.0023270
 510.0 0.0023180
 512.5 0.0022700
 515.0 0.0022260
 517.5 0.0021960
 520.0 0.0022140
 522.5 0.0022410
 525.0 0.0022430
 527.5 0.0022410
 530.0 0.0023770
 532.5 0.0023830
 535.0 0.0024280
 537.5 0.0024590
 540.0 0.0023860
 542.5 0.0023970
 545.0 0.0024410
 547.5 0.0024170
 550.0 0.0024340
 552.5 0.0024480
 555.0 0.0024620
 557.5 0.0024620
 560.0 0.0024370
 562.5 0.0024320
 565.0 0.0024390
 567.5 0.0024190
 570.0 0.0024190
 572.5 0.0024750
 575.0 0.0024980
 577.5 0.0025140
 580.0 0.0024820
 582.5 0.0025440
 585.0 0.0025610
 587.5 0.0025070
 590.0 0.0024680
 592.5 0.0025660
 595.0 0.0025540
 597.5 0.0025440
 600.0 0.0024770
 602.5 0.0025030
 605.0 0.0025350
 607.5 0.0025170
 610.0 0.0024500
 612.5 0.0024030
 615.0 0.0023510
 617.5 0.0023660
 620.0 0.0024010
 622.5 0.0023990
 625.0 0.0023310
 627.5 0.0023290
 630.0 0.0023680
 632.5 0.0023510
 635.0 0.0023680
 637.5 0.0023970
 640.0 0.0023700
 642.5 0.0023510
 645.0 0.0023620
 647.5 0.0023230
 650.0 0.0022220
 652.5 0.0022660
 655.0 0.0022260
 657.5 0.0022140
 660.0 0.0023060
 662.5 0.0023510
 665.0 0.0023770
 667.5 0.0023550
 670.0 0.0023310
 672.5 0.0023100
 675.0 0.0022910
 677.5 0.0022850
 680.0 0.0022620
 682.5 0.0022510
 685.0 0.0022450
 687.5 0.0021960
 690.0 0.0022950
 692.5 0.0022280
 695.0 0.0022020
 697.5 0.0021780
 700.0 0.0021460
 702.5 0.0020930
 705.0 0.0021200
 707.5 0.0021010
 710.0 0.0020700
 712.5 0.0020630
 715.0 0.0020780
 717.5 0.0020270
 720.0 0.0019480
 722.5 0.0019680
 725.0 0.0020010
 727.5 0.0019820
 730.0 0.0019370
 732.5 0.0019360
 735.0 0.0019210

