# nm  Flux(W/m2/m) for star HR 8465 from file: table5.dat
 320.0 0.0000320
 322.5 0.0000360
 325.0 0.0000430
 327.5 0.0000500
 330.0 0.0000550
 332.5 0.0000570
 335.0 0.0000580
 337.5 0.0000610
 340.0 0.0000660
 342.5 0.0000710
 345.0 0.0000740
 347.5 0.0000770
 350.0 0.0000800
 352.5 0.0000810
 355.0 0.0000790
 357.5 0.0000790
 360.0 0.0000860
 362.5 0.0001020
 365.0 0.0001200
 367.5 0.0001320
 370.0 0.0001320
 372.5 0.0001260
 375.0 0.0001200
 377.5 0.0001150
 380.0 0.0001090
 382.5 0.0001030
 385.0 0.0001030
 387.5 0.0001080
 390.0 0.0001140
 392.5 0.0001200
 395.0 0.0001390
 397.5 0.0001770
 400.0 0.0002270
 402.5 0.0002690
 405.0 0.0002940
 407.5 0.0003050
 410.0 0.0003070
 412.5 0.0003030
 415.0 0.0002990
 417.5 0.0003060
 420.0 0.0003310
 422.5 0.0003660
 425.0 0.0003980
 427.5 0.0004260
 430.0 0.0004620
 432.5 0.0005140
 435.0 0.0005650
 437.5 0.0005980
 440.0 0.0006140
 442.5 0.0006360
 445.0 0.0006790
 447.5 0.0007350
 450.0 0.0007860
 452.5 0.0008200
 455.0 0.0008510
 457.5 0.0008920
 460.0 0.0009420
 462.5 0.0009830
 465.0 0.0010040
 467.5 0.0010180
 470.0 0.0010370
 472.5 0.0010710
 475.0 0.0011150
 477.5 0.0011590
 480.0 0.0011860
 482.5 0.0011880
 485.0 0.0011750
 487.5 0.0011690
 490.0 0.0011900
 492.5 0.0012250
 495.0 0.0012490
 497.5 0.0012470
 500.0 0.0012410
 502.5 0.0012500
 505.0 0.0012780
 507.5 0.0012990
 510.0 0.0013000
 512.5 0.0012800
 515.0 0.0012640
 517.5 0.0012580
 520.0 0.0012740
 522.5 0.0013100
 525.0 0.0013540
 527.5 0.0014160
 530.0 0.0014790
 532.5 0.0015450
 535.0 0.0015830
 537.5 0.0015980
 540.0 0.0016040
 542.5 0.0016140
 545.0 0.0016290
 547.5 0.0016570
 550.0 0.0016920
 552.5 0.0017200
 555.0 0.0017410
 557.5 0.0017620
 560.0 0.0017680
 562.5 0.0017640
 565.0 0.0017590
 567.5 0.0017700
 570.0 0.0017930
 572.5 0.0018210
 575.0 0.0018450
 577.5 0.0018780
 580.0 0.0019090
 582.5 0.0019250
 585.0 0.0019160
 587.5 0.0019020
 590.0 0.0019020
 592.5 0.0019340
 595.0 0.0019810
 597.5 0.0020040
 600.0 0.0020140
 602.5 0.0020460
 605.0 0.0020570
 607.5 0.0020490
 610.0 0.0020080
 612.5 0.0019700
 615.0 0.0019520
 617.5 0.0019410
 620.0 0.0019230
 622.5 0.0019160
 625.0 0.0019160
 627.5 0.0019180
 630.0 0.0019300
 632.5 0.0019460
 635.0 0.0019590
 637.5 0.0019840
 640.0 0.0020030
 642.5 0.0020140
 645.0 0.0020210
 647.5 0.0020190
 650.0 0.0019770
 652.5 0.0019730
 655.0 0.0019900
 657.5 0.0020120
 660.0 0.0020360
 662.5 0.0020640
 665.0 0.0020950
 667.5 0.0021110
 670.0 0.0021280
 672.5 0.0021420
 675.0 0.0021500
 677.5 0.0021460
 680.0 0.0021460
 682.5 0.0021540
 685.0 0.0021500
 687.5 0.0021500
 690.0 0.0021280
 692.5 0.0020930
 695.0 0.0020460
 697.5 0.0019970
 700.0 0.0019790
 702.5 0.0019770
 705.0 0.0019750
 707.5 0.0019640
 710.0 0.0019370
 712.5 0.0019090
 715.0 0.0018930
 717.5 0.0018880
 720.0 0.0019020
 722.5 0.0019140
 725.0 0.0019110
 727.5 0.0018970
 730.0 0.0018830
 732.5 0.0018850
 735.0 0.0018880
 737.5 0.0019090
 740.0 0.0019250
 742.5 0.0019340
 745.0 0.0019320
 747.5 0.0019550
 750.0 0.0019900
 752.5 0.0020040
 755.0 0.0020230
 757.5 0.0020420
 760.0 0.0020440
 762.5 0.0020230
 765.0 0.0020270
 767.5 0.0020320
 770.0 0.0020400
 772.5 0.0020640
 775.0 0.0020760
 777.5 0.0020990
 780.0 0.0021130
 782.5 0.0021010
 785.0 0.0020510
 787.5 0.0019810
 790.0 0.0018900
 792.5 0.0018420
 795.0 0.0018300
 797.5 0.0018550
 800.0 0.0018880
 802.5 0.0018760
 805.0 0.0018420
 807.5 0.0018110
 810.0 0.0017770
 812.5 0.0017640
 815.0 0.0017650
 817.5 0.0017750
 820.0 0.0017880
 822.5 0.0018110
 825.0 0.0018400
 827.5 0.0018380
 830.0 0.0018160
 832.5 0.0018010
 835.0 0.0017930
 837.5 0.0018050
 840.0 0.0018370
 842.5 0.0018620
 845.0 0.0018660
 847.5 0.0018450
 850.0 0.0018080
 852.5 0.0017820
 855.0 0.0018060
 857.5 0.0018550
 860.0 0.0018970
 862.5 0.0019050
 865.0 0.0018710
 867.5 0.0018660
 870.0 0.0019200
 872.5 0.0019660
 875.0 0.0019720
 877.5 0.0019570
 880.0 0.0019730
 882.5 0.0019730
 885.0 0.0019750
 887.5 0.0019720
 890.0 0.0019680
 892.5 0.0019160
 895.0 0.0019000
 897.5 0.0018930
 900.0 0.0019020
 902.5 0.0018930
 905.0 0.0018790
 907.5 0.0018570
 910.0 0.0017950
 912.5 0.0017090
 915.0 0.0016470
 917.5 0.0016160
 920.0 0.0016000
 922.5 0.0016050
 925.0 0.0016190
 927.5 0.0016460
 930.0 0.0016290
 932.5 0.0016160
 935.0 0.0016000
 937.5 0.0015810
 940.0 0.0015560
 942.5 0.0015420
 945.0 0.0015390
 947.5 0.0015600
 950.0 0.0015780
 952.5 0.0015880
 955.0 0.0016040
 957.5 0.0016010
 960.0 0.0015860
 962.5 0.0015830
 965.0 0.0015780
 967.5 0.0015880
 970.0 0.0015950
 972.5 0.0016040
 975.0 0.0016190
 977.5 0.0016430
 980.0 0.0016690
 982.5 0.0016870
 985.0 0.0017030
 987.5 0.0017090
 990.0 0.0017110
 992.5 0.0017200
 995.0 0.0017440
 997.5 0.0017540
1000.0 0.0017510
1002.5 0.0017460
1005.0 0.0017440
1007.5 0.0017540
1010.0 0.0017570
1012.5 0.0017640
1015.0 0.0017570
1017.5 0.0017510
1020.0 0.0017590
1022.5 0.0017620
1025.0 0.0017570
1027.5 0.0017520
1030.0 0.0017490
1032.5 0.0017380
1035.0 0.0017270
1037.5 0.0017300
1040.0 0.0017640
1042.5 0.0017670
1045.0 0.0017820
1047.5 0.0017720
1050.0 0.0017550
1052.5 0.0017540
1055.0 0.0017510
1057.5 0.0017470
1060.0 0.0017460
1062.5 0.0017330
1065.0 0.0017390
1067.5 0.0017430
1070.0 0.0017410
1072.5 0.0017250
1075.0 0.0017200
1077.5 0.0017120
1080.0 0.0016900

# nm  Flux(W/m2/m) for star HR 8465 from file: table6.dat
 320.0 0.0000330
 322.5 0.0000330
 325.0 0.0000400
 327.5 0.0000530
 330.0 0.0000600
 332.5 0.0000570
 335.0 0.0000550
 337.5 0.0000590
 340.0 0.0000680
 342.5 0.0000730
 345.0 0.0000730
 347.5 0.0000760
 350.0 0.0000810
 352.5 0.0000860
 355.0 0.0000810
 357.5 0.0000700
 360.0 0.0000770
 362.5 0.0000990
 365.0 0.0001260
 367.5 0.0001440
 370.0 0.0001430
 372.5 0.0001190
 375.0 0.0001110
 377.5 0.0001240
 380.0 0.0001130
 382.5 0.0000940
 385.0 0.0000920
 387.5 0.0001090
 390.0 0.0001280
 392.5 0.0001110
 395.0 0.0001110
 397.5 0.0001590
 400.0 0.0002440
 402.5 0.0002910
 405.0 0.0002960
 407.5 0.0003070
 410.0 0.0003190
 412.5 0.0003040
 415.0 0.0002890
 417.5 0.0002910
 420.0 0.0003150
 422.5 0.0003690
 425.0 0.0004210
 427.5 0.0004250
 430.0 0.0004210
 432.5 0.0005100
 435.0 0.0006080
 437.5 0.0006130
 440.0 0.0005970
 442.5 0.0006240
 445.0 0.0006560
 447.5 0.0007370
 450.0 0.0008200
 452.5 0.0008230
 455.0 0.0008330
 457.5 0.0008730
 460.0 0.0009510
 462.5 0.0010190
 465.0 0.0010060
 467.5 0.0010040
 470.0 0.0010240
 472.5 0.0010650
 475.0 0.0011120
 477.5 0.0011650
 480.0 0.0012120
 482.5 0.0012190
 485.0 0.0011590
 487.5 0.0011300
 490.0 0.0011860
 492.5 0.0012280
 495.0 0.0012840
 497.5 0.0012680
 500.0 0.0012020
 502.5 0.0012180
 505.0 0.0013000
 507.5 0.0013210
 510.0 0.0013150
 512.5 0.0012820
 515.0 0.0012300
 517.5 0.0012060
 520.0 0.0012500
 522.5 0.0013120
 525.0 0.0013280
 527.5 0.0013960
 530.0 0.0015210
 532.5 0.0015790
 535.0 0.0016470
 537.5 0.0016490
 540.0 0.0015860
 542.5 0.0016160
 545.0 0.0016690
 547.5 0.0016630
 550.0 0.0016690
 552.5 0.0017300
 555.0 0.0017950
 557.5 0.0017900
 560.0 0.0017800
 562.5 0.0017830
 565.0 0.0017700
 567.5 0.0017830
 570.0 0.0017800
 572.5 0.0018470
 575.0 0.0018810
 577.5 0.0018720
 580.0 0.0019200
 582.5 0.0020080
 585.0 0.0020080
 587.5 0.0019160
 590.0 0.0018740
 592.5 0.0019730
 595.0 0.0020440
 597.5 0.0020490
 600.0 0.0020140
 602.5 0.0020320
 605.0 0.0020930
 607.5 0.0020870
 610.0 0.0020360
 612.5 0.0019920
 615.0 0.0019530
 617.5 0.0019640
 620.0 0.0019750
 622.5 0.0019320
 625.0 0.0019590
 627.5 0.0020030
 630.0 0.0019550
 632.5 0.0019440
 635.0 0.0019640
 637.5 0.0020010
 640.0 0.0020250
 642.5 0.0020460
 645.0 0.0020660
 647.5 0.0020440
 650.0 0.0019730
 652.5 0.0020080
 655.0 0.0020420
 657.5 0.0020510
 660.0 0.0020740
 662.5 0.0021180
 665.0 0.0021360
 667.5 0.0021340
 670.0 0.0021640
 672.5 0.0021660
 675.0 0.0021520
 677.5 0.0021640
 680.0 0.0021700
 682.5 0.0021720
 685.0 0.0021640
 687.5 0.0021800
 690.0 0.0022080
 692.5 0.0021520
 695.0 0.0020530
 697.5 0.0020030
 700.0 0.0019840
 702.5 0.0019920
 705.0 0.0020360
 707.5 0.0020040
 710.0 0.0019300
 712.5 0.0018900
 715.0 0.0019160
 717.5 0.0019070
 720.0 0.0018860
 722.5 0.0019300
 725.0 0.0019460
 727.5 0.0019020
 730.0 0.0018790
 732.5 0.0018860
 735.0 0.0018740

