# nm  Flux(W/m2/m) for star HR 8479 from file: table5.dat
 320.0 0.0000117
 322.5 0.0000131
 325.0 0.0000160
 327.5 0.0000197
 330.0 0.0000227
 332.5 0.0000239
 335.0 0.0000239
 337.5 0.0000243
 340.0 0.0000255
 342.5 0.0000267
 345.0 0.0000276
 347.5 0.0000283
 350.0 0.0000293
 352.5 0.0000296
 355.0 0.0000291
 357.5 0.0000288
 360.0 0.0000314
 362.5 0.0000373
 365.0 0.0000445
 367.5 0.0000485
 370.0 0.0000479
 372.5 0.0000445
 375.0 0.0000416
 377.5 0.0000397
 380.0 0.0000369
 382.5 0.0000339
 385.0 0.0000331
 387.5 0.0000350
 390.0 0.0000381
 392.5 0.0000409
 395.0 0.0000472
 397.5 0.0000594
 400.0 0.0000750
 402.5 0.0000880
 405.0 0.0000956
 407.5 0.0000984
 410.0 0.0000985
 412.5 0.0000966
 415.0 0.0000946
 417.5 0.0000952
 420.0 0.0000997
 422.5 0.0001059
 425.0 0.0001106
 427.5 0.0001139
 430.0 0.0001190
 432.5 0.0001280
 435.0 0.0001379
 437.5 0.0001455
 440.0 0.0001509
 442.5 0.0001578
 445.0 0.0001672
 447.5 0.0001775
 450.0 0.0001857
 452.5 0.0001911
 455.0 0.0001953
 457.5 0.0002006
 460.0 0.0002059
 462.5 0.0002095
 465.0 0.0002107
 467.5 0.0002113
 470.0 0.0002128
 472.5 0.0002160
 475.0 0.0002202
 477.5 0.0002247
 480.0 0.0002276
 482.5 0.0002282
 485.0 0.0002266
 487.5 0.0002251
 490.0 0.0002266
 492.5 0.0002297
 495.0 0.0002323
 497.5 0.0002316
 500.0 0.0002304
 502.5 0.0002299
 505.0 0.0002301
 507.5 0.0002301
 510.0 0.0002291
 512.5 0.0002253
 515.0 0.0002200
 517.5 0.0002186
 520.0 0.0002212
 522.5 0.0002289
 525.0 0.0002364
 527.5 0.0002450
 530.0 0.0002510
 532.5 0.0002582
 535.0 0.0002638
 537.5 0.0002618
 540.0 0.0002633
 542.5 0.0002642
 545.0 0.0002647
 547.5 0.0002657
 550.0 0.0002694
 552.5 0.0002706
 555.0 0.0002726
 557.5 0.0002739
 560.0 0.0002739
 562.5 0.0002747
 565.0 0.0002716
 567.5 0.0002701
 570.0 0.0002744
 572.5 0.0002747
 575.0 0.0002785
 577.5 0.0002821
 580.0 0.0002818
 582.5 0.0002858
 585.0 0.0002834
 587.5 0.0002813
 590.0 0.0002829
 592.5 0.0002850
 595.0 0.0002879
 597.5 0.0002897
 600.0 0.0002892
 602.5 0.0002911
 605.0 0.0002932
 607.5 0.0002932
 610.0 0.0002900
 612.5 0.0002860
 615.0 0.0002837
 617.5 0.0002805
 620.0 0.0002785
 622.5 0.0002754
 625.0 0.0002737
 627.5 0.0002742
 630.0 0.0002749
 632.5 0.0002790
 635.0 0.0002800
 637.5 0.0002813
 640.0 0.0002813
 642.5 0.0002811
 645.0 0.0002803
 647.5 0.0002813
 650.0 0.0002808
 652.5 0.0002871
 655.0 0.0002943
 657.5 0.0002976
 660.0 0.0003009
 662.5 0.0003031
 665.0 0.0003017
 667.5 0.0003026
 670.0 0.0003003
 672.5 0.0002979
 675.0 0.0002951
 677.5 0.0002932
 680.0 0.0002905
 682.5 0.0002889
 685.0 0.0002868
 687.5 0.0002860
 690.0 0.0002844
 692.5 0.0002798
 695.0 0.0002747
 697.5 0.0002694
 700.0 0.0002657
 702.5 0.0002647
 705.0 0.0002609
 707.5 0.0002592
 710.0 0.0002547
 712.5 0.0002507
 715.0 0.0002475
 717.5 0.0002466
 720.0 0.0002457
 722.5 0.0002473
 725.0 0.0002473
 727.5 0.0002489
 730.0 0.0002457
 732.5 0.0002450
 735.0 0.0002423
 737.5 0.0002448
 740.0 0.0002450
 742.5 0.0002432
 745.0 0.0002368
 747.5 0.0002441
 750.0 0.0002432
 752.5 0.0002455
 755.0 0.0002403
 757.5 0.0002405
 760.0 0.0002446
 762.5 0.0002487
 765.0 0.0002542
 767.5 0.0002414
 770.0 0.0002439
 772.5 0.0002379
 775.0 0.0002428
 777.5 0.0002489
 780.0 0.0002512
 782.5 0.0002452
 785.0 0.0002410
 787.5 0.0002329
 790.0 0.0002312
 792.5 0.0002316
 795.0 0.0002253
 797.5 0.0002257
 800.0 0.0002308
 802.5 0.0002306
 805.0 0.0002198
 807.5 0.0002202
 810.0 0.0002152
 812.5 0.0002202
 815.0 0.0002116
 817.5 0.0002176
 820.0 0.0002210
 822.5 0.0002194
 825.0 0.0002222
 827.5 0.0002239
 830.0 0.0002140
 832.5 0.0002174
 835.0 0.0002120
 837.5 0.0002136
 840.0 0.0002148
 842.5 0.0002158
 845.0 0.0002170
 847.5 0.0002128
 850.0 0.0002142
 852.5 0.0002118
 855.0 0.0002144
 857.5 0.0002194
 860.0 0.0002194
 862.5 0.0002264
 865.0 0.0002114
 867.5 0.0002126
 870.0 0.0002122
 872.5 0.0002126
 875.0 0.0002150
 877.5 0.0002136
 880.0 0.0002160
 882.5 0.0002186
 885.0 0.0002194
 887.5 0.0002166
 890.0 0.0002107
 892.5 0.0002057
 895.0 0.0002046
 897.5 0.0002006
 900.0 0.0002085
 902.5 0.0002016
 905.0 0.0002034
 907.5 0.0001990
 910.0 0.0001930
 912.5 0.0001900
 915.0 0.0001909
 917.5 0.0001783
 920.0 0.0001833
 922.5 0.0001770
 925.0 0.0001806
 927.5 0.0001720
 930.0 0.0001762
 932.5 0.0001891
 935.0 0.0001757
 937.5 0.0001762
 940.0 0.0001738
 942.5 0.0001743
 945.0 0.0001711
 947.5 0.0001815
 950.0 0.0001891
 952.5 0.0001818
 955.0 0.0001845
 957.5 0.0001825
 960.0 0.0001831
 962.5 0.0001803
 965.0 0.0001791
 967.5 0.0001780
 970.0 0.0001813
 972.5 0.0001741
 975.0 0.0001783
 977.5 0.0001764
 980.0 0.0001888
 982.5 0.0001791
 985.0 0.0001885
 987.5 0.0001902
 990.0 0.0001830
 992.5 0.0001890
 995.0 0.0001999
 997.5 0.0001952
1000.0 0.0001864
1002.5 0.0001859
1005.0 0.0001907
1007.5 0.0001852
1010.0 0.0001842
1012.5 0.0001888
1015.0 0.0001796
1017.5 0.0001864
1020.0 0.0001842
1022.5 0.0001798
1025.0 0.0001867
1027.5 0.0001869
1030.0 0.0001862
1032.5 0.0001876
1035.0 0.0001835
1037.5 0.0001808
1040.0 0.0001768
1042.5 0.0001845
1045.0 0.0001883
1047.5 0.0001821
1050.0 0.0001773
1052.5 0.0001785
1055.0 0.0001795
1057.5 0.0001811
1060.0 0.0001826
1062.5 0.0001738
1065.0 0.0001855
1067.5 0.0001857
1070.0 0.0001767
1072.5 0.0001770
1075.0 0.0001848
1077.5 0.0001675
1080.0 0.0001692

# nm  Flux(W/m2/m) for star HR 8479 from file: table6.dat
 320.0 0.0000123
 322.5 0.0000108
 325.0 0.0000143
 327.5 0.0000208
 330.0 0.0000253
 332.5 0.0000250
 335.0 0.0000227
 337.5 0.0000227
 340.0 0.0000262
 342.5 0.0000277
 345.0 0.0000275
 347.5 0.0000274
 350.0 0.0000293
 352.5 0.0000315
 355.0 0.0000302
 357.5 0.0000256
 360.0 0.0000276
 362.5 0.0000354
 365.0 0.0000472
 367.5 0.0000542
 370.0 0.0000516
 372.5 0.0000411
 375.0 0.0000381
 377.5 0.0000434
 380.0 0.0000394
 382.5 0.0000306
 385.0 0.0000283
 387.5 0.0000344
 390.0 0.0000430
 392.5 0.0000387
 395.0 0.0000389
 397.5 0.0000538
 400.0 0.0000805
 402.5 0.0000954
 405.0 0.0000963
 407.5 0.0000986
 410.0 0.0001026
 412.5 0.0000972
 415.0 0.0000913
 417.5 0.0000915
 420.0 0.0000980
 422.5 0.0001072
 425.0 0.0001153
 427.5 0.0001138
 430.0 0.0001094
 432.5 0.0001268
 435.0 0.0001460
 437.5 0.0001467
 440.0 0.0001470
 442.5 0.0001566
 445.0 0.0001650
 447.5 0.0001795
 450.0 0.0001909
 452.5 0.0001905
 455.0 0.0001932
 457.5 0.0001997
 460.0 0.0002074
 462.5 0.0002142
 465.0 0.0002101
 467.5 0.0002091
 470.0 0.0002116
 472.5 0.0002158
 475.0 0.0002200
 477.5 0.0002245
 480.0 0.0002299
 482.5 0.0002325
 485.0 0.0002253
 487.5 0.0002208
 490.0 0.0002259
 492.5 0.0002293
 495.0 0.0002359
 497.5 0.0002351
 500.0 0.0002270
 502.5 0.0002247
 505.0 0.0002333
 507.5 0.0002340
 510.0 0.0002316
 512.5 0.0002268
 515.0 0.0002176
 517.5 0.0002107
 520.0 0.0002218
 522.5 0.0002331
 525.0 0.0002344
 527.5 0.0002410
 530.0 0.0002561
 532.5 0.0002613
 535.0 0.0002662
 537.5 0.0002674
 540.0 0.0002613
 542.5 0.0002613
 545.0 0.0002667
 547.5 0.0002696
 550.0 0.0002699
 552.5 0.0002729
 555.0 0.0002772
 557.5 0.0002772
 560.0 0.0002757
 562.5 0.0002747
 565.0 0.0002709
 567.5 0.0002709
 570.0 0.0002709
 572.5 0.0002777
 575.0 0.0002808
 577.5 0.0002803
 580.0 0.0002826
 582.5 0.0002887
 585.0 0.0002895
 587.5 0.0002821
 590.0 0.0002782
 592.5 0.0002879
 595.0 0.0002930
 597.5 0.0002908
 600.0 0.0002876
 602.5 0.0002924
 605.0 0.0002979
 607.5 0.0002951
 610.0 0.0002889
 612.5 0.0002868
 615.0 0.0002842
 617.5 0.0002850
 620.0 0.0002842
 622.5 0.0002785
 625.0 0.0002737
 627.5 0.0002739
 630.0 0.0002759
 632.5 0.0002795
 635.0 0.0002826
 637.5 0.0002844
 640.0 0.0002816
 642.5 0.0002803
 645.0 0.0002795
 647.5 0.0002829
 650.0 0.0002780
 652.5 0.0002873
 655.0 0.0003012
 657.5 0.0003031
 660.0 0.0003062
 662.5 0.0003099
 665.0 0.0003079
 667.5 0.0003054
 670.0 0.0003039
 672.5 0.0003054
 675.0 0.0002998
 677.5 0.0002938
 680.0 0.0002935
 682.5 0.0002935
 685.0 0.0002905
 687.5 0.0002876
 690.0 0.0002881
 692.5 0.0002850
 695.0 0.0002780
 697.5 0.0002669
 700.0 0.0002635
 702.5 0.0002640
 705.0 0.0002642
 707.5 0.0002621
 710.0 0.0002526
 712.5 0.0002493
 715.0 0.0002482
 717.5 0.0002462
 720.0 0.0002446
 722.5 0.0002462
 725.0 0.0002489
 727.5 0.0002514
 730.0 0.0002487
 732.5 0.0002421
 735.0 0.0002397

