# nm  Flux(W/m2/m) for star HR 8494 from file: table5.dat
 320.0 0.0004300
 322.5 0.0004400
 325.0 0.0004560
 327.5 0.0004700
 330.0 0.0004790
 332.5 0.0004820
 335.0 0.0004840
 337.5 0.0004880
 340.0 0.0004940
 342.5 0.0004990
 345.0 0.0005020
 347.5 0.0005050
 350.0 0.0005100
 352.5 0.0005120
 355.0 0.0005120
 357.5 0.0005130
 360.0 0.0005190
 362.5 0.0005290
 365.0 0.0005390
 367.5 0.0005500
 370.0 0.0005680
 372.5 0.0006000
 375.0 0.0006460
 377.5 0.0006920
 380.0 0.0007360
 382.5 0.0007690
 385.0 0.0007980
 387.5 0.0008130
 390.0 0.0008210
 392.5 0.0008260
 395.0 0.0008580
 397.5 0.0009230
 400.0 0.0009960
 402.5 0.0010320
 405.0 0.0010170
 407.5 0.0009880
 410.0 0.0009940
 412.5 0.0010320
 415.0 0.0010700
 417.5 0.0010830
 420.0 0.0010810
 422.5 0.0010710
 425.0 0.0010460
 427.5 0.0010000
 430.0 0.0009520
 432.5 0.0009330
 435.0 0.0009570
 437.5 0.0009990
 440.0 0.0010320
 442.5 0.0010430
 445.0 0.0010450
 447.5 0.0010450
 450.0 0.0010400
 452.5 0.0010330
 455.0 0.0010230
 457.5 0.0010160
 460.0 0.0010080
 462.5 0.0010010
 465.0 0.0009930
 467.5 0.0009840
 470.0 0.0009740
 472.5 0.0009620
 475.0 0.0009450
 477.5 0.0009170
 480.0 0.0008710
 482.5 0.0008210
 485.0 0.0007940
 487.5 0.0008040
 490.0 0.0008340
 492.5 0.0008600
 495.0 0.0008690
 497.5 0.0008680
 500.0 0.0008650
 502.5 0.0008610
 505.0 0.0008570
 507.5 0.0008500
 510.0 0.0008420
 512.5 0.0008340
 515.0 0.0008260
 517.5 0.0008130
 520.0 0.0008040
 522.5 0.0008000
 525.0 0.0007940
 527.5 0.0007980
 530.0 0.0007980
 532.5 0.0007940
 535.0 0.0007860
 537.5 0.0007820
 540.0 0.0007730
 542.5 0.0007630
 545.0 0.0007600
 547.5 0.0007540
 550.0 0.0007560
 552.5 0.0007450
 555.0 0.0007340
 557.5 0.0007280
 560.0 0.0007210
 562.5 0.0007160
 565.0 0.0007110
 567.5 0.0007070
 570.0 0.0007010
 572.5 0.0006970
 575.0 0.0006940
 577.5 0.0006920
 580.0 0.0006890
 582.5 0.0006800
 585.0 0.0006750
 587.5 0.0006700
 590.0 0.0006650
 592.5 0.0006580
 595.0 0.0006560
 597.5 0.0006500
 600.0 0.0006430
 602.5 0.0006390
 605.0 0.0006340
 607.5 0.0006300
 610.0 0.0006180
 612.5 0.0006120
 615.0 0.0006090
 617.5 0.0006010
 620.0 0.0005980
 622.5 0.0005900
 625.0 0.0005850
 627.5 0.0005850
 630.0 0.0005730
 632.5 0.0005710
 635.0 0.0005670
 637.5 0.0005630
 640.0 0.0005600
 642.5 0.0005550
 645.0 0.0005430
 647.5 0.0005240
 650.0 0.0004960
 652.5 0.0004710
 655.0 0.0004640
 657.5 0.0004730
 660.0 0.0004890
 662.5 0.0005090
 665.0 0.0005170
 667.5 0.0005180
 670.0 0.0005160
 672.5 0.0005120
 675.0 0.0005110
 677.5 0.0005080
 680.0 0.0005030
 682.5 0.0004990
 685.0 0.0004930
 687.5 0.0004870
 690.0 0.0004840
 692.5 0.0004800
 695.0 0.0004770
 697.5 0.0004730
 700.0 0.0004680
 702.5 0.0004610
 705.0 0.0004560
 707.5 0.0004510
 710.0 0.0004450
 712.5 0.0004380
 715.0 0.0004330
 717.5 0.0004270
 720.0 0.0004230
 722.5 0.0004210
 725.0 0.0004210
 727.5 0.0004180
 730.0 0.0004160
 732.5 0.0004130
 735.0 0.0004090
 737.5 0.0004050
 740.0 0.0003910
 742.5 0.0003900
 745.0 0.0003870
 747.5 0.0003820
 750.0 0.0003820
 752.5 0.0003770
 755.0 0.0003740
 757.5 0.0003740
 760.0 0.0003780
 762.5 0.0003760
 765.0 0.0003680
 767.5 0.0003630
 770.0 0.0003670
 772.5 0.0003660
 775.0 0.0003570
 777.5 0.0003560
 780.0 0.0003540
 782.5 0.0003560
 785.0 0.0003510
 787.5 0.0003490
 790.0 0.0003440
 792.5 0.0003430
 795.0 0.0003390
 797.5 0.0003350
 800.0 0.0003370
 802.5 0.0003340
 805.0 0.0003310
 807.5 0.0003310
 810.0 0.0003200
 812.5 0.0003140
 815.0 0.0003120
 817.5 0.0003120
 820.0 0.0003080
 822.5 0.0003080
 825.0 0.0003080
 827.5 0.0003090
 830.0 0.0003080
 832.5 0.0003060
 835.0 0.0003030
 837.5 0.0003020
 840.0 0.0003060
 842.5 0.0003060
 845.0 0.0003030
 847.5 0.0003030
 850.0 0.0002960
 852.5 0.0002940
 855.0 0.0002910
 857.5 0.0002870
 860.0 0.0002900
 862.5 0.0002920
 865.0 0.0002880
 867.5 0.0002800
 870.0 0.0002870
 872.5 0.0002880
 875.0 0.0002850
 877.5 0.0002830
 880.0 0.0002820
 882.5 0.0002760
 885.0 0.0002720
 887.5 0.0002680
 890.0 0.0002650
 892.5 0.0002640
 895.0 0.0002580
 897.5 0.0002500
 900.0 0.0002450
 902.5 0.0002420
 905.0 0.0002410
 907.5 0.0002450
 910.0 0.0002460
 912.5 0.0002460
 915.0 0.0002440
 917.5 0.0002380
 920.0 0.0002290
 922.5 0.0002260
 925.0 0.0002300
 927.5 0.0002360
 930.0 0.0002400
 932.5 0.0002410
 935.0 0.0002440
 937.5 0.0002430
 940.0 0.0002400
 942.5 0.0002360
 945.0 0.0002320
 947.5 0.0002340
 950.0 0.0002260
 952.5 0.0002190
 955.0 0.0002130
 957.5 0.0002150
 960.0 0.0002210
 962.5 0.0002200
 965.0 0.0002150
 967.5 0.0002170
 970.0 0.0002170
 972.5 0.0002160
 975.0 0.0002140
 977.5 0.0002180
 980.0 0.0002160
 982.5 0.0002170
 985.0 0.0002150
 987.5 0.0002160
 990.0 0.0002150
 992.5 0.0002120
 995.0 0.0002110
 997.5 0.0002090
1000.0 0.0002020
1002.5 0.0001960
1005.0 0.0001960
1007.5 0.0001970
1010.0 0.0002000
1012.5 0.0002030
1015.0 0.0002060
1017.5 0.0002050
1020.0 0.0002060
1022.5 0.0002040
1025.0 0.0002040
1027.5 0.0002030
1030.0 0.0001980
1032.5 0.0002000
1035.0 0.0002000
1037.5 0.0001950
1040.0 0.0001950
1042.5 0.0001930
1045.0 0.0001960
1047.5 0.0001900
1050.0 0.0001890
1052.5 0.0001900
1055.0 0.0001880
1057.5 0.0001870
1060.0 0.0001870
1062.5 0.0001850
1065.0 0.0001850
1067.5 0.0001810
1070.0 0.0001770
1072.5 0.0001770
1075.0 0.0001790
1077.5 0.0001780
1080.0 0.0001780

# nm  Flux(W/m2/m) for star HR 8494 from file: table6.dat
 320.0 0.0004220
 322.5 0.0004330
 325.0 0.0004590
 327.5 0.0004770
 330.0 0.0004850
 332.5 0.0004830
 335.0 0.0004770
 337.5 0.0004880
 340.0 0.0004970
 342.5 0.0005010
 345.0 0.0005010
 347.5 0.0005030
 350.0 0.0005100
 352.5 0.0005200
 355.0 0.0005130
 357.5 0.0005060
 360.0 0.0005130
 362.5 0.0005310
 365.0 0.0005430
 367.5 0.0005470
 370.0 0.0005560
 372.5 0.0005810
 375.0 0.0006480
 377.5 0.0007070
 380.0 0.0007350
 382.5 0.0007630
 385.0 0.0008290
 387.5 0.0007940
 390.0 0.0008430
 392.5 0.0008240
 395.0 0.0007940
 397.5 0.0009000
 400.0 0.0010490
 402.5 0.0010940
 405.0 0.0010390
 407.5 0.0009250
 410.0 0.0009460
 412.5 0.0010570
 415.0 0.0011070
 417.5 0.0010820
 420.0 0.0010780
 422.5 0.0010770
 425.0 0.0010710
 427.5 0.0010220
 430.0 0.0009280
 432.5 0.0008630
 435.0 0.0009510
 437.5 0.0010280
 440.0 0.0010480
 442.5 0.0010450
 445.0 0.0010400
 447.5 0.0010520
 450.0 0.0010460
 452.5 0.0010300
 455.0 0.0010220
 457.5 0.0010140
 460.0 0.0010100
 462.5 0.0010040
 465.0 0.0009930
 467.5 0.0009840
 470.0 0.0009750
 472.5 0.0009640
 475.0 0.0009480
 477.5 0.0009340
 480.0 0.0008960
 482.5 0.0008000
 485.0 0.0007300
 487.5 0.0007980
 490.0 0.0008540
 492.5 0.0008720
 495.0 0.0008750
 497.5 0.0008660
 500.0 0.0008620
 502.5 0.0008630
 505.0 0.0008590
 507.5 0.0008520
 510.0 0.0008430
 512.5 0.0008250
 515.0 0.0008110
 517.5 0.0008050
 520.0 0.0008040
 522.5 0.0007990
 525.0 0.0007900
 527.5 0.0007980
 530.0 0.0007980
 532.5 0.0007910
 535.0 0.0007830
 537.5 0.0007730
 540.0 0.0007650
 542.5 0.0007610
 545.0 0.0007560
 547.5 0.0007520
 550.0 0.0007470
 552.5 0.0007430
 555.0 0.0007300
 557.5 0.0007150
 560.0 0.0007130
 562.5 0.0007090
 565.0 0.0006990
 567.5 0.0006940
 570.0 0.0006920
 572.5 0.0006910
 575.0 0.0006910
 577.5 0.0006890
 580.0 0.0006850
 582.5 0.0006770
 585.0 0.0006690
 587.5 0.0006640
 590.0 0.0006620
 592.5 0.0006560
 595.0 0.0006510
 597.5 0.0006460
 600.0 0.0006380
 602.5 0.0006360
 605.0 0.0006320
 607.5 0.0006220
 610.0 0.0006130
 612.5 0.0006080
 615.0 0.0006030
 617.5 0.0006010
 620.0 0.0005950
 622.5 0.0005880
 625.0 0.0005830
 627.5 0.0005790
 630.0 0.0005740
 632.5 0.0005700
 635.0 0.0005650
 637.5 0.0005630
 640.0 0.0005620
 642.5 0.0005560
 645.0 0.0005390
 647.5 0.0005110
 650.0 0.0004820
 652.5 0.0004450
 655.0 0.0004220
 657.5 0.0004640
 660.0 0.0005020
 662.5 0.0005170
 665.0 0.0005250
 667.5 0.0005210
 670.0 0.0005150
 672.5 0.0005130
 675.0 0.0005080
 677.5 0.0005100
 680.0 0.0005120
 682.5 0.0005040
 685.0 0.0004890
 687.5 0.0004920
 690.0 0.0004900
 692.5 0.0004840
 695.0 0.0004820
 697.5 0.0004790
 700.0 0.0004700
 702.5 0.0004680
 705.0 0.0004640
 707.5 0.0004550
 710.0 0.0004460
 712.5 0.0004400
 715.0 0.0004330
 717.5 0.0004300
 720.0 0.0004280
 722.5 0.0004210
 725.0 0.0004240
 727.5 0.0004230
 730.0 0.0004230
 732.5 0.0004220
 735.0 0.0004160

