# nm  Flux(W/m2/m) for star HR 8621 from file: table5.dat
 320.0 0.0000060
 322.5 0.0000060
 325.0 0.0000060
 327.5 0.0000070
 330.0 0.0000080
 332.5 0.0000080
 335.0 0.0000080
 337.5 0.0000080
 340.0 0.0000090
 342.5 0.0000100
 345.0 0.0000100
 347.5 0.0000110
 350.0 0.0000130
 352.5 0.0000140
 355.0 0.0000140
 357.5 0.0000140
 360.0 0.0000160
 362.5 0.0000190
 365.0 0.0000220
 367.5 0.0000230
 370.0 0.0000230
 372.5 0.0000220
 375.0 0.0000230
 377.5 0.0000250
 380.0 0.0000250
 382.5 0.0000260
 385.0 0.0000260
 387.5 0.0000270
 390.0 0.0000260
 392.5 0.0000260
 395.0 0.0000280
 397.5 0.0000340
 400.0 0.0000440
 402.5 0.0000540
 405.0 0.0000610
 407.5 0.0000670
 410.0 0.0000720
 412.5 0.0000760
 415.0 0.0000790
 417.5 0.0000800
 420.0 0.0000800
 422.5 0.0000790
 425.0 0.0000810
 427.5 0.0000870
 430.0 0.0000960
 432.5 0.0001080
 435.0 0.0001190
 437.5 0.0001270
 440.0 0.0001310
 442.5 0.0001360
 445.0 0.0001410
 447.5 0.0001490
 450.0 0.0001570
 452.5 0.0001650
 455.0 0.0001730
 457.5 0.0001790
 460.0 0.0001800
 462.5 0.0001780
 465.0 0.0001770
 467.5 0.0001830
 470.0 0.0001920
 472.5 0.0001980
 475.0 0.0001940
 477.5 0.0001830
 480.0 0.0001750
 482.5 0.0001750
 485.0 0.0001860
 487.5 0.0002090
 490.0 0.0002360
 492.5 0.0002510
 495.0 0.0002410
 497.5 0.0002170
 500.0 0.0002010
 502.5 0.0002080
 505.0 0.0002340
 507.5 0.0002660
 510.0 0.0003000
 512.5 0.0002960
 515.0 0.0002790
 517.5 0.0002560
 520.0 0.0002470
 522.5 0.0002640
 525.0 0.0002900
 527.5 0.0003210
 530.0 0.0003510
 532.5 0.0003730
 535.0 0.0003870
 537.5 0.0003960
 540.0 0.0003960
 542.5 0.0003770
 545.0 0.0003500
 547.5 0.0003310
 550.0 0.0003280
 552.5 0.0003360
 555.0 0.0003450
 557.5 0.0003370
 560.0 0.0003230
 562.5 0.0003140
 565.0 0.0003140
 567.5 0.0003310
 570.0 0.0003560
 572.5 0.0003770
 575.0 0.0003960
 577.5 0.0004060
 580.0 0.0004000
 582.5 0.0003760
 585.0 0.0003370
 587.5 0.0002980
 590.0 0.0002780
 592.5 0.0002800
 595.0 0.0003000
 597.5 0.0003300
 600.0 0.0003660
 602.5 0.0004040
 605.0 0.0004380
 607.5 0.0004660
 610.0 0.0004770
 612.5 0.0004540
 615.0 0.0004060
 617.5 0.0003420
 620.0 0.0002910
 622.5 0.0002740
 625.0 0.0002980
 627.5 0.0003420
 630.0 0.0003910
 632.5 0.0004410
 635.0 0.0004880
 637.5 0.0005270
 640.0 0.0005610
 642.5 0.0005850
 645.0 0.0006040
 647.5 0.0006180
 650.0 0.0006120
 652.5 0.0006190
 655.0 0.0006250
 657.5 0.0006120
 660.0 0.0005900
 662.5 0.0005560
 665.0 0.0005140
 667.5 0.0004770
 670.0 0.0004550
 672.5 0.0004460
 675.0 0.0004540
 677.5 0.0004760
 680.0 0.0004990
 682.5 0.0005370
 685.0 0.0005820
 687.5 0.0006360
 690.0 0.0006980
 692.5 0.0007680
 695.0 0.0008230
 697.5 0.0008800
 700.0 0.0008950
 702.5 0.0008550
 705.0 0.0007600
 707.5 0.0006300
 710.0 0.0005160
 712.5 0.0004580
 715.0 0.0004480
 717.5 0.0004720
 720.0 0.0005270
 722.5 0.0006040
 725.0 0.0006920
 727.5 0.0007860
 730.0 0.0008790
 732.5 0.0009700
 735.0 0.0010470
 737.5 0.0011250
 740.0 0.0012220
 742.5 0.0012350
 745.0 0.0012540
 747.5 0.0012820
 750.0 0.0013130
 752.5 0.0012850
 755.0 0.0012020
 757.5 0.0011550
 760.0 0.0010830
 762.5 0.0009950
 765.0 0.0009910
 767.5 0.0009530
 770.0 0.0008990
 772.5 0.0008890
 775.0 0.0009090
 777.5 0.0009260
 780.0 0.0009590
 782.5 0.0009960
 785.0 0.0010180
 787.5 0.0010390
 790.0 0.0010580
 792.5 0.0011010
 795.0 0.0011280
 797.5 0.0011690
 800.0 0.0012110
 802.5 0.0012330
 805.0 0.0012730
 807.5 0.0012850
 810.0 0.0012910
 812.5 0.0013130
 815.0 0.0013290
 817.5 0.0013380
 820.0 0.0013480
 822.5 0.0013460
 825.0 0.0013530
 827.5 0.0013560
 830.0 0.0013320
 832.5 0.0013160
 835.0 0.0013050
 837.5 0.0012780
 840.0 0.0012380
 842.5 0.0012110
 845.0 0.0011720
 847.5 0.0011430
 850.0 0.0011390
 852.5 0.0011610
 855.0 0.0012170
 857.5 0.0012660
 860.0 0.0012980
 862.5 0.0013380
 865.0 0.0013390
 867.5 0.0013590
 870.0 0.0014240
 872.5 0.0014520
 875.0 0.0014530
 877.5 0.0014530
 880.0 0.0014570
 882.5 0.0014410
 885.0 0.0014060
 887.5 0.0013790
 890.0 0.0013390
 892.5 0.0013010
 895.0 0.0013230
 897.5 0.0013390
 900.0 0.0013610
 902.5 0.0014000
 905.0 0.0013970
 907.5 0.0013890
 910.0 0.0013970
 912.5 0.0014010
 915.0 0.0013850
 917.5 0.0013740
 920.0 0.0013560
 922.5 0.0013170
 925.0 0.0013190
 927.5 0.0012990
 930.0 0.0012680
 932.5 0.0012910
 935.0 0.0013120
 937.5 0.0013180
 940.0 0.0013180
 942.5 0.0013040
 945.0 0.0013290
 947.5 0.0013880
 950.0 0.0014100
 952.5 0.0014300
 955.0 0.0014470
 957.5 0.0014370
 960.0 0.0014400
 962.5 0.0014340
 965.0 0.0014060
 967.5 0.0013970
 970.0 0.0013920
 972.5 0.0013870
 975.0 0.0014070
 977.5 0.0014260
 980.0 0.0014530
 982.5 0.0014660
 985.0 0.0014530
 987.5 0.0014450
 990.0 0.0014490
 992.5 0.0014360
 995.0 0.0014390
 997.5 0.0014520
1000.0 0.0014480
1002.5 0.0014450
1005.0 0.0014570
1007.5 0.0014780
1010.0 0.0014830
1012.5 0.0014970
1015.0 0.0014860
1017.5 0.0014790
1020.0 0.0014900
1022.5 0.0014860
1025.0 0.0014940
1027.5 0.0014890
1030.0 0.0014790
1032.5 0.0014760
1035.0 0.0014640
1037.5 0.0014720
1040.0 0.0014710
1042.5 0.0014910
1045.0 0.0015110
1047.5 0.0014970
1050.0 0.0015000
1052.5 0.0014860
1055.0 0.0014700
1057.5 0.0014870
1060.0 0.0014720
1062.5 0.0014630
1065.0 0.0014900
1067.5 0.0014860
1070.0 0.0014760
1072.5 0.0014890
1075.0 0.0014740
1077.5 0.0014340
1080.0 0.0014530

# nm  Flux(W/m2/m) for star HR 8621 from file: table6.dat
 320.0 0.0000051
 322.5 0.0000053
 325.0 0.0000062
 327.5 0.0000065
 330.0 0.0000075
 332.5 0.0000091
 335.0 0.0000081
 337.5 0.0000079
 340.0 0.0000088
 342.5 0.0000097
 345.0 0.0000104
 347.5 0.0000112
 350.0 0.0000124
 352.5 0.0000141
 355.0 0.0000152
 357.5 0.0000131
 360.0 0.0000138
 362.5 0.0000186
 365.0 0.0000240
 367.5 0.0000251
 370.0 0.0000228
 372.5 0.0000204
 375.0 0.0000217
 377.5 0.0000266
 380.0 0.0000266
 382.5 0.0000244
 385.0 0.0000255
 387.5 0.0000278
 390.0 0.0000285
 392.5 0.0000242
 395.0 0.0000228
 397.5 0.0000305
 400.0 0.0000463
 402.5 0.0000562
 405.0 0.0000616
 407.5 0.0000673
 410.0 0.0000724
 412.5 0.0000753
 415.0 0.0000809
 417.5 0.0000842
 420.0 0.0000802
 422.5 0.0000732
 425.0 0.0000799
 427.5 0.0000855
 430.0 0.0000915
 432.5 0.0001086
 435.0 0.0001250
 437.5 0.0001289
 440.0 0.0001304
 442.5 0.0001350
 445.0 0.0001380
 447.5 0.0001489
 450.0 0.0001594
 452.5 0.0001610
 455.0 0.0001736
 457.5 0.0001854
 460.0 0.0001838
 462.5 0.0001773
 465.0 0.0001692
 467.5 0.0001751
 470.0 0.0001961
 472.5 0.0002107
 475.0 0.0002029
 477.5 0.0001744
 480.0 0.0001683
 482.5 0.0001727
 485.0 0.0001772
 487.5 0.0001946
 490.0 0.0002399
 492.5 0.0002868
 495.0 0.0002621
 497.5 0.0001975
 500.0 0.0001768
 502.5 0.0001934
 505.0 0.0002344
 507.5 0.0002706
 510.0 0.0002992
 512.5 0.0003239
 515.0 0.0003056
 517.5 0.0002282
 520.0 0.0002111
 522.5 0.0002498
 525.0 0.0002767
 527.5 0.0003139
 530.0 0.0003525
 532.5 0.0003627
 535.0 0.0003805
 537.5 0.0003952
 540.0 0.0004059
 542.5 0.0004142
 545.0 0.0003588
 547.5 0.0003065
 550.0 0.0003054
 552.5 0.0003320
 555.0 0.0003574
 557.5 0.0003565
 560.0 0.0003269
 562.5 0.0002973
 565.0 0.0002984
 567.5 0.0003186
 570.0 0.0003464
 572.5 0.0003746
 575.0 0.0003941
 577.5 0.0004033
 580.0 0.0004192
 582.5 0.0004044
 585.0 0.0003538
 587.5 0.0002927
 590.0 0.0002556
 592.5 0.0002609
 595.0 0.0002800
 597.5 0.0003068
 600.0 0.0003436
 602.5 0.0003851
 605.0 0.0004227
 607.5 0.0004492
 610.0 0.0004791
 612.5 0.0005072
 615.0 0.0004605
 617.5 0.0003429
 620.0 0.0002777
 622.5 0.0002556
 625.0 0.0002667
 627.5 0.0003051
 630.0 0.0003651
 632.5 0.0004282
 635.0 0.0004677
 637.5 0.0005091
 640.0 0.0005511
 642.5 0.0005786
 645.0 0.0006172
 647.5 0.0006166
 650.0 0.0005921
 652.5 0.0006281
 655.0 0.0006595
 657.5 0.0006386
 660.0 0.0006281
 662.5 0.0005976
 665.0 0.0005336
 667.5 0.0004826
 670.0 0.0004558
 672.5 0.0004397
 675.0 0.0004463
 677.5 0.0004660
 680.0 0.0004929
 682.5 0.0005287
 685.0 0.0005686
 687.5 0.0006246
 690.0 0.0006931
 692.5 0.0007427
 695.0 0.0008046
 697.5 0.0008702
 700.0 0.0009264
 702.5 0.0009515
 705.0 0.0008402
 707.5 0.0006310
 710.0 0.0004966
 712.5 0.0004345
 715.0 0.0004081
 717.5 0.0004446
 720.0 0.0004804
 722.5 0.0005480
 725.0 0.0006457
 727.5 0.0007345
 730.0 0.0008241
 732.5 0.0009154
 735.0 0.0009927

