# nm  Flux(W/m2/m) for star HR 8684 from file: table5.dat
 320.0 0.0001970
 322.5 0.0002120
 325.0 0.0002390
 327.5 0.0002690
 330.0 0.0002890
 332.5 0.0002890
 335.0 0.0002830
 337.5 0.0002860
 340.0 0.0002990
 342.5 0.0003100
 345.0 0.0003170
 347.5 0.0003240
 350.0 0.0003350
 352.5 0.0003380
 355.0 0.0003310
 357.5 0.0003270
 360.0 0.0003500
 362.5 0.0003990
 365.0 0.0004550
 367.5 0.0004870
 370.0 0.0004860
 372.5 0.0004630
 375.0 0.0004350
 377.5 0.0004070
 380.0 0.0003710
 382.5 0.0003360
 385.0 0.0003270
 387.5 0.0003490
 390.0 0.0003790
 392.5 0.0004040
 395.0 0.0004510
 397.5 0.0005360
 400.0 0.0006430
 402.5 0.0007300
 405.0 0.0007820
 407.5 0.0008090
 410.0 0.0008190
 412.5 0.0008160
 415.0 0.0008070
 417.5 0.0008080
 420.0 0.0008260
 422.5 0.0008480
 425.0 0.0008590
 427.5 0.0008630
 430.0 0.0008810
 432.5 0.0009220
 435.0 0.0009700
 437.5 0.0010090
 440.0 0.0010430
 442.5 0.0010830
 445.0 0.0011310
 447.5 0.0011790
 450.0 0.0012160
 452.5 0.0012370
 455.0 0.0012510
 457.5 0.0012670
 460.0 0.0012850
 462.5 0.0012950
 465.0 0.0012930
 467.5 0.0012910
 470.0 0.0012980
 472.5 0.0013160
 475.0 0.0013420
 477.5 0.0013610
 480.0 0.0013700
 482.5 0.0013610
 485.0 0.0013450
 487.5 0.0013370
 490.0 0.0013430
 492.5 0.0013550
 495.0 0.0013610
 497.5 0.0013560
 500.0 0.0013500
 502.5 0.0013530
 505.0 0.0013610
 507.5 0.0013680
 510.0 0.0013660
 512.5 0.0013430
 515.0 0.0013280
 517.5 0.0013260
 520.0 0.0013320
 522.5 0.0013550
 525.0 0.0013790
 527.5 0.0014030
 530.0 0.0014320
 532.5 0.0014560
 535.0 0.0014640
 537.5 0.0014630
 540.0 0.0014520
 542.5 0.0014480
 545.0 0.0014520
 547.5 0.0014570
 550.0 0.0014590
 552.5 0.0014570
 555.0 0.0014560
 557.5 0.0014510
 560.0 0.0014450
 562.5 0.0014410
 565.0 0.0014390
 567.5 0.0014430
 570.0 0.0014490
 572.5 0.0014550
 575.0 0.0014630
 577.5 0.0014680
 580.0 0.0014720
 582.5 0.0014750
 585.0 0.0014640
 587.5 0.0014570
 590.0 0.0014550
 592.5 0.0014670
 595.0 0.0014750
 597.5 0.0014750
 600.0 0.0014700
 602.5 0.0014670
 605.0 0.0014640
 607.5 0.0014550
 610.0 0.0014360
 612.5 0.0014190
 615.0 0.0014090
 617.5 0.0014020
 620.0 0.0013980
 622.5 0.0013970
 625.0 0.0013980
 627.5 0.0013930
 630.0 0.0013920
 632.5 0.0013940
 635.0 0.0013920
 637.5 0.0013940
 640.0 0.0013940
 642.5 0.0013940
 645.0 0.0013870
 647.5 0.0013720
 650.0 0.0013480
 652.5 0.0013430
 655.0 0.0013500
 657.5 0.0013560
 660.0 0.0013650
 662.5 0.0013750
 665.0 0.0013790
 667.5 0.0013800
 670.0 0.0013790
 672.5 0.0013700
 675.0 0.0013640
 677.5 0.0013560
 680.0 0.0013480
 682.5 0.0013370
 685.0 0.0013280
 687.5 0.0013230
 690.0 0.0013170
 692.5 0.0013090
 695.0 0.0012930
 697.5 0.0012780
 700.0 0.0012650
 702.5 0.0012520
 705.0 0.0012460
 707.5 0.0012390
 710.0 0.0012350
 712.5 0.0012210
 715.0 0.0012090
 717.5 0.0011870
 720.0 0.0011670
 722.5 0.0011580
 725.0 0.0011510
 727.5 0.0011470
 730.0 0.0011400
 732.5 0.0011410
 735.0 0.0011360
 737.5 0.0011290
 740.0 0.0011390
 742.5 0.0011390
 745.0 0.0011300
 747.5 0.0011300
 750.0 0.0011370
 752.5 0.0011400
 755.0 0.0011320
 757.5 0.0011260
 760.0 0.0011280
 762.5 0.0011300
 765.0 0.0011440
 767.5 0.0011430
 770.0 0.0011380
 772.5 0.0011380
 775.0 0.0011200
 777.5 0.0011170
 780.0 0.0011220
 782.5 0.0011100
 785.0 0.0011020
 787.5 0.0010850
 790.0 0.0010620
 792.5 0.0010540
 795.0 0.0010510
 797.5 0.0010570
 800.0 0.0010590
 802.5 0.0010460
 805.0 0.0010350
 807.5 0.0010290
 810.0 0.0010140
 812.5 0.0010100
 815.0 0.0010060
 817.5 0.0009970
 820.0 0.0010050
 822.5 0.0009950
 825.0 0.0010080
 827.5 0.0010130
 830.0 0.0010060
 832.5 0.0009990
 835.0 0.0010000
 837.5 0.0009970
 840.0 0.0010010
 842.5 0.0010020
 845.0 0.0009970
 847.5 0.0009890
 850.0 0.0009680
 852.5 0.0009610
 855.0 0.0009660
 857.5 0.0009820
 860.0 0.0009860
 862.5 0.0009900
 865.0 0.0009710
 867.5 0.0009610
 870.0 0.0009830
 872.5 0.0009780
 875.0 0.0009570
 877.5 0.0009560
 880.0 0.0009630
 882.5 0.0009640
 885.0 0.0009490
 887.5 0.0009460
 890.0 0.0009410
 892.5 0.0009090
 895.0 0.0008830
 897.5 0.0008950
 900.0 0.0009020
 902.5 0.0008980
 905.0 0.0008930
 907.5 0.0008630
 910.0 0.0008460
 912.5 0.0008310
 915.0 0.0008400
 917.5 0.0008480
 920.0 0.0008700
 922.5 0.0008570
 925.0 0.0008370
 927.5 0.0008240
 930.0 0.0008060
 932.5 0.0007790
 935.0 0.0008300
 937.5 0.0008390
 940.0 0.0008300
 942.5 0.0008090
 945.0 0.0007830
 947.5 0.0007830
 950.0 0.0007830
 952.5 0.0007770
 955.0 0.0007700
 957.5 0.0007720
 960.0 0.0007550
 962.5 0.0007680
 965.0 0.0007590
 967.5 0.0007680
 970.0 0.0007640
 972.5 0.0007540
 975.0 0.0007490
 977.5 0.0007680
 980.0 0.0007780
 982.5 0.0007780
 985.0 0.0007820
 987.5 0.0007800
 990.0 0.0007790
 992.5 0.0007760
 995.0 0.0007810
 997.5 0.0007860
1000.0 0.0007860
1002.5 0.0007770
1005.0 0.0007770
1007.5 0.0007700
1010.0 0.0007590
1012.5 0.0007630
1015.0 0.0007610
1017.5 0.0007620
1020.0 0.0007680
1022.5 0.0007630
1025.0 0.0007580
1027.5 0.0007500
1030.0 0.0007510
1032.5 0.0007450
1035.0 0.0007430
1037.5 0.0007430
1040.0 0.0007470
1042.5 0.0007500
1045.0 0.0007620
1047.5 0.0007470
1050.0 0.0007460
1052.5 0.0007370
1055.0 0.0007450
1057.5 0.0007370
1060.0 0.0007340
1062.5 0.0007320
1065.0 0.0007330
1067.5 0.0007420
1070.0 0.0007340
1072.5 0.0007240
1075.0 0.0007110
1077.5 0.0007070
1080.0 0.0007080

# nm  Flux(W/m2/m) for star HR 8684 from file: table6.dat
 320.0 0.0002160
 322.5 0.0001720
 325.0 0.0002350
 327.5 0.0002890
 330.0 0.0003080
 332.5 0.0002970
 335.0 0.0002700
 337.5 0.0002630
 340.0 0.0003140
 342.5 0.0003210
 345.0 0.0003090
 347.5 0.0003160
 350.0 0.0003350
 352.5 0.0003610
 355.0 0.0003440
 357.5 0.0002820
 360.0 0.0003220
 362.5 0.0004010
 365.0 0.0004720
 367.5 0.0005160
 370.0 0.0005210
 372.5 0.0004500
 375.0 0.0004070
 377.5 0.0004410
 380.0 0.0003870
 382.5 0.0003030
 385.0 0.0002780
 387.5 0.0003470
 390.0 0.0004270
 392.5 0.0003860
 395.0 0.0003870
 397.5 0.0005060
 400.0 0.0006900
 402.5 0.0007680
 405.0 0.0007820
 407.5 0.0008140
 410.0 0.0008430
 412.5 0.0008220
 415.0 0.0007930
 417.5 0.0007900
 420.0 0.0008170
 422.5 0.0008610
 425.0 0.0008880
 427.5 0.0008470
 430.0 0.0008320
 432.5 0.0009260
 435.0 0.0010010
 437.5 0.0010060
 440.0 0.0010290
 442.5 0.0010830
 445.0 0.0011240
 447.5 0.0011900
 450.0 0.0012350
 452.5 0.0012440
 455.0 0.0012410
 457.5 0.0012610
 460.0 0.0012880
 462.5 0.0013210
 465.0 0.0012920
 467.5 0.0012710
 470.0 0.0012890
 472.5 0.0013160
 475.0 0.0013400
 477.5 0.0013680
 480.0 0.0013890
 482.5 0.0013780
 485.0 0.0013280
 487.5 0.0013160
 490.0 0.0013420
 492.5 0.0013600
 495.0 0.0013830
 497.5 0.0013560
 500.0 0.0013330
 502.5 0.0013480
 505.0 0.0013640
 507.5 0.0013780
 510.0 0.0013750
 512.5 0.0013480
 515.0 0.0013150
 517.5 0.0012950
 520.0 0.0013340
 522.5 0.0013510
 525.0 0.0013690
 527.5 0.0013970
 530.0 0.0014430
 532.5 0.0014590
 535.0 0.0014720
 537.5 0.0014740
 540.0 0.0014280
 542.5 0.0014260
 545.0 0.0014560
 547.5 0.0014550
 550.0 0.0014620
 552.5 0.0014660
 555.0 0.0014660
 557.5 0.0014560
 560.0 0.0014410
 562.5 0.0014430
 565.0 0.0014470
 567.5 0.0014470
 570.0 0.0014410
 572.5 0.0014590
 575.0 0.0014640
 577.5 0.0014670
 580.0 0.0014710
 582.5 0.0014870
 585.0 0.0014830
 587.5 0.0014600
 590.0 0.0014220
 592.5 0.0014940
 595.0 0.0014900
 597.5 0.0014780
 600.0 0.0014620
 602.5 0.0014620
 605.0 0.0014700
 607.5 0.0014670
 610.0 0.0014370
 612.5 0.0014200
 615.0 0.0014050
 617.5 0.0013940
 620.0 0.0014020
 622.5 0.0013890
 625.0 0.0013740
 627.5 0.0013850
 630.0 0.0013890
 632.5 0.0013970
 635.0 0.0013930
 637.5 0.0013920
 640.0 0.0013940
 642.5 0.0014020
 645.0 0.0014090
 647.5 0.0013690
 650.0 0.0013340
 652.5 0.0013460
 655.0 0.0013660
 657.5 0.0013600
 660.0 0.0013780
 662.5 0.0013910
 665.0 0.0013960
 667.5 0.0014000
 670.0 0.0013840
 672.5 0.0013780
 675.0 0.0013600
 677.5 0.0013530
 680.0 0.0013530
 682.5 0.0013440
 685.0 0.0013350
 687.5 0.0013300
 690.0 0.0013220
 692.5 0.0013150
 695.0 0.0013010
 697.5 0.0012820
 700.0 0.0012760
 702.5 0.0012490
 705.0 0.0012550
 707.5 0.0012460
 710.0 0.0012270
 712.5 0.0012340
 715.0 0.0012380
 717.5 0.0011810
 720.0 0.0011410
 722.5 0.0011530
 725.0 0.0011570
 727.5 0.0011380
 730.0 0.0011280
 732.5 0.0011460
 735.0 0.0011230

