# nm  Flux(W/m2/m) for star HR 874 from file: table5.dat
 320.0 0.0000820
 322.5 0.0000940
 325.0 0.0001030
 327.5 0.0001100
 330.0 0.0001140
 332.5 0.0001150
 335.0 0.0001140
 337.5 0.0001170
 340.0 0.0001200
 342.5 0.0001240
 345.0 0.0001290
 347.5 0.0001370
 350.0 0.0001450
 352.5 0.0001480
 355.0 0.0001430
 357.5 0.0001420
 360.0 0.0001550
 362.5 0.0001850
 365.0 0.0002150
 367.5 0.0002270
 370.0 0.0002170
 372.5 0.0001990
 375.0 0.0001880
 377.5 0.0001800
 380.0 0.0001650
 382.5 0.0001470
 385.0 0.0001440
 387.5 0.0001590
 390.0 0.0001790
 392.5 0.0001940
 395.0 0.0002200
 397.5 0.0002730
 400.0 0.0003410
 402.5 0.0003970
 405.0 0.0004280
 407.5 0.0004420
 410.0 0.0004450
 412.5 0.0004400
 415.0 0.0004320
 417.5 0.0004330
 420.0 0.0004480
 422.5 0.0004660
 425.0 0.0004770
 427.5 0.0004840
 430.0 0.0005040
 432.5 0.0005430
 435.0 0.0005820
 437.5 0.0006060
 440.0 0.0006230
 442.5 0.0006470
 445.0 0.0006830
 447.5 0.0007200
 450.0 0.0007500
 452.5 0.0007640
 455.0 0.0007740
 457.5 0.0007890
 460.0 0.0008090
 462.5 0.0008240
 465.0 0.0008280
 467.5 0.0008290
 470.0 0.0008370
 472.5 0.0008510
 475.0 0.0008690
 477.5 0.0008830
 480.0 0.0008870
 482.5 0.0008790
 485.0 0.0008660
 487.5 0.0008610
 490.0 0.0008700
 492.5 0.0008860
 495.0 0.0008970
 497.5 0.0008960
 500.0 0.0008900
 502.5 0.0008870
 505.0 0.0008910
 507.5 0.0008950
 510.0 0.0009020
 512.5 0.0008850
 515.0 0.0008620
 517.5 0.0008500
 520.0 0.0008610
 522.5 0.0008830
 525.0 0.0009090
 527.5 0.0009330
 530.0 0.0009570
 532.5 0.0009830
 535.0 0.0009880
 537.5 0.0009910
 540.0 0.0009880
 542.5 0.0009900
 545.0 0.0009940
 547.5 0.0010070
 550.0 0.0010190
 552.5 0.0010310
 555.0 0.0010340
 557.5 0.0010290
 560.0 0.0010290
 562.5 0.0010300
 565.0 0.0010280
 567.5 0.0010300
 570.0 0.0010350
 572.5 0.0010440
 575.0 0.0010510
 577.5 0.0010670
 580.0 0.0010760
 582.5 0.0010770
 585.0 0.0010730
 587.5 0.0010710
 590.0 0.0010680
 592.5 0.0010720
 595.0 0.0010760
 597.5 0.0010810
 600.0 0.0010800
 602.5 0.0010800
 605.0 0.0010830
 607.5 0.0010830
 610.0 0.0010660
 612.5 0.0010500
 615.0 0.0010460
 617.5 0.0010390
 620.0 0.0010370
 622.5 0.0010380
 625.0 0.0010350
 627.5 0.0010340
 630.0 0.0010350
 632.5 0.0010400
 635.0 0.0010460
 637.5 0.0010560
 640.0 0.0010620
 642.5 0.0010600
 645.0 0.0010500
 647.5 0.0010420
 650.0 0.0010200
 652.5 0.0010120
 655.0 0.0010130
 657.5 0.0010120
 660.0 0.0010210
 662.5 0.0010340
 665.0 0.0010420
 667.5 0.0010450
 670.0 0.0010420
 672.5 0.0010360
 675.0 0.0010330
 677.5 0.0010300
 680.0 0.0010310
 682.5 0.0010230
 685.0 0.0010170
 687.5 0.0010170
 690.0 0.0010120
 692.5 0.0010060
 695.0 0.0009970
 697.5 0.0009800
 700.0 0.0009640
 702.5 0.0009590
 705.0 0.0009560
 707.5 0.0009520
 710.0 0.0009510
 712.5 0.0009410
 715.0 0.0009280
 717.5 0.0009150
 720.0 0.0009010
 722.5 0.0009010
 725.0 0.0009040
 727.5 0.0009080
 730.0 0.0009040
 732.5 0.0008980
 735.0 0.0008850
 737.5 0.0008770
 740.0 0.0009090
 742.5 0.0009140
 745.0 0.0009060
 747.5 0.0009090
 750.0 0.0009110
 752.5 0.0009140
 755.0 0.0009150
 757.5 0.0009150
 760.0 0.0009160
 762.5 0.0009160
 765.0 0.0009100
 767.5 0.0009010
 770.0 0.0009040
 772.5 0.0009200
 775.0 0.0009020
 777.5 0.0009040
 780.0 0.0009100
 782.5 0.0009050
 785.0 0.0008900
 787.5 0.0008800
 790.0 0.0008510
 792.5 0.0008330
 795.0 0.0008380
 797.5 0.0008410
 800.0 0.0008560
 802.5 0.0008420
 805.0 0.0008310
 807.5 0.0008260
 810.0 0.0008140
 812.5 0.0008040
 815.0 0.0008120
 817.5 0.0008090
 820.0 0.0008050
 822.5 0.0008130
 825.0 0.0008200
 827.5 0.0008280
 830.0 0.0008170
 832.5 0.0008150
 835.0 0.0008060
 837.5 0.0008120
 840.0 0.0008150
 842.5 0.0008210
 845.0 0.0008280
 847.5 0.0008110
 850.0 0.0007890
 852.5 0.0007730
 855.0 0.0007860
 857.5 0.0007940
 860.0 0.0008050
 862.5 0.0008040
 865.0 0.0007890
 867.5 0.0007810
 870.0 0.0008060
 872.5 0.0008140
 875.0 0.0008030
 877.5 0.0007930
 880.0 0.0008020
 882.5 0.0007820
 885.0 0.0007940
 887.5 0.0007940
 890.0 0.0007860
 892.5 0.0007560
 895.0 0.0007280
 897.5 0.0007310
 900.0 0.0007550
 902.5 0.0007540
 905.0 0.0007620
 907.5 0.0007410
 910.0 0.0007090
 912.5 0.0007030
 915.0 0.0007000
 917.5 0.0007050
 920.0 0.0007210
 922.5 0.0007240
 925.0 0.0007050
 927.5 0.0006860
 930.0 0.0006680
 932.5 0.0006770
 935.0 0.0007200
 937.5 0.0007410
 940.0 0.0007340
 942.5 0.0007020
 945.0 0.0006880
 947.5 0.0006900
 950.0 0.0006950
 952.5 0.0006720
 955.0 0.0006720
 957.5 0.0006770
 960.0 0.0006690
 962.5 0.0006560
 965.0 0.0006370
 967.5 0.0006440
 970.0 0.0006440
 972.5 0.0006330
 975.0 0.0006370
 977.5 0.0006420
 980.0 0.0006550
 982.5 0.0006560
 985.0 0.0006630
 987.5 0.0006700
 990.0 0.0006610
 992.5 0.0006560
 995.0 0.0006590
 997.5 0.0006650
1000.0 0.0006530
1002.5 0.0006520
1005.0 0.0006580
1007.5 0.0006630
1010.0 0.0006630
1012.5 0.0006600
1015.0 0.0006560
1017.5 0.0006640
1020.0 0.0006550
1022.5 0.0006550
1025.0 0.0006500
1027.5 0.0006540
1030.0 0.0006520
1032.5 0.0006440
1035.0 0.0006400
1037.5 0.0006430
1040.0 0.0006400
1042.5 0.0006430
1045.0 0.0006400
1047.5 0.0006460
1050.0 0.0006390
1052.5 0.0006430
1055.0 0.0006380
1057.5 0.0006430
1060.0 0.0006340
1062.5 0.0006270
1065.0 0.0006350
1067.5 0.0006320
1070.0 0.0006190
1072.5 0.0006220
1075.0 0.0006110
1077.5 0.0006080
1080.0 0.0006040

# nm  Flux(W/m2/m) for star HR 874 from file: table6.dat
 320.0 0.0000830
 322.5 0.0000880
 325.0 0.0000940
 327.5 0.0001240
 330.0 0.0001110
 332.5 0.0001190
 335.0 0.0001110
 337.5 0.0001100
 340.0 0.0001250
 342.5 0.0001270
 345.0 0.0001220
 347.5 0.0001340
 350.0 0.0001490
 352.5 0.0001590
 355.0 0.0001490
 357.5 0.0001220
 360.0 0.0001360
 362.5 0.0001820
 365.0 0.0002340
 367.5 0.0002530
 370.0 0.0002300
 372.5 0.0001770
 375.0 0.0001700
 377.5 0.0002060
 380.0 0.0001820
 382.5 0.0001240
 385.0 0.0001140
 387.5 0.0001580
 390.0 0.0002080
 392.5 0.0001890
 395.0 0.0001800
 397.5 0.0002430
 400.0 0.0003690
 402.5 0.0004400
 405.0 0.0004140
 407.5 0.0004430
 410.0 0.0004720
 412.5 0.0004360
 415.0 0.0004200
 417.5 0.0004210
 420.0 0.0004390
 422.5 0.0004750
 425.0 0.0004990
 427.5 0.0004750
 430.0 0.0004570
 432.5 0.0005460
 435.0 0.0006290
 437.5 0.0006000
 440.0 0.0006010
 442.5 0.0006500
 445.0 0.0006740
 447.5 0.0007210
 450.0 0.0007790
 452.5 0.0007680
 455.0 0.0007590
 457.5 0.0007780
 460.0 0.0008170
 462.5 0.0008460
 465.0 0.0008230
 467.5 0.0008190
 470.0 0.0008350
 472.5 0.0008490
 475.0 0.0008710
 477.5 0.0008860
 480.0 0.0009020
 482.5 0.0008920
 485.0 0.0008500
 487.5 0.0008430
 490.0 0.0008710
 492.5 0.0008850
 495.0 0.0009140
 497.5 0.0009090
 500.0 0.0008750
 502.5 0.0008770
 505.0 0.0008950
 507.5 0.0009030
 510.0 0.0008990
 512.5 0.0008870
 515.0 0.0008450
 517.5 0.0008040
 520.0 0.0008390
 522.5 0.0009030
 525.0 0.0009170
 527.5 0.0009090
 530.0 0.0009480
 532.5 0.0009720
 535.0 0.0009900
 537.5 0.0010030
 540.0 0.0009810
 542.5 0.0009730
 545.0 0.0009940
 547.5 0.0009900
 550.0 0.0010050
 552.5 0.0010230
 555.0 0.0010260
 557.5 0.0010220
 560.0 0.0010210
 562.5 0.0010240
 565.0 0.0010250
 567.5 0.0010220
 570.0 0.0010200
 572.5 0.0010350
 575.0 0.0010530
 577.5 0.0010570
 580.0 0.0010640
 582.5 0.0010840
 585.0 0.0011010
 587.5 0.0010600
 590.0 0.0010330
 592.5 0.0010750
 595.0 0.0010880
 597.5 0.0010820
 600.0 0.0010500
 602.5 0.0010690
 605.0 0.0010940
 607.5 0.0010770
 610.0 0.0010580
 612.5 0.0010470
 615.0 0.0010280
 617.5 0.0010330
 620.0 0.0010360
 622.5 0.0010280
 625.0 0.0010110
 627.5 0.0010110
 630.0 0.0010200
 632.5 0.0010370
 635.0 0.0010390
 637.5 0.0010540
 640.0 0.0010620
 642.5 0.0010600
 645.0 0.0010640
 647.5 0.0010510
 650.0 0.0010030
 652.5 0.0010230
 655.0 0.0010090
 657.5 0.0010060
 660.0 0.0010290
 662.5 0.0010370
 665.0 0.0010540
 667.5 0.0010540
 670.0 0.0010400
 672.5 0.0010270
 675.0 0.0010210
 677.5 0.0010230
 680.0 0.0010280
 682.5 0.0010210
 685.0 0.0010250
 687.5 0.0009930
 690.0 0.0010260
 692.5 0.0010180
 695.0 0.0009950
 697.5 0.0009740
 700.0 0.0009630
 702.5 0.0009460
 705.0 0.0009510
 707.5 0.0009650
 710.0 0.0009500
 712.5 0.0009340
 715.0 0.0009330
 717.5 0.0009120
 720.0 0.0008720
 722.5 0.0008810
 725.0 0.0009070
 727.5 0.0009170
 730.0 0.0009010
 732.5 0.0008890
 735.0 0.0008730

