# nm  Flux(W/m2/m) for star HR 8812 from file: table6.dat
 320.0 
 322.5 0.0000620
 325.0 0.0000560
 327.5 0.0000880
 330.0 0.0001150
 332.5 0.0001060
 335.0 0.0000980
 337.5 0.0000890
 340.0 0.0001100
 342.5 0.0001270
 345.0 0.0001180
 347.5 0.0001180
 350.0 0.0001300
 352.5 0.0001460
 355.0 0.0001350
 357.5 0.0000930
 360.0 0.0001120
 362.5 0.0001630
 365.0 0.0002180
 367.5 0.0002470
 370.0 0.0002180
 372.5 0.0001570
 375.0 0.0001410
 377.5 0.0001900
 380.0 0.0001640
 382.5 0.0001090
 385.0 0.0001010
 387.5 0.0001450
 390.0 0.0002120
 392.5 0.0001660
 395.0 0.0001450
 397.5 0.0002350
 400.0 0.0003890
 402.5 0.0004350
 405.0 0.0004130
 407.5 0.0004380
 410.0 0.0004720
 412.5 0.0004200
 415.0 0.0003940
 417.5 0.0003980
 420.0 0.0004220
 422.5 0.0004900
 425.0 0.0005400
 427.5 0.0005050
 430.0 0.0004930
 432.5 0.0006180
 435.0 0.0006950
 437.5 0.0006430
 440.0 0.0006390
 442.5 0.0007080
 445.0 0.0007470
 447.5 0.0008050
 450.0 0.0008520
 452.5 0.0008300
 455.0 0.0008480
 457.5 0.0008870
 460.0 0.0009340
 462.5 0.0009480
 465.0 0.0009190
 467.5 0.0009150
 470.0 0.0009510
 472.5 0.0009750
 475.0 0.0010060
 477.5 0.0010190
 480.0 0.0010340
 482.5 0.0010310
 485.0 0.0009870
 487.5 0.0009850
 490.0 0.0010270
 492.5 0.0010370
 495.0 0.0010680
 497.5 0.0010580
 500.0 0.0010140
 502.5 0.0010070
 505.0 0.0010460
 507.5 0.0010610
 510.0 0.0010650
 512.5 0.0010480
 515.0 0.0010020
 517.5 0.0009580
 520.0 0.0010000
 522.5 0.0010810
 525.0 0.0010910
 527.5 0.0010750
 530.0 0.0011680
 532.5 0.0011930
 535.0 0.0012070
 537.5 0.0012350
 540.0 0.0011710
 542.5 0.0011710
 545.0 0.0012180
 547.5 0.0012110
 550.0 0.0012270
 552.5 0.0012380
 555.0 0.0012680
 557.5 0.0012590
 560.0 0.0012420
 562.5 0.0012490
 565.0 0.0012520
 567.5 0.0012470
 570.0 0.0012390
 572.5 0.0012810
 575.0 0.0013130
 577.5 0.0013110
 580.0 0.0012950
 582.5 0.0013790
 585.0 0.0013720
 587.5 0.0013100
 590.0 0.0012790
 592.5 0.0013430
 595.0 0.0013800
 597.5 0.0013790
 600.0 0.0013350
 602.5 0.0013450
 605.0 0.0013850
 607.5 0.0013830
 610.0 0.0013510
 612.5 0.0013210
 615.0 0.0013070
 617.5 0.0013240
 620.0 0.0013110
 622.5 0.0013060
 625.0 0.0012600
 627.5 0.0012650
 630.0 0.0012920
 632.5 0.0013040
 635.0 0.0013010
 637.5 0.0013190
 640.0 0.0013300
 642.5 0.0013180
 645.0 0.0013330
 647.5 0.0013530
 650.0 0.0012660
 652.5 0.0012940
 655.0 0.0012790
 657.5 0.0012600
 660.0 0.0013120
 662.5 0.0013440
 665.0 0.0013560
 667.5 0.0013500
 670.0 0.0013370
 672.5 0.0013190
 675.0 0.0013060
 677.5 0.0013130
 680.0 0.0013050
 682.5 0.0012930
 685.0 0.0013300
 687.5 0.0012650
 690.0 0.0013350
 692.5 0.0012980
 695.0 0.0012620
 697.5 0.0012330
 700.0 0.0012230
 702.5 0.0011970
 705.0 0.0012180
 707.5 0.0012080
 710.0 0.0012040
 712.5 0.0011900
 715.0 0.0011900
 717.5 0.0011720
 720.0 0.0011200
 722.5 0.0011560
 725.0 0.0011790
 727.5 0.0011640
 730.0 0.0011330
 732.5 0.0011620
 735.0 0.0011510

