# nm  Flux(W/m2/m) for star HR 8852 from file: table5.dat
 320.0 0.0001850
 322.5 0.0002030
 325.0 0.0002280
 327.5 0.0002540
 330.0 0.0002660
 332.5 0.0002580
 335.0 0.0002460
 337.5 0.0002450
 340.0 0.0002660
 342.5 0.0002850
 345.0 0.0003050
 347.5 0.0003190
 350.0 0.0003370
 352.5 0.0003380
 355.0 0.0003280
 357.5 0.0003160
 360.0 0.0003370
 362.5 0.0003750
 365.0 0.0004210
 367.5 0.0004390
 370.0 0.0004340
 372.5 0.0004120
 375.0 0.0003970
 377.5 0.0003840
 380.0 0.0003560
 382.5 0.0003190
 385.0 0.0003060
 387.5 0.0003290
 390.0 0.0003620
 392.5 0.0003780
 395.0 0.0004100
 397.5 0.0004870
 400.0 0.0005960
 402.5 0.0006810
 405.0 0.0007250
 407.5 0.0007420
 410.0 0.0007530
 412.5 0.0007540
 415.0 0.0007470
 417.5 0.0007430
 420.0 0.0007500
 422.5 0.0007590
 425.0 0.0007520
 427.5 0.0007440
 430.0 0.0007550
 432.5 0.0007990
 435.0 0.0008430
 437.5 0.0008750
 440.0 0.0009000
 442.5 0.0009340
 445.0 0.0009760
 447.5 0.0010120
 450.0 0.0010360
 452.5 0.0010460
 455.0 0.0010540
 457.5 0.0010700
 460.0 0.0010880
 462.5 0.0011050
 465.0 0.0011070
 467.5 0.0011080
 470.0 0.0011120
 472.5 0.0011270
 475.0 0.0011430
 477.5 0.0011580
 480.0 0.0011610
 482.5 0.0011560
 485.0 0.0011440
 487.5 0.0011390
 490.0 0.0011480
 492.5 0.0011580
 495.0 0.0011630
 497.5 0.0011550
 500.0 0.0011490
 502.5 0.0011490
 505.0 0.0011610
 507.5 0.0011660
 510.0 0.0011610
 512.5 0.0011460
 515.0 0.0011270
 517.5 0.0011200
 520.0 0.0011340
 522.5 0.0011550
 525.0 0.0011710
 527.5 0.0011910
 530.0 0.0012070
 532.5 0.0012270
 535.0 0.0012300
 537.5 0.0012230
 540.0 0.0012220
 542.5 0.0012220
 545.0 0.0012220
 547.5 0.0012230
 550.0 0.0012300
 552.5 0.0012310
 555.0 0.0012330
 557.5 0.0012280
 560.0 0.0012260
 562.5 0.0012220
 565.0 0.0012090
 567.5 0.0012130
 570.0 0.0012130
 572.5 0.0012170
 575.0 0.0012270
 577.5 0.0012330
 580.0 0.0012410
 582.5 0.0012410
 585.0 0.0012330
 587.5 0.0012310
 590.0 0.0012250
 592.5 0.0012280
 595.0 0.0012370
 597.5 0.0012370
 600.0 0.0012280
 602.5 0.0012350
 605.0 0.0012310
 607.5 0.0012330
 610.0 0.0012160
 612.5 0.0012060
 615.0 0.0012000
 617.5 0.0011980
 620.0 0.0011910
 622.5 0.0011890
 625.0 0.0011910
 627.5 0.0011790
 630.0 0.0011730
 632.5 0.0011800
 635.0 0.0011870
 637.5 0.0011960
 640.0 0.0011900
 642.5 0.0011860
 645.0 0.0011740
 647.5 0.0011630
 650.0 0.0011380
 652.5 0.0011300
 655.0 0.0011260
 657.5 0.0011280
 660.0 0.0011400
 662.5 0.0011550
 665.0 0.0011600
 667.5 0.0011620
 670.0 0.0011650
 672.5 0.0011590
 675.0 0.0011560
 677.5 0.0011480
 680.0 0.0011370
 682.5 0.0011330
 685.0 0.0011310
 687.5 0.0011280
 690.0 0.0011200
 692.5 0.0011150
 695.0 0.0011100
 697.5 0.0010950
 700.0 0.0010790
 702.5 0.0010680
 705.0 0.0010670
 707.5 0.0010720
 710.0 0.0010670
 712.5 0.0010590
 715.0 0.0010490
 717.5 0.0010340
 720.0 0.0010300
 722.5 0.0010310
 725.0 0.0010330
 727.5 0.0010280
 730.0 0.0010190
 732.5 0.0010130
 735.0 0.0010070
 737.5 0.0010060
 740.0 0.0009820
 742.5 0.0009750
 745.0 0.0009720
 747.5 0.0009740
 750.0 0.0009750
 752.5 0.0009650
 755.0 0.0009730
 757.5 0.0009660
 760.0 0.0009660
 762.5 0.0009670
 765.0 0.0009820
 767.5 0.0009800
 770.0 0.0009770
 772.5 0.0009680
 775.0 0.0009590
 777.5 0.0009640
 780.0 0.0009650
 782.5 0.0009540
 785.0 0.0009420
 787.5 0.0009310
 790.0 0.0009170
 792.5 0.0009120
 795.0 0.0009090
 797.5 0.0009090
 800.0 0.0009200
 802.5 0.0009150
 805.0 0.0009040
 807.5 0.0008990
 810.0 0.0008840
 812.5 0.0008930
 815.0 0.0008880
 817.5 0.0008840
 820.0 0.0008860
 822.5 0.0008800
 825.0 0.0008840
 827.5 0.0008900
 830.0 0.0008830
 832.5 0.0008760
 835.0 0.0008700
 837.5 0.0008670
 840.0 0.0008680
 842.5 0.0008720
 845.0 0.0008650
 847.5 0.0008580
 850.0 0.0008430
 852.5 0.0008380
 855.0 0.0008430
 857.5 0.0008500
 860.0 0.0008500
 862.5 0.0008570
 865.0 0.0008390
 867.5 0.0008290
 870.0 0.0008450
 872.5 0.0008550
 875.0 0.0008470
 877.5 0.0008360
 880.0 0.0008340
 882.5 0.0008320
 885.0 0.0008360
 887.5 0.0008330
 890.0 0.0008200
 892.5 0.0007860
 895.0 0.0007880
 897.5 0.0007890
 900.0 0.0007860
 902.5 0.0007740
 905.0 0.0007800
 907.5 0.0007740
 910.0 0.0007590
 912.5 0.0007500
 915.0 0.0007480
 917.5 0.0007430
 920.0 0.0007350
 922.5 0.0007380
 925.0 0.0007320
 927.5 0.0007320
 930.0 0.0007270
 932.5 0.0007370
 935.0 0.0007480
 937.5 0.0007460
 940.0 0.0007350
 942.5 0.0007320
 945.0 0.0007240
 947.5 0.0007260
 950.0 0.0007220
 952.5 0.0007140
 955.0 0.0007160
 957.5 0.0007140
 960.0 0.0007050
 962.5 0.0007090
 965.0 0.0006980
 967.5 0.0006980
 970.0 0.0006920
 972.5 0.0006940
 975.0 0.0006980
 977.5 0.0006940
 980.0 0.0006970
 982.5 0.0006940
 985.0 0.0006990
 987.5 0.0006970
 990.0 0.0006970
 992.5 0.0006960
 995.0 0.0007020
 997.5 0.0006980
1000.0 0.0007030
1002.5 0.0007020
1005.0 0.0007030
1007.5 0.0006970
1010.0 0.0006940
1012.5 0.0006900
1015.0 0.0006890
1017.5 0.0006890
1020.0 0.0006860
1022.5 0.0006800
1025.0 0.0006790
1027.5 0.0006690
1030.0 0.0006690
1032.5 0.0006690
1035.0 0.0006670
1037.5 0.0006670
1040.0 0.0006750
1042.5 0.0006740
1045.0 0.0006780
1047.5 0.0006700
1050.0 0.0006660
1052.5 0.0006670
1055.0 0.0006610
1057.5 0.0006590
1060.0 0.0006620
1062.5 0.0006620
1065.0 0.0006660
1067.5 0.0006640
1070.0 0.0006680
1072.5 0.0006640
1075.0 0.0006460
1077.5 0.0006440
1080.0 0.0006430

# nm  Flux(W/m2/m) for star HR 8852 from file: table6.dat
 320.0 0.0001950
 322.5 0.0001840
 325.0 0.0002150
 327.5 0.0002810
 330.0 0.0002820
 332.5 0.0002680
 335.0 0.0002390
 337.5 0.0001910
 340.0 0.0002980
 342.5 0.0002920
 345.0 0.0002990
 347.5 0.0003090
 350.0 0.0003450
 352.5 0.0003620
 355.0 0.0003590
 357.5 0.0002400
 360.0 0.0003310
 362.5 0.0003820
 365.0 0.0004350
 367.5 0.0004540
 370.0 0.0004760
 372.5 0.0003820
 375.0 0.0003660
 377.5 0.0004260
 380.0 0.0003830
 382.5 0.0002960
 385.0 0.0002400
 387.5 0.0003080
 390.0 0.0004410
 392.5 0.0003770
 395.0 0.0003220
 397.5 0.0004350
 400.0 0.0006590
 402.5 0.0007350
 405.0 0.0007210
 407.5 0.0007260
 410.0 0.0007780
 412.5 0.0007630
 415.0 0.0007410
 417.5 0.0007290
 420.0 0.0007390
 422.5 0.0007750
 425.0 0.0007880
 427.5 0.0007280
 430.0 0.0006660
 432.5 0.0008320
 435.0 0.0008930
 437.5 0.0008460
 440.0 0.0008840
 442.5 0.0009480
 445.0 0.0009660
 447.5 0.0010180
 450.0 0.0010680
 452.5 0.0010400
 455.0 0.0010370
 457.5 0.0010730
 460.0 0.0010790
 462.5 0.0011330
 465.0 0.0011070
 467.5 0.0010970
 470.0 0.0010960
 472.5 0.0011390
 475.0 0.0011370
 477.5 0.0011650
 480.0 0.0011690
 482.5 0.0011750
 485.0 0.0011250
 487.5 0.0011190
 490.0 0.0011600
 492.5 0.0011490
 495.0 0.0011920
 497.5 0.0011500
 500.0 0.0011340
 502.5 0.0011330
 505.0 0.0011770
 507.5 0.0011720
 510.0 0.0011740
 512.5 0.0011480
 515.0 0.0011210
 517.5 0.0010850
 520.0 0.0011420
 522.5 0.0011750
 525.0 0.0011570
 527.5 0.0011810
 530.0 0.0012330
 532.5 0.0012310
 535.0 0.0012490
 537.5 0.0012410
 540.0 0.0012270
 542.5 0.0012190
 545.0 0.0012440
 547.5 0.0012150
 550.0 0.0012340
 552.5 0.0012510
 555.0 0.0012540
 557.5 0.0012490
 560.0 0.0012350
 562.5 0.0012360
 565.0 0.0012060
 567.5 0.0012270
 570.0 0.0012110
 572.5 0.0012120
 575.0 0.0012510
 577.5 0.0012270
 580.0 0.0012590
 582.5 0.0012660
 585.0 0.0012500
 587.5 0.0012380
 590.0 0.0012170
 592.5 0.0012620
 595.0 0.0012580
 597.5 0.0012570
 600.0 0.0012260
 602.5 0.0012540
 605.0 0.0012650
 607.5 0.0012500
 610.0 0.0012210
 612.5 0.0012350
 615.0 0.0012020
 617.5 0.0011990
 620.0 0.0012360
 622.5 0.0012070
 625.0 0.0011800
 627.5 0.0012040
 630.0 0.0011740
 632.5 0.0012010
 635.0 0.0012100
 637.5 0.0012380
 640.0 0.0011860
 642.5 0.0012040
 645.0 0.0012160
 647.5 0.0011410
 650.0 0.0011280
 652.5 0.0011660
 655.0 0.0011190
 657.5 0.0011230
 660.0 0.0011920
 662.5 0.0011820
 665.0 0.0012080
 667.5 0.0012000
 670.0 0.0011840
 672.5 0.0011680
 675.0 0.0011720
 677.5 0.0011730
 680.0 0.0011430
 682.5 0.0011690
 685.0 0.0011740
 687.5 0.0011320
 690.0 0.0011500
 692.5 0.0011500
 695.0 0.0011260
 697.5 0.0011390
 700.0 0.0011200
 702.5 0.0010640
 705.0 0.0010900
 707.5 0.0011120
 710.0 0.0010930
 712.5 0.0010930
 715.0 0.0010600
 717.5 0.0010390
 720.0 0.0010160
 722.5 0.0010370
 725.0 0.0010900
 727.5 0.0010340
 730.0 0.0010450
 732.5 0.0010320
 735.0 0.0010080

