# nm  Flux(W/m2/m) for star HR 8974 from file: table5.dat
 320.0 0.0001680
 322.5 0.0001830
 325.0 0.0002070
 327.5 0.0002370
 330.0 0.0002590
 332.5 0.0002660
 335.0 0.0002650
 337.5 0.0002660
 340.0 0.0002720
 342.5 0.0002770
 345.0 0.0002820
 347.5 0.0002890
 350.0 0.0002970
 352.5 0.0002970
 355.0 0.0002890
 357.5 0.0002880
 360.0 0.0003150
 362.5 0.0003730
 365.0 0.0004370
 367.5 0.0004720
 370.0 0.0004630
 372.5 0.0004300
 375.0 0.0004030
 377.5 0.0003840
 380.0 0.0003540
 382.5 0.0003190
 385.0 0.0003090
 387.5 0.0003380
 390.0 0.0003820
 392.5 0.0004220
 395.0 0.0004840
 397.5 0.0005850
 400.0 0.0007050
 402.5 0.0007960
 405.0 0.0008430
 407.5 0.0008640
 410.0 0.0008690
 412.5 0.0008570
 415.0 0.0008390
 417.5 0.0008390
 420.0 0.0008680
 422.5 0.0009090
 425.0 0.0009380
 427.5 0.0009540
 430.0 0.0009860
 432.5 0.0010490
 435.0 0.0011210
 437.5 0.0011780
 440.0 0.0012260
 442.5 0.0012910
 445.0 0.0013750
 447.5 0.0014620
 450.0 0.0015290
 452.5 0.0015690
 455.0 0.0015950
 457.5 0.0016170
 460.0 0.0016350
 462.5 0.0016410
 465.0 0.0016320
 467.5 0.0016250
 470.0 0.0016340
 472.5 0.0016640
 475.0 0.0017030
 477.5 0.0017380
 480.0 0.0017540
 482.5 0.0017460
 485.0 0.0017250
 487.5 0.0017090
 490.0 0.0017160
 492.5 0.0017330
 495.0 0.0017430
 497.5 0.0017330
 500.0 0.0017190
 502.5 0.0017140
 505.0 0.0017200
 507.5 0.0017190
 510.0 0.0016810
 512.5 0.0016280
 515.0 0.0015820
 517.5 0.0015860
 520.0 0.0016290
 522.5 0.0016890
 525.0 0.0017590
 527.5 0.0018130
 530.0 0.0018570
 532.5 0.0018910
 535.0 0.0019090
 537.5 0.0019050
 540.0 0.0018910
 542.5 0.0018910
 545.0 0.0019040
 547.5 0.0019180
 550.0 0.0019300
 552.5 0.0019390
 555.0 0.0019410
 557.5 0.0019360
 560.0 0.0019300
 562.5 0.0019280
 565.0 0.0019320
 567.5 0.0019440
 570.0 0.0019570
 572.5 0.0019730
 575.0 0.0019860
 577.5 0.0020040
 580.0 0.0020160
 582.5 0.0020190
 585.0 0.0019970
 587.5 0.0019720
 590.0 0.0019640
 592.5 0.0019770
 595.0 0.0019970
 597.5 0.0020100
 600.0 0.0020100
 602.5 0.0020170
 605.0 0.0020190
 607.5 0.0020120
 610.0 0.0019920
 612.5 0.0019620
 615.0 0.0019390
 617.5 0.0019340
 620.0 0.0019480
 622.5 0.0019440
 625.0 0.0019200
 627.5 0.0019090
 630.0 0.0019050
 632.5 0.0019110
 635.0 0.0019070
 637.5 0.0019070
 640.0 0.0019120
 642.5 0.0019210
 645.0 0.0019200
 647.5 0.0019050
 650.0 0.0018690
 652.5 0.0018590
 655.0 0.0018500
 657.5 0.0018570
 660.0 0.0018740
 662.5 0.0018900
 665.0 0.0018970
 667.5 0.0018970
 670.0 0.0018980
 672.5 0.0018910
 675.0 0.0018910
 677.5 0.0018900
 680.0 0.0018850
 682.5 0.0018830
 685.0 0.0018710
 687.5 0.0018660
 690.0 0.0018500
 692.5 0.0018330
 695.0 0.0018150
 697.5 0.0017880
 700.0 0.0017730
 702.5 0.0017620
 705.0 0.0017590
 707.5 0.0017590
 710.0 0.0017470
 712.5 0.0017350
 715.0 0.0017200
 717.5 0.0017060
 720.0 0.0017010
 722.5 0.0017000
 725.0 0.0016900
 727.5 0.0016760
 730.0 0.0016610
 732.5 0.0016490
 735.0 0.0016380
 737.5 0.0016400
 740.0 0.0015850
 742.5 0.0016030
 745.0 0.0016010
 747.5 0.0016080
 750.0 0.0016110
 752.5 0.0016100
 755.0 0.0016230
 757.5 0.0016260
 760.0 0.0016080
 762.5 0.0015790
 765.0 0.0015730
 767.5 0.0015810
 770.0 0.0015820
 772.5 0.0016040
 775.0 0.0016010
 777.5 0.0016030
 780.0 0.0016080
 782.5 0.0016000
 785.0 0.0015830
 787.5 0.0015570
 790.0 0.0015110
 792.5 0.0014900
 795.0 0.0014890
 797.5 0.0014940
 800.0 0.0014970
 802.5 0.0014870
 805.0 0.0014710
 807.5 0.0014570
 810.0 0.0014370
 812.5 0.0014320
 815.0 0.0014310
 817.5 0.0014350
 820.0 0.0014350
 822.5 0.0014340
 825.0 0.0014440
 827.5 0.0014370
 830.0 0.0014180
 832.5 0.0014110
 835.0 0.0014060
 837.5 0.0014060
 840.0 0.0014180
 842.5 0.0014260
 845.0 0.0014300
 847.5 0.0014150
 850.0 0.0013850
 852.5 0.0013700
 855.0 0.0013750
 857.5 0.0013970
 860.0 0.0014100
 862.5 0.0014160
 865.0 0.0013960
 867.5 0.0013840
 870.0 0.0014050
 872.5 0.0014090
 875.0 0.0013940
 877.5 0.0013840
 880.0 0.0013880
 882.5 0.0013770
 885.0 0.0013720
 887.5 0.0013580
 890.0 0.0013510
 892.5 0.0013090
 895.0 0.0013030
 897.5 0.0012990
 900.0 0.0012970
 902.5 0.0012820
 905.0 0.0012790
 907.5 0.0012650
 910.0 0.0012470
 912.5 0.0012200
 915.0 0.0012150
 917.5 0.0012160
 920.0 0.0012070
 922.5 0.0012020
 925.0 0.0012000
 927.5 0.0012040
 930.0 0.0012030
 932.5 0.0011750
 935.0 0.0011580
 937.5 0.0011490
 940.0 0.0011410
 942.5 0.0011270
 945.0 0.0011160
 947.5 0.0011250
 950.0 0.0011330
 952.5 0.0011440
 955.0 0.0011470
 957.5 0.0011400
 960.0 0.0011340
 962.5 0.0011390
 965.0 0.0011370
 967.5 0.0011370
 970.0 0.0011310
 972.5 0.0011320
 975.0 0.0011320
 977.5 0.0011330
 980.0 0.0011340
 982.5 0.0011420
 985.0 0.0011460
 987.5 0.0011430
 990.0 0.0011470
 992.5 0.0011490
 995.0 0.0011550
 997.5 0.0011500
1000.0 0.0011460
1002.5 0.0011370
1005.0 0.0011450
1007.5 0.0011470
1010.0 0.0011510
1012.5 0.0011480
1015.0 0.0011430
1017.5 0.0011310
1020.0 0.0011290
1022.5 0.0011290
1025.0 0.0011230
1027.5 0.0011200
1030.0 0.0011240
1032.5 0.0011180
1035.0 0.0011050
1037.5 0.0010960
1040.0 0.0010920
1042.5 0.0011000
1045.0 0.0011040
1047.5 0.0010930
1050.0 0.0010870
1052.5 0.0010840
1055.0 0.0010830
1057.5 0.0010820
1060.0 0.0010770
1062.5 0.0010780
1065.0 0.0010790
1067.5 0.0010820
1070.0 0.0010770
1072.5 0.0010670
1075.0 0.0010610
1077.5 0.0010510
1080.0 0.0010350

# nm  Flux(W/m2/m) for star HR 8974 from file: table6.dat
 320.0 0.0001700
 322.5 0.0001670
 325.0 0.0001980
 327.5 0.0002460
 330.0 0.0002760
 332.5 0.0002760
 335.0 0.0002580
 337.5 0.0002540
 340.0 0.0002790
 342.5 0.0002840
 345.0 0.0002740
 347.5 0.0002820
 350.0 0.0003040
 352.5 0.0003150
 355.0 0.0002930
 357.5 0.0002520
 360.0 0.0002860
 362.5 0.0003630
 365.0 0.0004590
 367.5 0.0005240
 370.0 0.0005010
 372.5 0.0003950
 375.0 0.0003680
 377.5 0.0004230
 380.0 0.0003850
 382.5 0.0002830
 385.0 0.0002490
 387.5 0.0003260
 390.0 0.0004350
 392.5 0.0004090
 395.0 0.0004130
 397.5 0.0005500
 400.0 0.0007650
 402.5 0.0008510
 405.0 0.0008330
 407.5 0.0008610
 410.0 0.0009020
 412.5 0.0008690
 415.0 0.0008160
 417.5 0.0008090
 420.0 0.0008520
 422.5 0.0009230
 425.0 0.0009770
 427.5 0.0009490
 430.0 0.0009100
 432.5 0.0010400
 435.0 0.0011860
 437.5 0.0011790
 440.0 0.0011820
 442.5 0.0012840
 445.0 0.0013740
 447.5 0.0014710
 450.0 0.0015670
 452.5 0.0015780
 455.0 0.0015860
 457.5 0.0016130
 460.0 0.0016460
 462.5 0.0016720
 465.0 0.0016310
 467.5 0.0015980
 470.0 0.0016110
 472.5 0.0016670
 475.0 0.0017060
 477.5 0.0017430
 480.0 0.0017770
 482.5 0.0017720
 485.0 0.0017120
 487.5 0.0016780
 490.0 0.0017080
 492.5 0.0017350
 495.0 0.0017720
 497.5 0.0017490
 500.0 0.0016920
 502.5 0.0016940
 505.0 0.0017360
 507.5 0.0017410
 510.0 0.0017120
 512.5 0.0016520
 515.0 0.0015520
 517.5 0.0015070
 520.0 0.0016070
 522.5 0.0017170
 525.0 0.0017470
 527.5 0.0017910
 530.0 0.0018880
 532.5 0.0019120
 535.0 0.0019430
 537.5 0.0019360
 540.0 0.0018810
 542.5 0.0018860
 545.0 0.0019050
 547.5 0.0019180
 550.0 0.0019320
 552.5 0.0019530
 555.0 0.0019640
 557.5 0.0019340
 560.0 0.0019120
 562.5 0.0019300
 565.0 0.0019360
 567.5 0.0019480
 570.0 0.0019500
 572.5 0.0019880
 575.0 0.0020100
 577.5 0.0020060
 580.0 0.0020300
 582.5 0.0020700
 585.0 0.0020510
 587.5 0.0019790
 590.0 0.0019440
 592.5 0.0020030
 595.0 0.0020400
 597.5 0.0020460
 600.0 0.0020230
 602.5 0.0020440
 605.0 0.0020780
 607.5 0.0020630
 610.0 0.0020210
 612.5 0.0019900
 615.0 0.0019610
 617.5 0.0019610
 620.0 0.0019860
 622.5 0.0019660
 625.0 0.0019360
 627.5 0.0019410
 630.0 0.0019320
 632.5 0.0019360
 635.0 0.0019320
 637.5 0.0019370
 640.0 0.0019370
 642.5 0.0019430
 645.0 0.0019440
 647.5 0.0019340
 650.0 0.0018880
 652.5 0.0018910
 655.0 0.0018860
 657.5 0.0018900
 660.0 0.0019070
 662.5 0.0019230
 665.0 0.0019360
 667.5 0.0019430
 670.0 0.0019320
 672.5 0.0019180
 675.0 0.0019320
 677.5 0.0019360
 680.0 0.0019200
 682.5 0.0019230
 685.0 0.0019210
 687.5 0.0019120
 690.0 0.0019040
 692.5 0.0018860
 695.0 0.0018620
 697.5 0.0018280
 700.0 0.0018110
 702.5 0.0018110
 705.0 0.0018210
 707.5 0.0018100
 710.0 0.0017980
 712.5 0.0017850
 715.0 0.0017880
 717.5 0.0017590
 720.0 0.0017220
 722.5 0.0017410
 725.0 0.0017750
 727.5 0.0017430
 730.0 0.0017000
 732.5 0.0016800
 735.0 0.0016670

