# nm  Flux(W/m2/m) for star HR 915 from file: table5.dat
 320.0 0.0005650
 322.5 0.0005820
 325.0 0.0006090
 327.5 0.0006490
 330.0 0.0006800
 332.5 0.0006910
 335.0 0.0006870
 337.5 0.0006880
 340.0 0.0007050
 342.5 0.0007280
 345.0 0.0007440
 347.5 0.0007560
 350.0 0.0007660
 352.5 0.0007670
 355.0 0.0007560
 357.5 0.0007450
 360.0 0.0007660
 362.5 0.0008200
 365.0 0.0008900
 367.5 0.0009410
 370.0 0.0009660
 372.5 0.0009860
 375.0 0.0010200
 377.5 0.0010690
 380.0 0.0011070
 382.5 0.0011370
 385.0 0.0011810
 387.5 0.0012570
 390.0 0.0013340
 392.5 0.0013800
 395.0 0.0014390
 397.5 0.0015650
 400.0 0.0017770
 402.5 0.0019480
 405.0 0.0020010
 407.5 0.0019410
 410.0 0.0018740
 412.5 0.0018670
 415.0 0.0019110
 417.5 0.0019640
 420.0 0.0020120
 422.5 0.0020470
 425.0 0.0020590
 427.5 0.0020320
 430.0 0.0019880
 432.5 0.0019790
 435.0 0.0020250
 437.5 0.0021090
 440.0 0.0021900
 442.5 0.0022550
 445.0 0.0023060
 447.5 0.0023510
 450.0 0.0023810
 452.5 0.0023990
 455.0 0.0024030
 457.5 0.0024190
 460.0 0.0024370
 462.5 0.0024550
 465.0 0.0024550
 467.5 0.0024520
 470.0 0.0024550
 472.5 0.0024730
 475.0 0.0024930
 477.5 0.0025100
 480.0 0.0024930
 482.5 0.0024370
 485.0 0.0023680
 487.5 0.0023400
 490.0 0.0023720
 492.5 0.0024230
 495.0 0.0024520
 497.5 0.0024410
 500.0 0.0024340
 502.5 0.0024250
 505.0 0.0024320
 507.5 0.0024390
 510.0 0.0024460
 512.5 0.0024140
 515.0 0.0023770
 517.5 0.0023570
 520.0 0.0023550
 522.5 0.0023660
 525.0 0.0023940
 527.5 0.0024170
 530.0 0.0024390
 532.5 0.0024710
 535.0 0.0024770
 537.5 0.0024660
 540.0 0.0024590
 542.5 0.0024620
 545.0 0.0024620
 547.5 0.0024570
 550.0 0.0024590
 552.5 0.0024520
 555.0 0.0024460
 557.5 0.0024390
 560.0 0.0024300
 562.5 0.0024100
 565.0 0.0023970
 567.5 0.0023990
 570.0 0.0023970
 572.5 0.0024030
 575.0 0.0024050
 577.5 0.0024120
 580.0 0.0024080
 582.5 0.0024050
 585.0 0.0023990
 587.5 0.0023880
 590.0 0.0023790
 592.5 0.0023770
 595.0 0.0023770
 597.5 0.0023770
 600.0 0.0023750
 602.5 0.0023720
 605.0 0.0023660
 607.5 0.0023570
 610.0 0.0023270
 612.5 0.0022970
 615.0 0.0022740
 617.5 0.0022620
 620.0 0.0022700
 622.5 0.0022700
 625.0 0.0022450
 627.5 0.0022260
 630.0 0.0022260
 632.5 0.0022330
 635.0 0.0022330
 637.5 0.0022300
 640.0 0.0022280
 642.5 0.0022260
 645.0 0.0022140
 647.5 0.0021940
 650.0 0.0021420
 652.5 0.0021050
 655.0 0.0020910
 657.5 0.0020950
 660.0 0.0021160
 662.5 0.0021460
 665.0 0.0021640
 667.5 0.0021600
 670.0 0.0021520
 672.5 0.0021380
 675.0 0.0021320
 677.5 0.0021200
 680.0 0.0021070
 682.5 0.0021010
 685.0 0.0020740
 687.5 0.0020550
 690.0 0.0020420
 692.5 0.0020270
 695.0 0.0020100
 697.5 0.0019900
 700.0 0.0019700
 702.5 0.0019500
 705.0 0.0019410
 707.5 0.0019360
 710.0 0.0019210
 712.5 0.0019040
 715.0 0.0018810
 717.5 0.0018570
 720.0 0.0018430
 722.5 0.0018380
 725.0 0.0018310
 727.5 0.0018250
 730.0 0.0018080
 732.5 0.0018000
 735.0 0.0017830
 737.5 0.0017850
 740.0 0.0018030
 742.5 0.0018060
 745.0 0.0018000
 747.5 0.0018010
 750.0 0.0018030
 752.5 0.0018050
 755.0 0.0018010
 757.5 0.0018000
 760.0 0.0017950
 762.5 0.0017770
 765.0 0.0017780
 767.5 0.0017670
 770.0 0.0017680
 772.5 0.0017650
 775.0 0.0017600
 777.5 0.0017700
 780.0 0.0017700
 782.5 0.0017650
 785.0 0.0017470
 787.5 0.0017190
 790.0 0.0016780
 792.5 0.0016600
 795.0 0.0016490
 797.5 0.0016460
 800.0 0.0016550
 802.5 0.0016430
 805.0 0.0016200
 807.5 0.0016030
 810.0 0.0015890
 812.5 0.0015950
 815.0 0.0015920
 817.5 0.0015830
 820.0 0.0015790
 822.5 0.0015730
 825.0 0.0015790
 827.5 0.0015780
 830.0 0.0015690
 832.5 0.0015570
 835.0 0.0015490
 837.5 0.0015500
 840.0 0.0015560
 842.5 0.0015620
 845.0 0.0015570
 847.5 0.0015330
 850.0 0.0015050
 852.5 0.0014970
 855.0 0.0015010
 857.5 0.0015110
 860.0 0.0015210
 862.5 0.0015260
 865.0 0.0015050
 867.5 0.0014980
 870.0 0.0015190
 872.5 0.0015260
 875.0 0.0015150
 877.5 0.0015010
 880.0 0.0015090
 882.5 0.0015000
 885.0 0.0014900
 887.5 0.0014700
 890.0 0.0014660
 892.5 0.0014320
 895.0 0.0014320
 897.5 0.0014180
 900.0 0.0014010
 902.5 0.0013770
 905.0 0.0013660
 907.5 0.0013600
 910.0 0.0013500
 912.5 0.0013260
 915.0 0.0013060
 917.5 0.0013000
 920.0 0.0012760
 922.5 0.0012670
 925.0 0.0012690
 927.5 0.0012860
 930.0 0.0012940
 932.5 0.0012740
 935.0 0.0012610
 937.5 0.0012430
 940.0 0.0012310
 942.5 0.0012260
 945.0 0.0012250
 947.5 0.0012190
 950.0 0.0012090
 952.5 0.0012090
 955.0 0.0012110
 957.5 0.0012110
 960.0 0.0012120
 962.5 0.0012180
 965.0 0.0012150
 967.5 0.0012170
 970.0 0.0012130
 972.5 0.0012160
 975.0 0.0012120
 977.5 0.0012150
 980.0 0.0012200
 982.5 0.0012210
 985.0 0.0012250
 987.5 0.0012290
 990.0 0.0012290
 992.5 0.0012260
 995.0 0.0012280
 997.5 0.0012330
1000.0 0.0012270
1002.5 0.0012150
1005.0 0.0012130
1007.5 0.0012130
1010.0 0.0012180
1012.5 0.0012190
1015.0 0.0012150
1017.5 0.0012020
1020.0 0.0011980
1022.5 0.0011970
1025.0 0.0011900
1027.5 0.0011840
1030.0 0.0011810
1032.5 0.0011740
1035.0 0.0011710
1037.5 0.0011670
1040.0 0.0011680
1042.5 0.0011690
1045.0 0.0011630
1047.5 0.0011550
1050.0 0.0011480
1052.5 0.0011430
1055.0 0.0011340
1057.5 0.0011370
1060.0 0.0011330
1062.5 0.0011290
1065.0 0.0011270
1067.5 0.0011240
1070.0 0.0011200
1072.5 0.0011130
1075.0 0.0011000
1077.5 0.0010910
1080.0 0.0010780

# nm  Flux(W/m2/m) for star HR 915 from file: table6.dat
 320.0 0.0005620
 322.5 0.0005790
 325.0 0.0005780
 327.5 0.0006590
 330.0 0.0007110
 332.5 0.0007060
 335.0 0.0006830
 337.5 0.0006550
 340.0 0.0007000
 342.5 0.0007550
 345.0 0.0007390
 347.5 0.0007540
 350.0 0.0007600
 352.5 0.0007940
 355.0 0.0007780
 357.5 0.0006920
 360.0 0.0007340
 362.5 0.0008130
 365.0 0.0009080
 367.5 0.0009720
 370.0 0.0009860
 372.5 0.0009520
 375.0 0.0009780
 377.5 0.0011170
 380.0 0.0011260
 382.5 0.0011040
 385.0 0.0011580
 387.5 0.0012310
 390.0 0.0013630
 392.5 0.0014720
 395.0 0.0013610
 397.5 0.0013290
 400.0 0.0019070
 402.5 0.0020870
 405.0 0.0020820
 407.5 0.0019730
 410.0 0.0017430
 412.5 0.0018150
 415.0 0.0019750
 417.5 0.0019530
 420.0 0.0019950
 422.5 0.0020680
 425.0 0.0021010
 427.5 0.0020760
 430.0 0.0019440
 432.5 0.0019020
 435.0 0.0020010
 437.5 0.0021400
 440.0 0.0021900
 442.5 0.0022740
 445.0 0.0023010
 447.5 0.0023440
 450.0 0.0024120
 452.5 0.0024140
 455.0 0.0023790
 457.5 0.0024170
 460.0 0.0024230
 462.5 0.0025030
 465.0 0.0024500
 467.5 0.0024280
 470.0 0.0024520
 472.5 0.0024730
 475.0 0.0024930
 477.5 0.0025170
 480.0 0.0025330
 482.5 0.0025070
 485.0 0.0022970
 487.5 0.0022410
 490.0 0.0023920
 492.5 0.0024460
 495.0 0.0024930
 497.5 0.0024550
 500.0 0.0023900
 502.5 0.0023860
 505.0 0.0024190
 507.5 0.0024550
 510.0 0.0024390
 512.5 0.0024030
 515.0 0.0023490
 517.5 0.0023160
 520.0 0.0023290
 522.5 0.0023530
 525.0 0.0023680
 527.5 0.0023720
 530.0 0.0024410
 532.5 0.0024680
 535.0 0.0024890
 537.5 0.0024800
 540.0 0.0024010
 542.5 0.0024250
 545.0 0.0024770
 547.5 0.0024370
 550.0 0.0024300
 552.5 0.0024190
 555.0 0.0024430
 557.5 0.0024230
 560.0 0.0023860
 562.5 0.0023770
 565.0 0.0023700
 567.5 0.0023680
 570.0 0.0023590
 572.5 0.0023900
 575.0 0.0023970
 577.5 0.0023830
 580.0 0.0023590
 582.5 0.0023990
 585.0 0.0024080
 587.5 0.0023620
 590.0 0.0023230
 592.5 0.0023400
 595.0 0.0023620
 597.5 0.0023720
 600.0 0.0023270
 602.5 0.0023380
 605.0 0.0023460
 607.5 0.0023310
 610.0 0.0022950
 612.5 0.0022660
 615.0 0.0022350
 617.5 0.0022020
 620.0 0.0022530
 622.5 0.0022180
 625.0 0.0021820
 627.5 0.0022060
 630.0 0.0021960
 632.5 0.0021840
 635.0 0.0022080
 637.5 0.0022200
 640.0 0.0022080
 642.5 0.0022120
 645.0 0.0022220
 647.5 0.0021600
 650.0 0.0020910
 652.5 0.0020950
 655.0 0.0020460
 657.5 0.0020270
 660.0 0.0021010
 662.5 0.0021360
 665.0 0.0021620
 667.5 0.0021560
 670.0 0.0021110
 672.5 0.0020720
 675.0 0.0020950
 677.5 0.0021090
 680.0 0.0020870
 682.5 0.0020910
 685.0 0.0020320
 687.5 0.0019810
 690.0 0.0020380
 692.5 0.0020360
 695.0 0.0019820
 697.5 0.0019720
 700.0 0.0019530
 702.5 0.0019180
 705.0 0.0019140
 707.5 0.0019280
 710.0 0.0019160
 712.5 0.0018900
 715.0 0.0018810
 717.5 0.0018150
 720.0 0.0017780
 722.5 0.0018060
 725.0 0.0018420
 727.5 0.0018150
 730.0 0.0017820
 732.5 0.0017830
 735.0 0.0017230

