# nm  Flux(W/m2/m) for star HR 969 from file: table5.dat
 320.0 0.
 322.5 0.
 325.0 0.
 327.5 0.0000479
 330.0 0.0000487
 332.5 0.0000497
 335.0 0.0000522
 337.5 0.0000558
 340.0 0.0000588
 342.5 0.0000599
 345.0 0.0000605
 347.5 0.0000613
 350.0 0.0000626
 352.5 0.0000631
 355.0 0.0000626
 357.5 0.0000636
 360.0 0.0000693
 362.5 0.0000797
 365.0 0.0000899
 367.5 0.0000949
 370.0 0.0000940
 372.5 0.0000903
 375.0 0.0000866
 377.5 0.0000827
 380.0 0.0000770
 382.5 0.0000717
 385.0 0.0000708
 387.5 0.0000749
 390.0 0.0000796
 392.5 0.0000837
 395.0 0.0000923
 397.5 0.0001088
 400.0 0.0001295
 402.5 0.0001460
 405.0 0.0001553
 407.5 0.0001592
 410.0 0.0001600
 412.5 0.0001583
 415.0 0.0001559
 417.5 0.0001563
 420.0 0.0001619
 422.5 0.0001695
 425.0 0.0001747
 427.5 0.0001768
 430.0 0.0001805
 432.5 0.0001891
 435.0 0.0002001
 437.5 0.0002089
 440.0 0.0002148
 442.5 0.0002214
 445.0 0.0002312
 447.5 0.0002428
 450.0 0.0002523
 452.5 0.0002570
 455.0 0.0002597
 457.5 0.0002640
 460.0 0.0002706
 462.5 0.0002759
 465.0 0.0002780
 467.5 0.0002785
 470.0 0.0002813
 472.5 0.0002873
 475.0 0.0002935
 477.5 0.0002976
 480.0 0.0002979
 482.5 0.0002951
 485.0 0.0002911
 487.5 0.0002900
 490.0 0.0002943
 492.5 0.0003017
 495.0 0.0003068
 497.5 0.0003073
 500.0 0.0003076
 502.5 0.0003105
 505.0 0.0003145
 507.5 0.0003162
 510.0 0.0003348
 512.5 0.0003142
 515.0 0.0003020
 517.5 0.0003116
 520.0 0.0003200
 522.5 0.0003215
 525.0 0.0003324
 527.5 0.0003471
 530.0 0.0003448
 532.5 0.0003451
 535.0 0.0003591
 537.5 0.0003522
 540.0 0.0003493
 542.5 0.0003565
 545.0 0.0003634
 547.5 0.0003651
 550.0 0.0003637
 552.5 0.0003607
 555.0 0.0003634
 557.5 0.0003668
 560.0 0.0003654
 562.5 0.0003651
 565.0 0.0003641
 567.5 0.0003641
 570.0 0.0003678
 572.5 0.0003658
 575.0 0.0003695
 577.5 0.0003788
 580.0 0.0003764
 582.5 0.0003746
 585.0 0.0003809
 587.5 0.0003788
 590.0 0.0003760
 592.5 0.0003812
 595.0 0.0003848
 597.5 0.0003858
 600.0 0.0003837
 602.5 0.0003876
 605.0 0.0003851
 607.5 0.0003819
 610.0 0.0003743
 612.5 0.0003726
 615.0 0.0003688
 617.5 0.0003685
 620.0 0.0003709
 622.5 0.0003736
 625.0 0.0003702
 627.5 0.0003644
 630.0 0.0003661
 632.5 0.0003702
 635.0 0.0003719
 637.5 0.0003715
 640.0 0.0003722
 642.5 0.0003726
 645.0 0.0003715
 647.5 0.0003705
 650.0 0.0003617
 652.5 0.0003601
 655.0 0.0003617
 657.5 0.0003637
 660.0 0.0003644
 662.5 0.0003712
 665.0 0.0003774
 667.5 0.0003805
 670.0 0.0003826
 672.5 0.0003844
 675.0 0.0003816
 677.5 0.0003777
 680.0 0.0003771
 682.5 0.0003736
 685.0 0.0003771
 687.5 0.0003760
 690.0 0.0003681
 692.5 0.0003658
 695.0 0.0003651
 697.5 0.0003624
 700.0 0.0003588
 702.5 0.0003551
 705.0 0.0003604
 707.5 0.0003591
 710.0 0.0003604
 712.5 0.0003578
 715.0 0.0003496
 717.5 0.0003464
 720.0 0.0003423
 722.5 0.0003448
 725.0 0.0003455
 727.5 0.0003382
 730.0 0.0003379
 732.5 0.0003401
 735.0 0.0003401
 737.5 0.0003376
 740.0 0.0003364
 742.5 0.0003373
 745.0 0.0003364
 747.5 0.0003382
 750.0 0.0003379
 752.5 0.0003364
 755.0 0.0003351
 757.5 0.0003423
 760.0 0.0003392
 762.5 0.0003373
 765.0 0.0003302
 767.5 0.0003314
 770.0 0.0003317
 772.5 0.0003354
 775.0 0.0003348
 777.5 0.0003407
 780.0 0.0003451
 782.5 0.0003417
 785.0 0.0003376
 787.5 0.0003333
 790.0 0.0003275
 792.5 0.0003224
 795.0 0.0003245
 797.5 0.0003209
 800.0 0.0003218
 802.5 0.0003209
 805.0 0.0003189
 807.5 0.0003177
 810.0 0.0003142
 812.5 0.0003125
 815.0 0.0003148
 817.5 0.0003119
 820.0 0.0003119
 822.5 0.0003139
 825.0 0.0003148
 827.5 0.0003151
 830.0 0.0003151
 832.5 0.0003130
 835.0 0.0003110
 837.5 0.0003128
 840.0 0.0003180
 842.5 0.0003192
 845.0 0.0003194
 847.5 0.0003139
 850.0 0.0003028
 852.5 0.0002987
 855.0 0.0002998
 857.5 0.0003062
 860.0 0.0003128
 862.5 0.0003113
 865.0 0.0003082
 867.5 0.0003059
 870.0 0.0003116
 872.5 0.0003200
 875.0 0.0003189
 877.5 0.0003116
 880.0 0.0003171
 882.5 0.0003142
 885.0 0.0003139
 887.5 0.0003128
 890.0 0.0003065
 892.5 0.0003037
 895.0 0.0002973
 897.5 0.0002916
 900.0 0.0002921
 902.5 0.0002895
 905.0 0.0002905
 907.5 0.0002887
 910.0 0.0002842
 912.5 0.0002772
 915.0 0.0002757
 917.5 0.0002662
 920.0 0.0002672
 922.5 0.0002682
 925.0 0.0002716
 927.5 0.0002744
 930.0 0.0002769
 932.5 0.0002769
 935.0 0.0002752
 937.5 0.0002762
 940.0 0.0002731
 942.5 0.0002696
 945.0 0.0002623
 947.5 0.0002692
 950.0 0.0002734
 952.5 0.0002706
 955.0 0.0002742
 957.5 0.0002682
 960.0 0.0002662
 962.5 0.0002642
 965.0 0.0002625
 967.5 0.0002630
 970.0 0.0002616
 972.5 0.0002630
 975.0 0.0002628
 977.5 0.0002655
 980.0 0.0002672
 982.5 0.0002659
 985.0 0.0002711
 987.5 0.0002721
 990.0 0.0002692
 992.5 0.0002704
 995.0 0.0002747
 997.5 0.0002696
1000.0 0.0002684
1002.5 0.0002706
1005.0 0.0002714
1007.5 0.0002721
1010.0 0.0002711
1012.5 0.0002714
1015.0 0.0002714
1017.5 0.0002709
1020.0 0.0002721
1022.5 0.0002687
1025.0 0.0002716
1027.5 0.0002714
1030.0 0.0002664
1032.5 0.0002667
1035.0 0.0002650
1037.5 0.0002628
1040.0 0.0002667
1042.5 0.0002630
1045.0 0.0002611
1047.5 0.0002625
1050.0 0.0002621
1052.5 0.0002628
1055.0 0.0002597
1057.5 0.0002597
1060.0 0.0002597
1062.5 0.0002575
1065.0 0.0002563
1067.5 0.0002519
1070.0 0.0002533
1072.5 0.0002544
1075.0 0.0002544
1077.5 0.0002475
1080.0 0.0002523

# nm  Flux(W/m2/m) for star HR 969 from file: table6.dat
 320.0 0.0000768
 322.5 0.0000696
 325.0 0.0000567
 327.5 0.0000479
 330.0 0.0000508
 332.5 0.0000474
 335.0 0.0000480
 337.5 0.0000593
 340.0 0.0000618
 342.5 0.0000574
 345.0 0.0000620
 347.5 0.0000603
 350.0 0.0000612
 352.5 0.0000669
 355.0 0.0000639
 357.5 0.0000571
 360.0 0.0000625
 362.5 0.0000810
 365.0 0.0000964
 367.5 0.0000991
 370.0 0.0000973
 372.5 0.0000881
 375.0 0.0000837
 377.5 0.0000874
 380.0 0.0000799
 382.5 0.0000668
 385.0 0.0000609
 387.5 0.0000763
 390.0 0.0000885
 392.5 0.0000795
 395.0 0.0000786
 397.5 0.0001044
 400.0 0.0001384
 402.5 0.0001528
 405.0 0.0001573
 407.5 0.0001598
 410.0 0.0001625
 412.5 0.0001611
 415.0 0.0001535
 417.5 0.0001498
 420.0 0.0001585
 422.5 0.0001728
 425.0 0.0001820
 427.5 0.0001764
 430.0 0.0001689
 432.5 0.0001874
 435.0 0.0002074
 437.5 0.0002111
 440.0 0.0002136
 442.5 0.0002184
 445.0 0.0002268
 447.5 0.0002452
 450.0 0.0002594
 452.5 0.0002592
 455.0 0.0002566
 457.5 0.0002592
 460.0 0.0002711
 462.5 0.0002834
 465.0 0.0002798
 467.5 0.0002734
 470.0 0.0002775
 472.5 0.0002884
 475.0 0.0002965
 477.5 0.0002995
 480.0 0.0002995
 482.5 0.0002995
 485.0 0.0002876
 487.5 0.0002831
 490.0 0.0002911
 492.5 0.0003039
 495.0 0.0003151
 497.5 0.0003076
 500.0 0.0003006
 502.5 0.0003082
 505.0 0.0003203
 507.5 0.0003200
 510.0 0.0003139
 512.5 0.0003102
 515.0 0.0003093
 517.5 0.0003079
 520.0 0.0003174
 522.5 0.0003245
 525.0 0.0003221
 527.5 0.0003311
 530.0 0.0003429
 532.5 0.0003477
 535.0 0.0003568
 537.5 0.0003578
 540.0 0.0003532
 542.5 0.0003571
 545.0 0.0003614
 547.5 0.0003574
 550.0 0.0003555
 552.5 0.0003631
 555.0 0.0003668
 557.5 0.0003668
 560.0 0.0003651
 562.5 0.0003691
 565.0 0.0003664
 567.5 0.0003617
 570.0 0.0003614
 572.5 0.0003722
 575.0 0.0003764
 577.5 0.0003705
 580.0 0.0003733
 582.5 0.0003805
 585.0 0.0003802
 587.5 0.0003746
 590.0 0.0003753
 592.5 0.0003848
 595.0 0.0003934
 597.5 0.0003890
 600.0 0.0003781
 602.5 0.0003781
 605.0 0.0003819
 607.5 0.0003784
 610.0 0.0003764
 612.5 0.0003695
 615.0 0.0003651
 617.5 0.0003691
 620.0 0.0003753
 622.5 0.0003809
 625.0 0.0003805
 627.5 0.0003681
 630.0 0.0003591
 632.5 0.0003597
 635.0 0.0003675
 637.5 0.0003798
 640.0 0.0003812
 642.5 0.0003668
 645.0 0.0003671
 647.5 0.0003661
 650.0 0.0003574
 652.5 0.0003614
 655.0 0.0003591
 657.5 0.0003691
 660.0 0.0003757
 662.5 0.0003691
 665.0 0.0003668
 667.5 0.0003774
 670.0 0.0003757
 672.5 0.0003760
 675.0 0.0003798
 677.5 0.0003791
 680.0 0.0003802
 682.5 0.0003791
 685.0 0.0003739
 687.5 0.0003733
 690.0 0.0003722
 692.5 0.0003641
 695.0 0.0003607
 697.5 0.0003651
 700.0 0.0003654
 702.5 0.0003588
 705.0 0.0003637
 707.5 0.0003729
 710.0 0.0003681
 712.5 0.0003594
 715.0 0.0003532
 717.5 0.0003458
 720.0 0.0003496
 722.5 0.0003499
 725.0 0.0003436
 727.5 0.0003278
 730.0 0.0003324
 732.5 0.0003477
 735.0 0.0003483

