40 513
40 514
40 515
40 516
40 517
40 518
40 519
40 520
40 521
40 522
40 523
40 524
40 525
40 526
40 527
40 528
40 529
40 530
40 531
40 532
40 533
40 534
40 535
40 536
40 537
40 538
40 539
40 540
40 541
40 542
40 543
40 544
40 545
40 546
40 547
40 548
40 549
40 550
40 551
40 552
40 553
40 554
40 555
40 556
40 557
40 558
40 559
40 560
40 561
40 562
40 563
40 564
40 565
40 566
40 567
40 568
40 569
40 570
40 571
40 572
40 573
40 574
40 575
40 576
40 577
40 578
40 579
40 580
40 581
40 582
40 583
40 584
40 585
40 586
40 587
40 588
40 589
40 590
40 591
40 592
40 593
40 594
40 595
40 596
40 597
40 598
40 599
40 600
40 601
40 602
40 603
40 604
40 605
40 606
40 607
40 608
40 609
40 610
40 611
40 612
40 613
40 614
40 615
40 616
40 617
40 618
40 619
40 620
40 621
40 622
40 623
40 624
40 625
40 626
40 627
40 628
40 629
40 630
40 631
40 632
40 633
40 634
40 635
40 636
40 637
40 638
40 639
40 640
40 641
40 642
40 643
40 644
40 645
40 646
40 647
40 648
40 649
40 650
40 651
40 652
40 653
40 654
40 655
40 656
40 657
40 658
40 659
40 660
40 661
40 662
40 663
40 664
40 665
40 666
40 667
40 668
40 669
40 670
40 671
40 672
40 673
40 674
40 675
40 676
40 677
40 678
40 679
40 680
40 681
40 682
40 683
40 684
40 685
40 686
40 687
40 688
40 689
40 690
40 691
40 692
40 693
40 694
40 695
40 696
40 697
40 698
40 699
40 700
40 701
40 702
40 703
40 704
40 705
40 706
40 707
40 708
40 709
40 710
40 711
40 712
40 713
40 714
40 715
40 716
40 717
40 718
40 719
40 720
40 721
40 722
40 723
40 724
40 725
40 726
40 727
40 728
40 729
40 730
40 731
40 732
40 733
40 734
40 735
40 736
40 737
40 738
40 739
40 740
40 741
40 742
40 743
40 744
40 745
40 746
40 747
40 748
40 749
40 750
40 751
40 752
40 753
40 754
40 755
40 756
40 757
40 758
40 759
40 760
40 761
40 762
40 763
40 764
40 765
40 766
40 767
40 768
40 769
40 770
40 771
40 772
40 773
40 774
40 775
40 776
40 777
40 778
40 779
40 780
40 781
40 782
40 783
40 784
40 785
40 786
40 787
40 788
40 789
40 790
40 791
40 792
40 793
40 794
40 795
40 796
40 797
40 798
40 799
40 800
40 801
40 802
49 513
49 514
49 515
49 516
49 517
49 518
49 519
49 520
49 521
49 522
49 523
49 524
49 525
49 526
49 527
49 528
49 529
49 530
49 531
49 532
49 533
49 534
49 535
49 536
49 537
49 538
49 539
49 540
49 541
49 542
49 543
49 544
49 545
49 546
49 547
49 548
49 549
49 550
49 551
49 552
49 553
49 554
49 555
49 556
49 557
49 558
49 559
49 560
49 561
49 562
49 563
49 564
49 565
49 566
49 567
49 568
49 569
49 570
49 571
49 572
49 573
49 574
49 575
49 576
49 577
49 578
49 579
49 580
49 581
49 582
49 583
49 584
49 585
49 586
49 587
49 588
49 589
49 590
49 591
49 592
49 593
49 594
49 595
49 596
49 597
49 598
49 599
49 600
49 601
49 602
49 603
49 604
49 605
49 606
49 607
49 608
49 609
49 610
49 611
49 612
49 613
49 614
49 615
49 616
49 617
49 618
49 619
49 620
49 621
49 622
49 623
49 624
49 625
49 626
49 627
49 628
49 629
49 630
49 631
49 632
49 633
49 634
49 635
49 636
49 637
49 638
49 639
49 640
49 641
49 642
49 643
49 644
49 645
49 646
49 647
49 648
49 649
49 650
49 651
49 652
49 653
49 654
49 655
49 656
49 657
49 658
49 659
49 660
49 661
49 662
49 663
49 664
49 665
49 666
49 667
49 668
49 669
49 670
49 671
49 672
49 673
49 674
49 675
49 676
49 677
49 678
49 679
49 680
49 681
49 682
49 683
49 684
49 685
49 686
49 687
49 688
49 689
49 690
49 691
49 692
49 693
49 694
49 695
49 696
49 697
49 698
49 699
49 700
49 701
49 702
49 703
49 704
49 705
49 706
49 707
49 708
49 709
49 710
49 711
49 712
49 713
49 714
49 715
49 716
49 717
49 718
49 719
49 720
49 721
49 722
49 723
49 724
49 725
49 726
49 727
49 728
49 729
49 730
49 731
49 732
49 733
49 734
49 735
49 736
49 737
49 738
49 739
49 740
49 741
49 742
49 743
49 744
49 745
49 746
49 747
49 748
49 749
49 750
49 751
49 752
49 753
49 754
49 755
49 756
49 757
49 758
49 759
49 760
49 761
49 762
49 763
49 764
49 765
49 766
49 767
49 768
49 769
49 770
49 771
49 772
49 773
49 774
49 775
49 776
49 777
49 778
49 779
49 780
49 781
49 782
49 783
49 784
49 785
49 786
49 787
49 788
49 789
49 790
49 791
49 792
49 793
49 794
49 795
49 796
49 797
49 798
49 799
49 800
49 801
49 802
49 803
49 804
49 805
49 806
49 807
49 808
49 809
49 810
49 811
49 812
49 813
49 814
49 815
49 816
49 817
49 818
49 819
49 820
49 821
49 822
49 823
49 824
49 825
49 826
49 827
49 828
49 829
49 830
49 831
49 832
49 833
49 834
49 835
49 836
49 837
49 838
49 839
49 840
49 841
49 842
49 843
49 844
49 845
49 846
49 847
49 848
49 849
49 850
49 851
49 852
49 853
49 854
49 855
49 856
49 857
49 858
49 859
49 860
49 861
49 862
49 863
49 864
49 865
49 866
49 867
49 868
49 869
49 870
49 871
49 872
49 873
49 874
49 875
49 876
49 877
49 878
49 879
49 880
49 881
49 882
49 883
49 884
49 885
49 886
49 887
49 888
49 889
49 890
49 891
49 892
49 893
49 894
49 895
49 896
49 897
49 898
49 899
49 900
49 901
49 902
49 903
49 904
49 905
49 906
49 907
49 908
49 909
49 910
49 911
49 912
49 913
49 914
49 915
49 916
49 917
49 918
49 919
49 920
49 921
49 922
49 923
49 924
49 925
49 926
49 927
49 928
49 929
49 930
49 931
49 932
49 933
49 934
49 935
49 936
49 937
49 938
49 939
49 940
49 941
49 942
49 943
49 944
49 945
49 946
49 947
49 948
49 949
49 950
49 951
49 952
49 953
49 954
49 955
49 956
49 957
49 958
49 959
49 960
49 961
49 962
49 963
49 964
49 965
49 966
49 967
49 968
49 969
49 970
49 971
49 972
49 973
49 974
49 975
49 976
49 977
49 978
49 979
49 980
49 981
49 982
49 983
49 984
49 985
49 986
49 987
49 988
49 989
49 990
49 991
49 992
49 993
49 994
49 995
49 996
49 997
49 998
49 999
49 1000
49 1001
49 1002
49 1003
49 1004
49 1005
49 1006
49 1007
49 1008
49 1009
49 1010
49 1011
49 1012
49 1013
49 1014
49 1015
49 1016
49 1017
49 1018
49 1019
49 1020
49 1021
49 1022
49 1023
299 513
299 514
299 515
299 516
299 517
299 518
299 519
299 520
299 521
299 522
299 523
299 524
299 525
299 526
299 527
299 528
299 529
299 530
299 531
299 532
299 533
299 534
299 535
299 536
299 537
299 538
299 539
299 540
299 541
299 542
299 543
299 544
299 545
299 546
299 547
299 548
299 549
299 550
299 551
299 552
299 553
299 554
299 555
299 556
299 557
299 558
299 559
299 560
299 561
299 562
299 563
299 564
299 565
299 566
299 567
299 568
299 569
299 570
299 571
299 572
299 573
299 574
299 575
299 576
299 577
299 578
299 579
299 580
299 581
299 582
299 583
299 584
299 585
299 586
299 587
299 588
299 589
299 590
299 591
299 592
299 593
299 594
299 595
299 596
299 597
299 598
299 599
299 600
299 601
299 602
299 603
299 604
299 605
299 606
299 607
299 608
299 609
299 610
299 611
299 612
299 613
299 614
299 615
299 616
299 617
299 618
299 619
299 620
299 621
299 622
299 623
299 624
299 625
299 626
299 627
299 628
299 629
299 630
299 631
299 632
299 633
299 634
299 635
299 636
299 637
299 638
299 639
299 640
299 641
299 642
299 643
299 644
299 645
299 646
299 647
299 648
299 649
299 650
299 651
299 652
299 653
299 654
299 655
299 656
299 657
299 658
299 659
299 660
299 661
299 662
299 663
299 664
299 665
299 666
299 667
299 668
299 669
299 670
299 671
299 672
299 673
299 674
299 675
299 676
299 677
299 678
299 679
299 680
299 681
299 682
299 683
299 684
299 685
299 686
299 687
299 688
299 689
299 690
299 691
299 692
299 693
299 694
299 695
299 696
299 697
299 698
299 699
299 700
299 701
299 702
299 703
299 704
299 705
299 706
299 707
299 708
299 709
299 710
299 711
299 712
299 713
299 714
299 715
299 716
299 717
299 718
299 719
299 720
299 721
299 722
299 723
299 724
299 725
299 726
299 727
299 728
299 729
299 730
299 731
299 732
299 733
299 734
299 735
299 736
299 737
299 738
299 739
299 740
299 741
299 742
299 743
299 744
299 745
299 746
299 747
299 748
299 749
299 750
299 751
299 752
299 753
299 754
299 755
299 756
299 757
299 758
299 759
299 760
299 761
299 762
299 763
299 764
299 765
299 766
299 767
299 768
299 769
299 770
299 771
299 772
299 773
299 774
299 775
299 776
299 777
299 778
299 779
299 780
299 781
299 782
299 783
299 784
299 785
299 786
299 787
299 788
299 789
299 790
299 791
299 792
299 793
299 794
299 795
299 796
299 797
299 798
299 799
299 800
299 801
299 802
299 803
299 804
299 805
299 806
299 807
299 808
299 809
299 810
299 811
299 812
299 813
299 814
299 815
299 816
299 817
299 818
299 819
299 820
299 821
299 822
299 823
299 824
299 825
299 826
299 827
299 828
299 829
299 830
299 831
299 832
299 833
299 834
299 835
299 836
299 837
299 838
299 839
299 840
299 841
299 842
299 843
299 844
299 845
299 846
299 847
299 848
299 849
299 850
299 851
299 852
299 853
299 854
299 855
299 856
299 857
299 858
299 859
299 860
299 861
299 862
299 863
299 864
299 865
299 866
299 867
299 868
299 869
299 870
299 871
299 872
299 873
299 874
299 875
299 876
299 877
299 878
299 879
299 880
299 881
299 882
299 883
299 884
299 885
299 886
299 887
299 888
299 889
299 890
299 891
299 892
299 893
299 894
299 895
299 896
299 897
299 898
299 899
299 900
299 901
299 902
299 903
299 904
299 905
299 906
299 907
299 908
299 909
299 910
299 911
299 912
299 913
299 914
299 915
299 916
299 917
299 918
299 919
299 920
299 921
299 922
299 923
299 924
299 925
299 926
299 927
299 928
299 929
299 930
299 931
299 932
299 933
299 934
299 935
299 936
299 937
299 938
299 939
299 940
299 941
299 942
299 943
299 944
299 945
299 946
299 947
299 948
299 949
299 950
299 951
299 952
299 953
299 954
299 955
299 956
299 957
299 958
299 959
299 960
299 961
299 962
299 963
299 964
299 965
299 966
299 967
299 968
299 969
299 970
299 971
299 972
299 973
299 974
299 975
299 976
299 977
299 978
299 979
299 980
299 981
299 982
299 983
299 984
299 985
299 986
299 987
299 988
299 989
299 990
299 991
299 992
299 993
299 994
299 995
299 996
299 997
299 998
299 999
299 1000
299 1001
299 1002
299 1003
299 1004
299 1005
299 1006
299 1007
299 1008
299 1009
299 1010
299 1011
299 1012
299 1013
299 1014
299 1015
299 1016
299 1017
299 1018
299 1019
299 1020
299 1021
299 1022
299 1023
372 208
372 209
373 208
373 209
390 722
390 723
391 722
391 723
488 1
488 2
488 3
488 4
488 5
488 6
488 7
488 8
488 9
488 10
488 11
488 12
488 13
488 14
488 15
488 16
488 17
488 18
488 19
488 20
488 21
488 22
488 23
488 24
488 25
488 26
488 27
488 28
488 29
488 30
488 31
488 32
488 33
488 34
488 35
488 36
488 37
488 38
488 39
488 40
488 41
488 42
488 43
488 44
488 45
488 46
488 47
488 48
488 49
488 50
488 51
488 52
488 53
488 54
488 55
488 56
488 57
488 58
488 59
488 60
488 61
488 62
488 63
488 64
488 65
488 66
488 67
488 68
488 69
488 70
488 71
488 72
488 73
488 74
488 75
488 76
488 77
488 78
488 79
488 80
488 81
488 82
488 83
488 84
488 85
488 86
488 87
488 88
488 89
488 90
488 91
488 92
488 93
488 94
488 95
488 96
488 97
488 98
488 99
488 100
488 101
488 102
488 103
488 104
488 105
488 106
488 107
488 108
488 109
488 110
488 111
488 112
488 113
488 114
488 115
488 116
488 117
488 118
488 119
488 120
488 121
488 122
488 123
488 124
488 125
488 126
488 127
488 128
488 129
488 130
488 131
488 132
488 133
488 134
488 135
488 136
488 137
488 138
488 139
488 140
488 141
488 142
488 143
488 144
488 145
488 146
488 147
488 148
488 149
488 150
488 151
488 152
488 153
488 154
488 155
488 156
488 157
488 158
488 159
488 160
488 161
488 162
488 163
488 164
488 165
488 166
488 167
488 168
488 169
488 170
488 171
488 172
488 173
488 174
488 175
488 176
488 177
488 178
488 179
488 180
488 181
488 182
488 183
488 184
488 185
488 186
488 187
488 188
488 189
488 190
488 191
488 192
488 193
488 194
488 195
488 196
488 197
488 198
488 199
488 200
488 201
488 202
488 203
488 204
488 205
488 206
488 207
488 208
488 209
488 210
488 211
488 212
488 213
488 214
488 215
488 216
488 217
488 218
488 219
488 220
488 221
488 222
488 223
488 224
488 225
488 226
488 227
488 228
488 229
488 230
488 231
488 232
488 233
488 234
488 235
488 236
488 237
488 238
488 239
488 240
488 241
488 242
488 243
488 244
488 245
488 246
488 247
488 248
488 249
488 250
488 251
488 252
488 253
488 254
488 255
488 256
488 257
488 258
488 259
488 260
488 261
488 262
488 263
488 264
488 265
488 266
488 267
488 268
488 269
488 270
488 271
488 272
488 273
488 274
488 275
488 276
488 277
488 278
488 279
488 280
488 281
488 282
488 283
488 284
488 285
488 286
488 287
488 288
488 289
488 290
488 291
488 292
488 293
488 294
488 295
488 296
488 297
488 298
488 299
488 300
488 301
488 302
488 303
488 304
488 305
488 306
488 307
488 308
488 309
488 310
488 311
488 312
488 313
488 314
488 315
488 316
488 317
488 318
488 319
488 320
488 321
488 322
488 323
488 324
488 325
488 326
488 327
488 328
488 329
488 330
488 331
488 332
488 333
488 334
488 335
488 336
488 337
488 338
488 339
488 340
488 341
488 342
488 343
488 344
488 345
488 346
488 347
488 348
488 349
488 350
488 351
488 352
488 353
488 354
488 355
488 356
488 357
488 358
488 359
488 360
488 361
488 362
488 363
488 364
488 365
488 366
488 367
488 368
488 369
488 370
488 371
488 372
488 373
488 374
488 375
488 376
488 377
488 378
488 379
488 380
488 381
488 382
488 383
488 384
488 385
488 386
488 387
488 388
488 389
488 390
488 391
488 392
488 393
488 394
488 395
488 396
488 397
488 398
488 399
488 400
488 401
488 402
488 403
488 404
488 405
488 406
488 407
488 408
488 409
488 410
488 411
488 412
488 413
488 414
488 415
488 416
488 417
488 418
488 419
488 420
488 421
488 422
488 423
488 424
488 425
488 426
488 427
488 428
488 429
488 430
488 431
488 432
488 433
488 434
488 435
488 436
488 437
488 438
488 439
488 440
488 441
488 442
488 443
488 444
488 445
488 446
488 447
488 448
488 449
488 450
488 451
488 452
488 453
488 454
488 455
488 456
488 457
488 458
488 459
488 460
488 461
488 462
488 463
488 464
488 465
488 466
488 467
488 468
488 469
488 470
488 471
488 472
488 473
488 474
488 475
488 476
488 477
488 478
488 479
488 480
488 481
488 482
488 483
488 484
488 485
488 486
488 487
488 488
488 489
488 490
488 491
488 492
488 493
488 494
488 495
488 496
488 497
488 498
488 499
488 500
488 501
488 502
488 503
488 504
488 505
488 506
488 507
488 508
488 509
488 510
488 511
488 512
561 235
561 236
562 235
562 236
719 513
719 514
719 515
719 516
719 517
719 518
719 519
719 520
719 521
719 522
719 523
719 524
719 525
719 526
719 527
719 528
719 529
719 530
719 531
719 532
719 533
719 534
719 535
719 536
719 537
719 538
719 539
719 540
719 541
719 542
719 543
719 544
719 545
719 546
719 547
719 548
719 549
719 550
719 551
719 552
719 553
719 554
719 555
719 556
719 557
719 558
719 559
719 560
719 561
719 562
719 563
719 564
719 565
719 566
719 567
719 568
719 569
719 570
719 571
719 572
719 573
719 574
719 575
719 576
719 577
719 578
719 579
719 580
719 581
719 582
719 583
719 584
719 585
719 586
719 587
719 588
719 589
719 590
719 591
719 592
719 593
719 594
719 595
719 596
719 597
719 598
719 599
719 600
719 601
719 602
719 603
719 604
719 605
719 606
719 607
719 608
719 609
719 610
719 611
719 612
719 613
719 614
719 615
719 616
719 617
719 618
719 619
719 620
719 621
719 622
719 623
719 624
719 625
719 626
719 627
719 628
719 629
719 630
719 631
719 632
719 633
719 634
719 635
719 636
719 637
719 638
719 639
719 640
719 641
719 642
719 643
719 644
719 645
719 646
719 647
719 648
719 649
719 650
719 651
719 652
719 653
719 654
719 655
719 656
719 657
719 658
719 659
719 660
719 661
719 662
719 663
719 664
719 665
719 666
719 667
719 668
719 669
719 670
719 671
719 672
719 673
719 674
719 675
719 676
719 677
719 678
719 679
719 680
719 681
719 682
719 683
719 684
719 685
719 686
719 687
719 688
719 689
719 690
719 691
719 692
719 693
719 694
719 695
719 696
719 697
719 698
719 699
719 700
719 701
719 702
719 703
719 704
719 705
719 706
719 707
719 708
719 709
719 710
719 711
719 712
719 713
719 714
719 715
719 716
719 717
719 718
719 719
719 720
719 721
719 722
719 723
719 724
719 725
719 726
719 727
719 728
719 729
719 730
719 731
719 732
719 733
719 734
719 735
719 736
719 737
719 738
719 739
719 740
719 741
719 742
719 743
719 744
719 745
719 746
719 747
719 748
719 749
719 750
719 751
719 752
719 753
719 754
719 755
719 756
719 757
719 758
719 759
719 760
719 761
719 762
719 763
719 764
719 765
719 766
719 767
719 768
719 769
719 770
719 771
719 772
719 773
719 774
719 775
719 776
719 777
719 778
719 779
719 780
719 781
719 782
719 783
719 784
719 785
719 786
719 787
719 788
719 789
719 790
719 791
719 792
719 793
719 794
719 795
719 796
719 797
719 798
719 799
719 800
719 801
719 802
719 803
719 804
719 805
719 806
719 807
719 808
719 809
719 810
719 811
719 812
719 813
719 814
719 815
719 816
719 817
719 818
719 819
719 820
719 821
719 822
719 823
719 824
719 825
719 826
719 827
719 828
719 829
719 830
719 831
719 832
719 833
719 834
719 835
719 836
719 837
719 838
719 839
719 840
719 841
719 842
719 843
719 844
719 845
719 846
719 847
719 848
719 849
719 850
719 851
719 852
719 853
719 854
719 855
719 856
719 857
719 858
719 859
719 860
719 861
719 862
719 863
719 864
719 865
719 866
719 867
719 868
719 869
719 870
719 871
719 872
719 873
719 874
719 875
719 876
719 877
719 878
719 879
719 880
719 881
719 882
719 883
719 884
719 885
719 886
719 887
719 888
719 889
719 890
719 891
719 892
719 893
719 894
719 895
719 896
719 897
719 898
719 899
719 900
719 901
719 902
719 903
719 904
719 905
719 906
719 907
719 908
719 909
719 910
719 911
719 912
719 913
719 914
719 915
719 916
719 917
719 918
719 919
719 920
719 921
719 922
719 923
719 924
719 925
719 926
719 927
719 928
719 929
719 930
719 931
719 932
719 933
719 934
719 935
719 936
719 937
719 938
719 939
719 940
719 941
719 942
719 943
719 944
719 945
719 946
719 947
719 948
719 949
719 950
719 951
719 952
719 953
719 954
719 955
719 956
719 957
719 958
719 959
719 960
719 961
719 962
719 963
719 964
719 965
719 966
719 967
719 968
719 969
719 970
719 971
719 972
719 973
719 974
719 975
719 976
719 977
719 978
719 979
719 980
719 981
719 982
719 983
719 984
719 985
719 986
719 987
719 988
719 989
719 990
719 991
719 992
719 993
719 994
719 995
719 996
719 997
719 998
719 999
719 1000
719 1001
719 1002
719 1003
719 1004
719 1005
719 1006
719 1007
719 1008
719 1009
719 1010
719 1011
719 1012
719 1013
719 1014
719 1015
719 1016
719 1017
719 1018
719 1019
719 1020
719 1021
719 1022
719 1023
738 513
738 514
738 515
738 516
738 517
738 518
738 519
738 520
738 521
738 522
738 523
738 524
738 525
738 526
738 527
738 528
738 529
738 530
738 531
738 532
738 533
738 534
738 535
738 536
738 537
738 538
738 539
738 540
738 541
738 542
738 543
738 544
738 545
738 546
738 547
738 548
738 549
738 550
738 551
738 552
738 553
738 554
738 555
738 556
738 557
738 558
738 559
738 560
738 561
738 562
738 563
738 564
738 565
738 566
738 567
738 568
738 569
738 570
738 571
738 572
738 573
738 574
738 575
738 576
738 577
738 578
738 579
738 580
738 581
738 582
738 583
738 584
738 585
738 586
738 587
738 588
738 589
738 590
738 591
738 592
738 593
738 594
738 595
738 596
738 597
738 598
738 599
738 600
738 601
738 602
738 603
738 604
738 605
738 606
738 607
738 608
738 609
738 610
738 611
738 612
738 613
738 614
738 615
738 616
738 617
738 618
738 619
738 620
738 621
738 622
738 623
738 624
738 625
738 626
738 627
738 628
738 629
738 630
738 631
738 632
738 633
738 634
738 635
738 636
738 637
738 638
738 639
738 640
738 641
738 642
738 643
738 644
738 645
738 646
738 647
738 648
738 649
738 650
738 651
738 652
738 653
738 654
738 655
738 656
738 657
738 658
738 659
738 660
738 661
738 662
738 663
738 664
738 665
738 666
738 667
738 668
738 669
738 670
738 671
738 672
738 673
738 674
738 675
738 676
738 677
738 678
738 679
738 680
738 681
738 682
738 683
738 684
738 685
738 686
738 687
738 688
738 689
738 690
738 691
738 692
738 693
738 694
738 695
738 696
738 697
738 698
738 699
738 700
738 701
738 702
738 703
738 704
738 705
738 706
738 707
738 708
738 709
738 710
738 711
738 712
738 713
738 714
738 715
738 716
738 717
738 718
738 719
738 720
738 721
738 722
738 723
738 724
738 725
738 726
738 727
738 728
738 729
738 730
738 731
738 732
738 733
738 734
738 735
738 736
738 737
738 738
738 739
738 740
738 741
738 742
738 743
738 744
738 745
738 746
738 747
738 748
738 749
738 750
738 751
738 752
738 753
738 754
738 755
738 756
738 757
738 758
738 759
738 760
738 761
738 762
738 763
738 764
738 765
738 766
738 767
738 768
738 769
738 770
738 771
738 772
738 773
738 774
738 775
738 776
738 777
738 778
738 779
738 780
738 781
738 782
738 783
738 784
738 785
738 786
738 787
738 788
738 789
738 790
738 791
738 792
738 793
738 794
738 795
738 796
738 797
738 798
738 799
738 800
738 801
738 802
738 803
738 804
738 805
738 806
738 807
738 808
738 809
738 810
738 811
738 812
738 813
738 814
738 815
738 816
738 817
738 818
738 819
738 820
738 821
738 822
738 823
738 824
738 825
738 826
738 827
738 828
738 829
738 830
738 831
738 832
738 833
738 834
738 835
738 836
738 837
738 838
738 839
738 840
738 841
738 842
738 843
738 844
738 845
738 846
738 847
738 848
738 849
738 850
738 851
738 852
738 853
738 854
738 855
738 856
738 857
738 858
738 859
738 860
738 861
738 862
738 863
738 864
738 865
738 866
738 867
738 868
738 869
738 870
738 871
738 872
738 873
738 874
738 875
738 876
738 877
738 878
738 879
738 880
738 881
738 882
738 883
738 884
738 885
738 886
738 887
738 888
738 889
738 890
738 891
738 892
738 893
738 894
738 895
738 896
738 897
738 898
738 899
738 900
738 901
738 902
738 903
738 904
738 905
738 906
738 907
738 908
738 909
738 910
738 911
738 912
738 913
738 914
738 915
738 916
738 917
738 918
738 919
738 920
738 921
738 922
738 923
738 924
738 925
738 926
738 927
738 928
738 929
738 930
738 931
738 932
738 933
738 934
738 935
738 936
738 937
738 938
738 939
738 940
738 941
738 942
738 943
738 944
738 945
738 946
738 947
738 948
738 949
738 950
738 951
738 952
738 953
738 954
738 955
738 956
738 957
738 958
738 959
738 960
738 961
738 962
738 963
738 964
738 965
738 966
738 967
738 968
738 969
738 970
738 971
738 972
738 973
738 974
738 975
738 976
738 977
738 978
738 979
738 980
738 981
738 982
738 983
738 984
738 985
738 986
738 987
738 988
738 989
738 990
738 991
738 992
738 993
738 994
738 995
738 996
738 997
738 998
738 999
738 1000
738 1001
738 1002
738 1003
738 1004
738 1005
738 1006
738 1007
738 1008
738 1009
738 1010
738 1011
738 1012
738 1013
738 1014
738 1015
738 1016
738 1017
738 1018
738 1019
738 1020
738 1021
738 1022
738 1023
772 900
772 901
772 902
772 903
772 904
772 905
772 906
772 907
772 908
772 909
772 910
772 911
772 912
772 913
772 914
772 915
772 916
772 917
772 918
772 919
772 920
772 921
772 922
772 923
772 924
772 925
772 926
772 927
773 900
773 901
773 902
773 903
773 904
773 905
773 906
773 907
773 908
773 909
773 910
773 911
773 912
773 913
773 914
773 915
773 916
773 917
773 918
773 919
773 920
773 921
773 922
773 923
773 924
773 925
773 926
773 927
774 900
774 901
774 902
774 903
774 904
774 905
774 906
774 907
774 908
774 909
774 910
774 911
774 912
774 913
774 914
774 915
774 916
774 917
774 918
774 919
774 920
774 921
774 922
774 923
774 924
774 925
774 926
774 927
775 900
775 901
775 902
775 903
775 904
775 905
775 906
775 907
775 908
775 909
775 910
775 911
775 912
775 913
775 914
775 915
775 916
775 917
775 918
775 919
775 920
775 921
775 922
775 923
775 924
775 925
775 926
775 927
776 900
776 901
776 902
776 903
776 904
776 905
776 906
776 907
776 908
776 909
776 910
776 911
776 912
776 913
776 914
776 915
776 916
776 917
776 918
776 919
776 920
776 921
776 922
776 923
776 924
776 925
776 926
776 927
777 900
777 901
777 902
777 903
777 904
777 905
777 906
777 907
777 908
777 909
777 910
777 911
777 912
777 913
777 914
777 915
777 916
777 917
777 918
777 919
777 920
777 921
777 922
777 923
777 924
777 925
777 926
777 927
778 900
778 901
778 902
778 903
778 904
778 905
778 906
778 907
778 908
778 909
778 910
778 911
778 912
778 913
778 914
778 915
778 916
778 917
778 918
778 919
778 920
778 921
778 922
778 923
778 924
778 925
778 926
778 927
779 900
779 901
779 902
779 903
779 904
779 905
779 906
779 907
779 908
779 909
779 910
779 911
779 912
779 913
779 914
779 915
779 916
779 917
779 918
779 919
779 920
779 921
779 922
779 923
779 924
779 925
779 926
779 927
780 900
780 901
780 902
780 903
780 904
780 905
780 906
780 907
780 908
780 909
780 910
780 911
780 912
780 913
780 914
780 915
780 916
780 917
780 918
780 919
780 920
780 921
780 922
780 923
780 924
780 925
780 926
780 927
781 900
781 901
781 902
781 903
781 904
781 905
781 906
781 907
781 908
781 909
781 910
781 911
781 912
781 913
781 914
781 915
781 916
781 917
781 918
781 919
781 920
781 921
781 922
781 923
781 924
781 925
781 926
781 927
782 900
782 901
782 902
782 903
782 904
782 905
782 906
782 907
782 908
782 909
782 910
782 911
782 912
782 913
782 914
782 915
782 916
782 917
782 918
782 919
782 920
782 921
782 922
782 923
782 924
782 925
782 926
782 927
783 900
783 901
783 902
783 903
783 904
783 905
783 906
783 907
783 908
783 909
783 910
783 911
783 912
783 913
783 914
783 915
783 916
783 917
783 918
783 919
783 920
783 921
783 922
783 923
783 924
783 925
783 926
783 927
784 900
784 901
784 902
784 903
784 904
784 905
784 906
784 907
784 908
784 909
784 910
784 911
784 912
784 913
784 914
784 915
784 916
784 917
784 918
784 919
784 920
784 921
784 922
784 923
784 924
784 925
784 926
784 927
785 900
785 901
785 902
785 903
785 904
785 905
785 906
785 907
785 908
785 909
785 910
785 911
785 912
785 913
785 914
785 915
785 916
785 917
785 918
785 919
785 920
785 921
785 922
785 923
785 924
785 925
785 926
785 927
786 900
786 901
786 902
786 903
786 904
786 905
786 906
786 907
786 908
786 909
786 910
786 911
786 912
786 913
786 914
786 915
786 916
786 917
786 918
786 919
786 920
786 921
786 922
786 923
786 924
786 925
786 926
786 927
787 513
787 514
787 515
787 516
787 517
787 518
787 519
787 520
787 521
787 522
787 523
787 524
787 525
787 526
787 527
787 528
787 529
787 530
787 531
787 532
787 533
787 534
787 535
787 536
787 537
787 538
787 539
787 540
787 541
787 542
787 543
787 544
787 545
787 546
787 547
787 548
787 549
787 550
787 551
787 552
787 553
787 554
787 555
787 556
787 557
787 558
787 559
787 560
787 561
787 562
787 563
787 564
787 565
787 566
787 567
787 568
787 569
787 570
787 571
787 572
787 573
787 574
787 575
787 576
787 577
787 578
787 579
787 580
787 581
787 582
787 583
787 584
787 585
787 586
787 587
787 588
787 589
787 590
787 591
787 592
787 593
787 594
787 595
787 596
787 597
787 598
787 599
787 600
787 601
787 602
787 603
787 604
787 605
787 606
787 607
787 608
787 609
787 610
787 611
787 612
787 613
787 614
787 615
787 616
787 617
787 618
787 619
787 620
787 621
787 622
787 623
787 624
787 625
787 626
787 627
787 628
787 629
787 630
787 631
787 632
787 633
787 634
787 635
787 636
787 637
787 638
787 639
787 640
787 641
787 642
787 643
787 644
787 645
787 646
787 647
787 648
787 649
787 650
787 651
787 652
787 653
787 654
787 655
787 656
787 657
787 658
787 659
787 660
787 661
787 662
787 663
787 664
787 665
787 666
787 667
787 668
787 669
787 670
787 671
787 672
787 673
787 674
787 675
787 676
787 677
787 678
787 679
787 680
787 681
787 682
787 683
787 684
787 685
787 686
787 687
787 688
787 689
787 690
787 691
787 692
787 693
787 694
787 695
787 696
787 697
787 698
787 699
787 700
787 701
787 702
787 703
787 704
787 705
787 706
787 707
787 708
787 709
787 710
787 711
787 712
787 713
787 714
787 715
787 716
787 717
787 718
787 719
787 720
787 721
787 722
787 723
787 724
787 725
787 726
787 727
787 728
787 729
787 730
787 731
787 732
787 733
787 734
787 735
787 736
787 737
787 738
787 739
787 740
787 741
787 742
787 743
787 744
787 745
787 746
787 747
787 748
787 749
787 750
787 751
787 752
787 753
787 754
787 755
787 756
787 757
787 758
787 759
787 760
787 761
787 762
787 763
787 764
787 765
787 766
787 767
787 768
787 769
787 770
787 771
787 772
787 773
787 774
787 775
787 776
787 777
787 778
787 779
787 780
787 781
787 782
787 783
787 784
787 785
787 786
787 787
787 788
787 789
787 790
787 791
787 792
787 793
787 794
787 795
787 796
787 797
787 798
787 799
787 800
787 801
787 802
787 803
787 804
787 805
787 806
787 807
787 808
787 809
787 810
787 811
787 812
787 813
787 814
787 815
787 816
787 817
787 818
787 819
787 820
787 821
787 822
787 823
787 824
787 825
787 826
787 827
787 828
787 829
787 830
787 831
787 832
787 833
787 834
787 835
787 836
787 837
787 838
787 839
787 840
787 841
787 842
787 843
787 844
787 845
787 846
787 847
787 848
787 849
787 850
787 851
787 852
787 853
787 854
787 855
787 856
787 857
787 858
787 859
787 860
787 861
787 862
787 863
787 864
787 865
787 866
787 867
787 868
787 869
787 870
787 871
787 872
787 873
787 874
787 875
787 876
787 877
787 878
787 879
787 880
787 881
787 882
787 883
787 884
787 885
787 886
787 887
787 888
787 889
787 890
787 891
787 892
787 893
787 894
787 895
787 896
787 897
787 898
787 899
787 900
787 901
787 902
787 903
787 904
787 905
787 906
787 907
787 908
787 909
787 910
787 911
787 912
787 913
787 914
787 915
787 916
787 917
787 918
787 919
787 920
787 921
787 922
787 923
787 924
787 925
787 926
787 927
787 928
787 929
787 930
787 931
787 932
787 933
787 934
787 935
787 936
787 937
787 938
787 939
787 940
787 941
787 942
787 943
787 944
787 945
787 946
787 947
787 948
787 949
787 950
787 951
787 952
787 953
787 954
787 955
787 956
787 957
787 958
787 959
787 960
787 961
787 962
787 963
787 964
787 965
787 966
787 967
787 968
787 969
787 970
787 971
787 972
787 973
787 974
787 975
787 976
787 977
787 978
787 979
787 980
787 981
787 982
787 983
787 984
787 985
787 986
787 987
787 988
787 989
787 990
787 991
787 992
787 993
787 994
787 995
787 996
787 997
787 998
787 999
787 1000
787 1001
787 1002
787 1003
787 1004
787 1005
787 1006
787 1007
787 1008
787 1009
787 1010
787 1011
787 1012
787 1013
787 1014
787 1015
787 1016
787 1017
787 1018
787 1019
787 1020
787 1021
787 1022
787 1023
860 795
861 795
938 769
938 770
938 771
938 772
938 773
938 774
938 775
938 776
938 777
938 778
939 769
939 770
939 771
939 772
939 773
939 774
939 775
939 776
939 777
939 778
939 779
939 780
939 781
939 782
939 783
939 784
939 785
939 786
939 787
939 788
939 789
939 790
939 791
939 792
939 793
939 794
939 795
939 796
939 797
939 798
939 799
939 800
939 801
939 802
939 803
939 804
939 805
939 806
939 807
939 808
939 809
939 810
939 811
939 812
939 813
939 814
939 815
939 816
939 817
939 818
939 819
939 820
939 821
939 822
939 823
939 824
939 825
939 826
939 827
939 828
939 829
939 830
939 831
939 832
939 833
939 834
939 835
939 836
939 837
939 838
939 839
939 840
939 841
939 842
939 843
939 844
939 845
939 846
939 847
939 848
939 849
939 850
939 851
939 852
939 853
939 854
939 855
939 856
939 857
939 858
939 859
939 860
939 861
939 862
939 863
939 864
939 865
939 866
939 867
939 868
939 869
939 870
939 871
939 872
939 873
939 874
939 875
939 876
939 877
939 878
939 879
939 880
939 881
939 882
939 883
939 884
939 885
939 886
939 887
939 888
939 889
939 890
939 891
939 892
939 893
939 894
939 895
939 896
939 897
939 898
939 899
939 900
939 901
939 902
939 903
939 904
939 905
939 906
939 907
939 908
939 909
939 910
939 911
939 912
939 913
939 914
939 915
939 916
939 917
939 918
939 919
939 920
939 921
939 922
939 923
939 924
939 925
939 926
939 927
939 928
939 929
939 930
939 931
939 932
939 933
939 934
939 935
939 936
939 937
939 938
939 939
939 940
939 941
939 942
939 943
939 944
939 945
939 946
939 947
939 948
939 949
939 950
939 951
939 952
939 953
939 954
939 955
939 956
939 957
939 958
939 959
939 960
939 961
939 962
939 963
939 964
939 965
939 966
939 967
939 968
939 969
939 970
939 971
939 972
939 973
939 974
939 975
939 976
939 977
939 978
939 979
939 980
939 981
939 982
939 983
939 984
939 985
939 986
939 987
939 988
939 989
939 990
939 991
939 992
939 993
939 994
939 995
939 996
939 997
939 998
939 999
939 1000
939 1001
939 1002
939 1003
939 1004
939 1005
939 1006
939 1007
939 1008
939 1009
939 1010
939 1011
939 1012
939 1013
939 1014
939 1015
939 1016
939 1017
939 1018
939 1019
939 1020
939 1021
939 1022
939 1023
940 769
940 770
940 771
940 772
940 773
940 774
940 775
940 776
940 777
940 778
